##
#  file: HodoParam_0
#  date: 2016.06.15
#  note: TDC calibration
#
#
#######################################################################
# CId   PlId    SegId   AorT    UorD    p0      p1
#
#########################################################
# BH1 Adc Up                                            #
#########################################################
1	0	0	0	0	153.170	500.7468615
1	0	1	0	0	126.477	613.0802558
1	0	2	0	0	123.759	499.6577692
1	0	3	0	0	171.939	482.9096862
1	0	4	0	0	138.292	438.2871161
1	0	5	0	0	112.548	423.4799266
1	0	6	0	0	147.680	418.8317210
1	0	7	0	0	129.732	375.9508057
1	0	8	0	0	138.779	506.2107073
1	0	9	0	0	163.930	688.2323692
1	0	10	0	0	146.840	600.0027104
#########################################################
# BH1 Adc Down                                          #
#########################################################
1	0	0	0	1	127.825	510.5250965
1	0	1	0	1	122.984	559.2939282
1	0	2	0	1	94.719	434.6555501
1	0	3	0	1	144.628	501.2192433
1	0	4	0	1	142.936	239.3852271
1	0	5	0	1	128.843	387.1153278
1	0	6	0	1	157.626	433.7351552
1	0	7	0	1	159.590	298.3158392
1	0	8	0	1	110.288	616.9537273
1	0	9	0	1	133.792	455.7816511
1	0	10	0	1	136.754	467.0321802
#########################################################
# BH1 Tdc Up                                            #
#########################################################
1	0	0	1	0	830.937	0.0350171
1	0	1	1	0	827.237	0.0369489
1	0	2	1	0	578.001	0.0371270
1	0	3	1	0	631.300	0.0371511
1	0	4	1	0	549.410	0.0370966
1	0	5	1	0	506.509	0.0374825
1	0	6	1	0	512.965	0.0377713
1	0	7	1	0	570.864	0.0363072
1	0	8	1	0	510.724	0.0361815
1	0	9	1	0	794.000	0.0362455
1	0	10	1	0	2144.777	0.0363163
#########################################################
# BH1 Tdc Down                                          #
#########################################################
1	0	0	1	1	853.063	0.0358066
1	0	1	1	1	627.786	0.0373397
1	0	2	1	1	613.772	0.0370401
1	0	3	1	1	655.309	0.0362260
1	0	4	1	1	555.562	0.0370797
1	0	5	1	1	707.423	0.0370281
1	0	6	1	1	708.184	0.0374740
1	0	7	1	1	727.043	0.0358984
1	0	8	1	1	721.654	0.0369881
1	0	9	1	1	917.178	0.0358860
1	0	10	1	1	947.709	0.0353447
#########################################################
# BH2 Adc Up                                            #
#########################################################
2	0	0	0	0	184.482	701.0135817
#########################################################
# BH2 Adc Down                                          #
#########################################################
2	0	0	0	1	192.558	713.0240685
#########################################################
# BH2 Tdc Up                                            #
#########################################################
2	0	0	1	0	403.475	0.0373122
#########################################################
# BH2 Tdc Down                                          #
#########################################################
2	0	0	1	1	414.046	0.0369425
#########################################################
# BH2 cable offset                                      #
#########################################################
2       0       0       1       2       0.0000  1.0000
#########################################################
# BAC Adc                                               #
#########################################################
3       0       0       0       0       100.00  700.00
3       0       1       0       0       100.00  700.00
#########################################################
# BAC Tdc                                               #
#########################################################
3       0       0       1       0       700.00  0.0378351
3       0       1       1       0       700.00  0.037936
#########################################################
# FBH Tdc Up                                            #
#########################################################
4	0	0	1	0	674.562	1.0000
4	0	1	1	0	674.341	1.0000
4	0	2	1	0	674.257	1.0000
4	0	3	1	0	675.105	1.0000
4	0	4	1	0	673.864	1.0000
4	0	5	1	0	674.180	1.0000
4	0	6	1	0	674.696	1.0000
4	0	7	1	0	674.637	1.0000
4	0	8	1	0	673.720	1.0000
4	0	9	1	0	671.974	1.0000
4	0	10	1	0	673.701	1.0000
4	0	11	1	0	673.611	1.0000
4	0	12	1	0	673.426	1.0000
4	0	13	1	0	674.287	1.0000
4	0	14	1	0	673.775	1.0000
4	0	15	1	0	673.744	1.0000
#########################################################
# FBH Tdc Down                                          #
#########################################################
4	0	0	1	1	674.562	1.0000
4	0	1	1	1	674.341	1.0000
4	0	2	1	1	674.257	1.0000
4	0	3	1	1	675.105	1.0000
4	0	4	1	1	673.864	1.0000
4	0	5	1	1	674.180	1.0000
4	0	6	1	1	674.696	1.0000
4	0	7	1	1	674.637	1.0000
4	0	8	1	1	673.720	1.0000
4	0	9	1	1	671.974	1.0000
4	0	10	1	1	673.701	1.0000
4	0	11	1	1	673.611	1.0000
4	0	12	1	1	673.426	1.0000
4	0	13	1	1	674.287	1.0000
4	0	14	1	1	673.775	1.0000
4	0	15	1	1	673.744	1.0000
#########################################################
# PVAC Adc                                              #
#########################################################
5       0       0       0       0       100.00  700.00
#########################################################
# PVAC Tdc                                              #
#########################################################
5       0       0       1       0       700.00  0.0367654
#########################################################
# FAC Adc                                               #
#########################################################
6       0       0       0       0       100.00  700.00
#########################################################
# FAC Tdc                                               #
#########################################################
6       0       0       1       0       700.00  0.0372206
#########################################################
# SCH Tdc                                               #
#########################################################
7	0	0	1	0	655.620	1.0000
7	0	1	1	0	654.785	1.0000
7	0	2	1	0	656.113	1.0000
7	0	3	1	0	655.699	1.0000
7	0	4	1	0	654.848	1.0000
7	0	5	1	0	654.955	1.0000
7	0	6	1	0	658.069	1.0000
7	0	7	1	0	657.086	1.0000
7	0	8	1	0	658.860	1.0000
7	0	9	1	0	657.605	1.0000
7	0	10	1	0	657.972	1.0000
7	0	11	1	0	656.716	1.0000
7	0	12	1	0	655.579	1.0000
7	0	13	1	0	653.706	1.0000
7	0	14	1	0	654.736	1.0000
7	0	15	1	0	653.211	1.0000
7	0	16	1	0	655.722	1.0000
7	0	17	1	0	655.143	1.0000
7	0	18	1	0	655.353	1.0000
7	0	19	1	0	654.664	1.0000
7	0	20	1	0	654.946	1.0000
7	0	21	1	0	654.903	1.0000
7	0	22	1	0	657.251	1.0000
7	0	23	1	0	656.676	1.0000
7	0	24	1	0	656.921	1.0000
7	0	25	1	0	656.123	1.0000
7	0	26	1	0	655.919	1.0000
7	0	27	1	0	655.064	1.0000
7	0	28	1	0	654.711	1.0000
7	0	29	1	0	654.062	1.0000
7	0	30	1	0	653.550	1.0000
7	0	31	1	0	652.144	1.0000
7	0	32	1	0	657.377	1.0000
7	0	33	1	0	656.496	1.0000
7	0	34	1	0	657.250	1.0000
7	0	35	1	0	657.403	1.0000
7	0	36	1	0	657.275	1.0000
7	0	37	1	0	656.660	1.0000
7	0	38	1	0	659.533	1.0000
7	0	39	1	0	657.673	1.0000
7	0	40	1	0	658.596	1.0000
7	0	41	1	0	656.251	1.0000
7	0	42	1	0	657.773	1.0000
7	0	43	1	0	655.739	1.0000
7	0	44	1	0	654.309	1.0000
7	0	45	1	0	654.306	1.0000
7	0	46	1	0	654.016	1.0000
7	0	47	1	0	652.521	1.0000
7	0	48	1	0	656.621	1.0000
7	0	49	1	0	654.795	1.0000
7	0	50	1	0	655.710	1.0000
7	0	51	1	0	655.760	1.0000
7	0	52	1	0	655.268	1.0000
7	0	53	1	0	656.654	1.0000
7	0	54	1	0	658.008	1.0000
7	0	55	1	0	657.638	1.0000
7	0	56	1	0	657.175	1.0000
7	0	57	1	0	654.648	1.0000
7	0	58	1	0	655.917	1.0000
7	0	59	1	0	655.943	1.0000
7	0	60	1	0	655.487	1.0000
7	0	61	1	0	655.184	1.0000
7	0	62	1	0	657.619	1.0000
7	0	63	1	0	652.288	1.0000
#########################################################
# TOF Adc Up                                            #
#########################################################
8	0	0	0	0	120.108	1150.1905386
8	0	1	0	0	164.878	1110.6899623
8	0	2	0	0	118.233	1042.4593986
8	0	3	0	0	103.180	612.5313542
8	0	4	0	0	117.483	1176.0755327
8	0	5	0	0	115.219	1113.6716623
8	0	6	0	0	104.211	1195.3880748
8	0	7	0	0	93.762	1185.4340145
8	0	8	0	0	98.671	922.8153220
8	0	9	0	0	91.140	1103.3081837
8	0	10	0	0	101.003	1083.7978456
8	0	11	0	0	120.400	1090.0171830
8	0	12	0	0	108.863	1150.0000000
8	0	13	0	0	100.377	1209.8035067
8	0	14	0	0	93.862	1299.3810473
8	0	15	0	0	86.016	1087.2700122
8	0	16	0	0	88.720	1102.1507619
8	0	17	0	0	84.778	1160.0000000
8	0	18	0	0	103.026	1053.6662395
8	0	19	0	0	86.556	1310.7552086
8	0	20	0	0	112.648	1080.3352002
8	0	21	0	0	85.022	1168.9588398
8	0	22	0	0	83.390	1253.0093269
8	0	23	0	0	100.480	1156.9261367
#########################################################
# TOF Adc Down                                          #
#########################################################
8	0	0	0	1	136.021	1082.4232497
8	0	1	0	1	116.944	1035.4341987
8	0	2	0	1	94.125	1464.3822209
8	0	3	0	1	109.036	912.5907061
8	0	4	0	1	90.567	1015.3442203
8	0	5	0	1	72.577	1198.6485359
8	0	6	0	1	83.651	993.5777408
8	0	7	0	1	101.669	1168.0597501
8	0	8	0	1	89.006	886.4251862
8	0	9	0	1	79.471	942.3602668
8	0	10	0	1	108.323	979.1544420
8	0	11	0	1	82.702	905.1779383
8	0	12	0	1	81.586	1030.8436048
8	0	13	0	1	91.552	1062.2438816
8	0	14	0	1	72.367	1012.2888218
8	0	15	0	1	96.439	1055.1830364
8	0	16	0	1	88.766	1187.1855002
8	0	17	0	1	68.735	1065.2442673
8	0	18	0	1	110.459	1115.9120193
8	0	19	0	1	54.253	1162.0418288
8	0	20	0	1	74.057	1000.0000000
8	0	21	0	1	57.050	1100.0000000
8	0	22	0	1	79.503	1078.0000000
8	0	23	0	1	84.760	1188.0000000
#########################################################
# TOF Tdc Up                                            #
#########################################################
8	0	0	1	0	187.472	0.0359635
8	0	1	1	0	199.755	0.0376975
8	0	2	1	0	227.140	0.0366926
8	0	3	1	0	86.975	0.0384747
8	0	4	1	0	123.266	0.0381912
8	0	5	1	0	164.792	0.0360265
8	0	6	1	0	246.712	0.0372921
8	0	7	1	0	177.143	0.0360393
8	0	8	1	0	223.729	0.0362141
8	0	9	1	0	224.636	0.0366947
8	0	10	1	0	203.409	0.0354704
8	0	11	1	0	259.024	0.0358955
8	0	12	1	0	239.946	0.0375408
8	0	13	1	0	182.138	0.0379835
8	0	14	1	0	334.381	0.0369105
8	0	15	1	0	242.088	0.0364363
8	0	16	1	0	327.953	0.0370827
8	0	17	1	0	252.099	0.0364045
8	0	18	1	0	384.770	0.0367035
8	0	19	1	0	206.290	0.0381665
8	0	20	1	0	304.338	0.0380630
8	0	21	1	0	327.098	0.0366858
8	0	22	1	0	292.130	0.0365514
8	0	23	1	0	298.585	0.0366392
#########################################################
# TOF Tdc Down                                          #
#########################################################
8	0	0	1	1	168.582	0.0366338
8	0	1	1	1	153.501	0.0366964
8	0	2	1	1	244.445	0.0364120
8	0	3	1	1	201.755	0.0367904
8	0	4	1	1	192.096	0.0369847
8	0	5	1	1	189.827	0.0366622
8	0	6	1	1	235.817	0.0365852
8	0	7	1	1	149.917	0.0365835
8	0	8	1	1	166.472	0.0370811
8	0	9	1	1	198.036	0.0365879
8	0	10	1	1	228.527	0.0365447
8	0	11	1	1	200.055	0.0369319
8	0	12	1	1	188.156	0.0369111
8	0	13	1	1	209.437	0.0363976
8	0	14	1	1	206.410	0.0366817
8	0	15	1	1	196.804	0.0363325
8	0	16	1	1	303.127	0.0369948
8	0	17	1	1	315.401	0.0363123
8	0	18	1	1	321.747	0.0365024
8	0	19	1	1	295.787	0.0364443
8	0	20	1	1	227.652	0.0370977
8	0	21	1	1	379.152	0.0368422
8	0	22	1	1	299.017	0.0368949
8	0	23	1	1	406.281	0.0362808
#########################################################
# BFT-U Tdc                                             #
#########################################################
110	0	0	1	0	741.461	1.0000
110	0	1	1	0	741.461	1.0000
110	0	2	1	0	741.461	1.0000
110	0	3	1	0	743.990	1.0000
110	0	4	1	0	741.262	1.0000
110	0	5	1	0	742.884	1.0000
110	0	6	1	0	740.971	1.0000
110	0	7	1	0	743.432	1.0000
110	0	8	1	0	741.322	1.0000
110	0	9	1	0	743.094	1.0000
110	0	10	1	0	741.655	1.0000
110	0	11	1	0	744.026	1.0000
110	0	12	1	0	741.372	1.0000
110	0	13	1	0	743.929	1.0000
110	0	14	1	0	741.554	1.0000
110	0	15	1	0	744.068	1.0000
110	0	16	1	0	742.028	1.0000
110	0	17	1	0	744.962	1.0000
110	0	18	1	0	741.806	1.0000
110	0	19	1	0	743.905	1.0000
110	0	20	1	0	741.492	1.0000
110	0	21	1	0	744.113	1.0000
110	0	22	1	0	741.126	1.0000
110	0	23	1	0	743.328	1.0000
110	0	24	1	0	743.423	1.0000
110	0	25	1	0	744.519	1.0000
110	0	26	1	0	741.064	1.0000
110	0	27	1	0	743.104	1.0000
110	0	28	1	0	741.440	1.0000
110	0	29	1	0	744.446	1.0000
110	0	30	1	0	742.209	1.0000
110	0	31	1	0	743.129	1.0000
110	0	32	1	0	742.201	1.0000
110	0	33	1	0	741.893	1.0000
110	0	34	1	0	741.646	1.0000
110	0	35	1	0	743.424	1.0000
110	0	36	1	0	741.983	1.0000
110	0	37	1	0	744.591	1.0000
110	0	38	1	0	741.140	1.0000
110	0	39	1	0	742.635	1.0000
110	0	40	1	0	741.096	1.0000
110	0	41	1	0	743.760	1.0000
110	0	42	1	0	740.826	1.0000
110	0	43	1	0	743.267	1.0000
110	0	44	1	0	740.902	1.0000
110	0	45	1	0	743.960	1.0000
110	0	46	1	0	741.554	1.0000
110	0	47	1	0	743.256	1.0000
110	0	48	1	0	741.861	1.0000
110	0	49	1	0	744.728	1.0000
110	0	50	1	0	741.204	1.0000
110	0	51	1	0	743.217	1.0000
110	0	52	1	0	741.037	1.0000
110	0	53	1	0	743.286	1.0000
110	0	54	1	0	740.123	1.0000
110	0	55	1	0	742.824	1.0000
110	0	56	1	0	741.855	1.0000
110	0	57	1	0	744.255	1.0000
110	0	58	1	0	739.483	1.0000
110	0	59	1	0	743.038	1.0000
110	0	60	1	0	740.142	1.0000
110	0	61	1	0	742.429	1.0000
110	0	62	1	0	740.187	1.0000
110	0	63	1	0	742.750	1.0000
110	0	64	1	0	739.621	1.0000
110	0	65	1	0	740.421	1.0000
110	0	66	1	0	739.103	1.0000
110	0	67	1	0	739.853	1.0000
110	0	68	1	0	739.262	1.0000
110	0	69	1	0	740.645	1.0000
110	0	70	1	0	740.138	1.0000
110	0	71	1	0	741.532	1.0000
110	0	72	1	0	739.446	1.0000
110	0	73	1	0	740.256	1.0000
110	0	74	1	0	740.753	1.0000
110	0	75	1	0	741.427	1.0000
110	0	76	1	0	740.257	1.0000
110	0	77	1	0	741.170	1.0000
110	0	78	1	0	739.891	1.0000
110	0	79	1	0	741.233	1.0000
110	0	80	1	0	741.701	1.0000
110	0	81	1	0	741.812	1.0000
110	0	82	1	0	741.110	1.0000
110	0	83	1	0	741.559	1.0000
110	0	84	1	0	741.263	1.0000
110	0	85	1	0	742.257	1.0000
110	0	86	1	0	741.191	1.0000
110	0	87	1	0	741.710	1.0000
110	0	88	1	0	741.911	1.0000
110	0	89	1	0	742.205	1.0000
110	0	90	1	0	741.215	1.0000
110	0	91	1	0	741.739	1.0000
110	0	92	1	0	742.766	1.0000
110	0	93	1	0	742.761	1.0000
110	0	94	1	0	740.052	1.0000
110	0	95	1	0	741.352	1.0000
110	0	96	1	0	741.417	1.0000
110	0	97	1	0	741.823	1.0000
110	0	98	1	0	740.277	1.0000
110	0	99	1	0	740.711	1.0000
110	0	100	1	0	742.103	1.0000
110	0	101	1	0	742.045	1.0000
110	0	102	1	0	739.926	1.0000
110	0	103	1	0	740.892	1.0000
110	0	104	1	0	740.216	1.0000
110	0	105	1	0	741.293	1.0000
110	0	106	1	0	740.879	1.0000
110	0	107	1	0	741.006	1.0000
110	0	108	1	0	740.500	1.0000
110	0	109	1	0	741.479	1.0000
110	0	110	1	0	739.931	1.0000
110	0	111	1	0	740.870	1.0000
110	0	112	1	0	741.137	1.0000
110	0	113	1	0	742.816	1.0000
110	0	114	1	0	740.750	1.0000
110	0	115	1	0	740.481	1.0000
110	0	116	1	0	741.318	1.0000
110	0	117	1	0	741.545	1.0000
110	0	118	1	0	740.310	1.0000
110	0	119	1	0	740.210	1.0000
110	0	120	1	0	741.011	1.0000
110	0	121	1	0	740.886	1.0000
110	0	122	1	0	739.959	1.0000
110	0	123	1	0	739.885	1.0000
110	0	124	1	0	740.924	1.0000
110	0	125	1	0	738.348	1.0000
110	0	126	1	0	739.972	1.0000
110	0	127	1	0	739.927	1.0000
110	0	128	1	0	741.951	1.0000
110	0	129	1	0	740.432	1.0000
110	0	130	1	0	740.170	1.0000
110	0	131	1	0	739.567	1.0000
110	0	132	1	0	742.050	1.0000
110	0	133	1	0	742.124	1.0000
110	0	134	1	0	740.060	1.0000
110	0	135	1	0	739.887	1.0000
110	0	136	1	0	740.774	1.0000
110	0	137	1	0	740.736	1.0000
110	0	138	1	0	740.485	1.0000
110	0	139	1	0	740.745	1.0000
110	0	140	1	0	741.470	1.0000
110	0	141	1	0	739.706	1.0000
110	0	142	1	0	740.917	1.0000
110	0	143	1	0	740.740	1.0000
110	0	144	1	0	742.133	1.0000
110	0	145	1	0	742.153	1.0000
110	0	146	1	0	741.550	1.0000
110	0	147	1	0	741.454	1.0000
110	0	148	1	0	741.020	1.0000
110	0	149	1	0	740.725	1.0000
110	0	150	1	0	741.504	1.0000
110	0	151	1	0	741.388	1.0000
110	0	152	1	0	741.352	1.0000
110	0	153	1	0	740.632	1.0000
110	0	154	1	0	741.890	1.0000
110	0	155	1	0	739.823	1.0000
110	0	156	1	0	740.148	1.0000
110	0	157	1	0	739.551	1.0000
110	0	158	1	0	741.624	1.0000
110	0	159	1	0	740.227	1.0000
#########################################################
# BFT-D Tdc                                             #
#########################################################
110	1	0	1	0	740.813	1.0000
110	1	1	1	0	740.813	1.0000
110	1	2	1	0	740.813	1.0000
110	1	3	1	0	740.813	1.0000
110	1	4	1	0	739.058	1.0000
110	1	5	1	0	740.931	1.0000
110	1	6	1	0	739.623	1.0000
110	1	7	1	0	741.243	1.0000
110	1	8	1	0	739.496	1.0000
110	1	9	1	0	741.154	1.0000
110	1	10	1	0	740.679	1.0000
110	1	11	1	0	742.776	1.0000
110	1	12	1	0	740.379	1.0000
110	1	13	1	0	741.863	1.0000
110	1	14	1	0	740.338	1.0000
110	1	15	1	0	741.702	1.0000
110	1	16	1	0	741.367	1.0000
110	1	17	1	0	742.323	1.0000
110	1	18	1	0	741.486	1.0000
110	1	19	1	0	742.137	1.0000
110	1	20	1	0	741.762	1.0000
110	1	21	1	0	742.138	1.0000
110	1	22	1	0	740.404	1.0000
110	1	23	1	0	741.430	1.0000
110	1	24	1	0	741.730	1.0000
110	1	25	1	0	742.395	1.0000
110	1	26	1	0	740.556	1.0000
110	1	27	1	0	742.261	1.0000
110	1	28	1	0	742.030	1.0000
110	1	29	1	0	742.374	1.0000
110	1	30	1	0	739.823	1.0000
110	1	31	1	0	741.675	1.0000
110	1	32	1	0	741.104	1.0000
110	1	33	1	0	740.679	1.0000
110	1	34	1	0	740.755	1.0000
110	1	35	1	0	742.143	1.0000
110	1	36	1	0	740.710	1.0000
110	1	37	1	0	741.496	1.0000
110	1	38	1	0	740.167	1.0000
110	1	39	1	0	741.694	1.0000
110	1	40	1	0	740.230	1.0000
110	1	41	1	0	741.484	1.0000
110	1	42	1	0	739.351	1.0000
110	1	43	1	0	741.151	1.0000
110	1	44	1	0	740.112	1.0000
110	1	45	1	0	741.616	1.0000
110	1	46	1	0	739.843	1.0000
110	1	47	1	0	741.452	1.0000
110	1	48	1	0	741.893	1.0000
110	1	49	1	0	742.201	1.0000
110	1	50	1	0	739.538	1.0000
110	1	51	1	0	740.978	1.0000
110	1	52	1	0	740.282	1.0000
110	1	53	1	0	741.562	1.0000
110	1	54	1	0	739.983	1.0000
110	1	55	1	0	741.028	1.0000
110	1	56	1	0	740.682	1.0000
110	1	57	1	0	742.023	1.0000
110	1	58	1	0	739.978	1.0000
110	1	59	1	0	740.855	1.0000
110	1	60	1	0	740.257	1.0000
110	1	61	1	0	741.089	1.0000
110	1	62	1	0	739.500	1.0000
110	1	63	1	0	740.833	1.0000
110	1	64	1	0	739.763	1.0000
110	1	65	1	0	739.877	1.0000
110	1	66	1	0	739.291	1.0000
110	1	67	1	0	739.873	1.0000
110	1	68	1	0	739.206	1.0000
110	1	69	1	0	739.312	1.0000
110	1	70	1	0	740.612	1.0000
110	1	71	1	0	741.362	1.0000
110	1	72	1	0	739.781	1.0000
110	1	73	1	0	740.749	1.0000
110	1	74	1	0	740.167	1.0000
110	1	75	1	0	741.876	1.0000
110	1	76	1	0	740.924	1.0000
110	1	77	1	0	741.140	1.0000
110	1	78	1	0	740.414	1.0000
110	1	79	1	0	741.584	1.0000
110	1	80	1	0	741.992	1.0000
110	1	81	1	0	740.441	1.0000
110	1	82	1	0	741.398	1.0000
110	1	83	1	0	740.677	1.0000
110	1	84	1	0	740.759	1.0000
110	1	85	1	0	741.354	1.0000
110	1	86	1	0	740.227	1.0000
110	1	87	1	0	740.226	1.0000
110	1	88	1	0	741.922	1.0000
110	1	89	1	0	741.364	1.0000
110	1	90	1	0	740.031	1.0000
110	1	91	1	0	741.001	1.0000
110	1	92	1	0	741.588	1.0000
110	1	93	1	0	742.243	1.0000
110	1	94	1	0	740.301	1.0000
110	1	95	1	0	741.045	1.0000
110	1	96	1	0	740.926	1.0000
110	1	97	1	0	741.064	1.0000
110	1	98	1	0	740.536	1.0000
110	1	99	1	0	740.712	1.0000
110	1	100	1	0	741.455	1.0000
110	1	101	1	0	741.403	1.0000
110	1	102	1	0	739.895	1.0000
110	1	103	1	0	740.300	1.0000
110	1	104	1	0	740.900	1.0000
110	1	105	1	0	741.201	1.0000
110	1	106	1	0	740.428	1.0000
110	1	107	1	0	740.296	1.0000
110	1	108	1	0	741.641	1.0000
110	1	109	1	0	740.652	1.0000
110	1	110	1	0	739.888	1.0000
110	1	111	1	0	740.477	1.0000
110	1	112	1	0	741.922	1.0000
110	1	113	1	0	741.946	1.0000
110	1	114	1	0	740.598	1.0000
110	1	115	1	0	740.629	1.0000
110	1	116	1	0	740.580	1.0000
110	1	117	1	0	741.110	1.0000
110	1	118	1	0	738.898	1.0000
110	1	119	1	0	739.823	1.0000
110	1	120	1	0	741.084	1.0000
110	1	121	1	0	741.646	1.0000
110	1	122	1	0	739.876	1.0000
110	1	123	1	0	740.079	1.0000
110	1	124	1	0	739.983	1.0000
110	1	125	1	0	740.692	1.0000
110	1	126	1	0	739.091	1.0000
110	1	127	1	0	739.754	1.0000
110	1	128	1	0	740.420	1.0000
110	1	129	1	0	740.488	1.0000
110	1	130	1	0	738.558	1.0000
110	1	131	1	0	739.207	1.0000
110	1	132	1	0	740.642	1.0000
110	1	133	1	0	740.374	1.0000
110	1	134	1	0	739.696	1.0000
110	1	135	1	0	739.386	1.0000
110	1	136	1	0	740.267	1.0000
110	1	137	1	0	739.816	1.0000
110	1	138	1	0	740.153	1.0000
110	1	139	1	0	740.531	1.0000
110	1	140	1	0	739.390	1.0000
110	1	141	1	0	739.378	1.0000
110	1	142	1	0	740.263	1.0000
110	1	143	1	0	740.991	1.0000
110	1	144	1	0	739.580	1.0000
110	1	145	1	0	740.181	1.0000
110	1	146	1	0	740.364	1.0000
110	1	147	1	0	740.435	1.0000
110	1	148	1	0	738.693	1.0000
110	1	149	1	0	739.463	1.0000
110	1	150	1	0	739.891	1.0000
110	1	151	1	0	740.272	1.0000
110	1	152	1	0	739.117	1.0000
110	1	153	1	0	739.585	1.0000
110	1	154	1	0	739.991	1.0000
110	1	155	1	0	740.254	1.0000
110	1	156	1	0	738.827	1.0000
110	1	157	1	0	739.528	1.0000
110	1	158	1	0	739.692	1.0000
110	1	159	1	0	740.245	1.0000
#########################################################
# SSDT Adc (Dummy)                                      #
#########################################################
119     0       0       0       0       100.00  700.00
119     0       1       0       0       100.00  700.00
119     0       2       0       0       100.00  700.00
119     0       3       0       0       100.00  700.00
#########################################################
# SSDT Tdc                                              #
#########################################################
119     0       0       1       0       700.00  0.035
119     0       1       1       0       700.00  0.035
119     0       2       1       0       700.00  0.035
119     0       3       1       0       700.00  0.035
