# HodoParam.02024-02025
#
#   2012/02/04  BH1/BH2-ADC/TDC parameters were updated (moritsu)
#   2012/06/07  BH1/BH2/TOF/LC/AC1/RC-TDC p1 were updated (kanatsuki)
#
#
# CId	PlId	SegId	AorT	UorD	p0	p1
#
# BH1 Adc Up
#
 3      0       0       0       0       90.56   329.9
 3      0       1       0       0       92.8    426.2
 3      0       2       0       0       89.27   335.3
 3      0       3       0       0       89.31   324.4
 3      0       4       0       0       98.6    323.8
 3      0       5       0       0       98.41   316.4
 3      0       6       0       0       94.16   288.7
 3      0       7       0       0       98.15   280.4
 3      0       8       0       0       97.94   362.9
 3      0       9       0       0       73.22   459.1
 3      0       10      0       0       87.95   410.5
#
# BH1 Adc Down
#
 3      0       0       0       1       91.91   409.2
 3      0       1       0       1       84.7    403.1
 3      0       2       0       1       83.14   335.2
 3      0       3       0       1       85.31   327.4
 3      0       4       0       1       92.54   237.5
 3      0       5       0       1       102.7   324.9
 3      0       6       0       1       98.93   358.
 3      0       7       0       1       84.27   197.2
 3      0       8       0       1       97.86   436.6
 3      0       9       0       1       102.6   327.8
 3      0       10      0       1       86.11   316.6
#
# BH1 Tdc Up
#
 3      0       0       1       0       649.03  0.0269764
 3      0       1       1       0       668.8   0.02604
 3      0       2       1       0       550.7   0.0262544 
 3      0       3       1       0       642.47  0.0267923
 3      0       4       1       0       540.72  0.0260837
 3      0       5       1       0       449.63  0.0262596
 3      0       6       1       0       504.6   0.0260426
 3      0       7       1       0       549.4   0.0260032 
 3      0       8       1       0       503.89  0.0258626
 3      0       9       1       0       495.61  0.0263762
 3      0       10      1       0       521.71  0.0257476
#
# BH1 Tdc Down
#
 3      0       0       1       1       670.    0.0262919
 3      0       1       1       1       602.65  0.0261177 
 3      0       2       1       1       584.1   0.0262357 
 3      0       3       1       1       667.73  0.0256572
 3      0       4       1       1       529.79  0.0258217
 3      0       5       1       1       721.72  0.0262504
 3      0       6       1       1       781.34  0.0261841
 3      0       7       1       1       729.27  0.026671
 3      0       8       1       1       816.03  0.0261899
 3      0       9       1       1       747.54  0.0261076
 3      0       10      1       1       730.19  0.0260247
#
# BH2 Adc Up
#
 4      0       0       0       0       86.68   484.1
 4      0       1       0       0       79.73   467.
 4      0       2       0       0       85.96   471.4
 4      0       3       0       0       89.88   454.6
 4      0       4       0       0       78.83   358.6
 4      0       5       0       0       86.38   592.8
 4      0       6       0       0       81.62   477.3
#
# BH2 Adc Down
#
 4      0       0       0       1       87.87   461.
 4      0       1       0       1       83.48   536.6
 4      0       2       0       1       86.65   600.6
 4      0       3       0       1       86.26   421.5
 4      0       4       0       1       88.8    402.8
 4      0       5       0       1       97.6    565.4
 4      0       6       0       1       87.24   289.4
#
# BH2 Tdc Up
#
 4      0       0       1       0       802.82  0.026093
 4      0       1       1       0       710.88  0.0262096
 4      0       2       1       0       816.36  0.0267395
 4      0       3       1       0       743.36  0.0266008
 4      0       4       1       0       656.63  0.027382
 4      0       5       1       0       723.54  0.0267684
 4      0       6       1       0       611.06  0.0267442
#
# BH2 Tdc Down
#
 4      0       0       1       1       610.97  0.0269014
 4      0       1       1       1       428.03  0.0259358
 4      0       2       1       1       588.62  0.0259135 
 4      0       3       1       1       669.28  0.0260001 
 4      0       4       1       1       701.21  0.0258197
 4      0       5       1       1       576.65  0.0262115
 4      0       6       1       1       549.22  0.0272355 
#
# BH2 cable offset
#
 4      0       0       1       2       0.173   1.0
 4      0       1       1       2       0.214   1.0
 4      0       2       1       2       0.19    1.0
 4      0       3       1       2       0.053   1.0
 4      0       4       1       2      -0.027   1.0
 4      0       5       1       2       0.065   1.0
 4      0       6       1       2       0.274   1.0
#
#TOF Adc Up
#
 5	0	0	0	0      116.761   373.496
 5	0	1	0	0      114.183   368.201
 5	0	2	0	0      115.915   355.81 
 5	0	3	0	0      130.638   374.901
 5	0	4	0	0      126.219   356.311
 5	0	5	0	0      122.871   348.319
 5	0	6	0	0      112.926   341.623
 5	0	7	0	0      123.27    347.358
 5	0	8	0	0      127.359   363.86 
 5	0	9	0	0      133.524   366.542
 5	0	10	0	0      127.934   364.535
 5	0	11	0	0      130.516   353.506
 5	0	12	0	0      123.46    367.888
 5	0	13	0	0      128.797   355.406
 5	0	14	0	0      127.334   346.85 
 5	0	15	0	0      138.685   355.986
 5	0	16	0	0      90.9134   330.234
 5	0	17	0	0      95.4017   345.148
 5	0	18	0	0      93.2118   319.294
 5	0	19	0	0      89.1047   351.995
 5	0	20	0	0      86.2188   338.24 
 5	0	21	0	0      81.4928   321.008
 5	0	22	0	0      94.9139   332.751
 5	0	23	0	0      98.7094   333.325
 5	0	24	0	0      87.5074   343.943
 5	0	25	0	0      78.428    321.711
 5	0	26	0	0      88.0788   334.664
 5	0	27	0	0      88.8824   342.147
 5	0	28	0	0      90.3173   341.969
 5	0	29	0	0      100.825   343.993
 5	0	30	0	0      93.3151   339.211	
 5	0	31	0	0      109.474   332.687
#				      						       
#TOF Adc Down			      					       
#				      						       
 5	0	0	0	1      83.0714   344.597
 5	0	1	0	1      87.6096   324.724
 5	0	2	0	1      84.8698   319.929
 5	0	3	0	1      91.5361   310.389
 5	0	4	0	1      94.8013   327.978
 5	0	5	0	1      97.5805   345.289
 5	0	6	0	1      88.7386   348.085
 5	0	7	0	1      87.8375   321.455
 5	0	8	0	1      91.8157   328.89 		
 5	0	9	0	1      93.6415   343.881
 5	0	10	0	1      89.9736   318.113
 5	0	11	0	1      94.8494   326.801
 5	0	12	0	1      97.3328   346.619
 5	0	13	0	1      95.9052   343.71 
 5	0	14	0	1      98.8207   359.868
 5	0	15	0	1      98.5283   378.922
 5	0	16	0	1      91.0125   330.889
 5	0	17	0	1      92.7545   336.513
 5	0	18	0	1      90.8513   340.243
 5	0	19	0	1      93.6377   341.622
 5	0	20	0	1      87.3438   323.988
 5	0	21	0	1      94.5439   346.383
 5	0	22	0	1      102.888   375.786
 5	0	23	0	1      92.6242   326.586
 5	0	24	0	1      104.632   342.692
 5	0	25	0	1      115.748   351.592
 5	0	26	0	1      98.1084   321.611
 5	0	27	0	1      94.942    332.34 
 5	0	28	0	1      106.039   369.338
 5	0	29	0	1      93.4352   334.303
 5	0	30	0	1      103.034   312.844
 5	0	31	0	1      113.403   350.958	
#
#TOF Tdc Up
#
 5	0	0	1	0     1088.73       0.0260168
 5	0	1	1	0     1148.31	    0.0265315 
 5	0	2	1	0     1068.78	    0.0267889
 5	0	3	1	0     1126.69	    0.0265055
 5	0	4	1	0     1078.95	    0.0264985
 5	0	5	1	0     958.234	    0.0266701
 5	0	6	1	0     988.244	    0.0268451
 5	0	7	1	0     969.555	    0.0265875
 5	0	8	1	0     971.558	    0.0268261
 5	0	9	1	0     1009.41	    0.0265292
 5	0	10	1	0     843.514	    0.0269399
 5	0	11	1	0     950.754	    0.0270591
 5	0	12	1	0     935.772	    0.0265537
 5	0	13	1	0     943.883	    0.0269101
 5	0	14	1	0     939.516	    0.0264777
 5	0	15	1	0     876.859	    0.0270321
 5	0	16	1	0     1261.38	    0.0263508
 5	0	17	1	0     1261.28	    0.0266856
 5	0	18	1	0     1297.75	    0.0263577
 5	0	19	1	0     1104.8 	    0.0263064
 5	0	20	1	0     1293.2 	    0.0265319
 5	0	21	1	0     1164.04	    0.0264706
 5	0	22	1	0     1233.84	    0.0266197
 5	0	23	1	0     1217.94	    0.026072
 5	0	24	1	0     1109.03	    0.0264506
 5	0	25	1	0     1071.37	    0.027302
 5	0	26	1	0     1053.63	    0.0259544
 5	0	27	1	0     1171.37	    0.0259333
 5	0	28	1	0     1245.79	    0.0269397
 5	0	29	1	0     1059.23	    0.026236
 5	0	30	1	0     1101.14	    0.0261441
 5	0	31	1	0     1081.78	    0.0265582
#
#TOF Tdc Down
#
 5	0	0	1	1   1067.72        0.0261899
 5	0	1	1	1   1046.89 	   0.0265609
 5	0	2	1	1   1043.32 	   0.0266279
 5	0	3	1	1   1054.74 	   0.0262368
 5	0	4	1	1   961.066 	   0.026006
 5	0	5	1	1   964.044 	   0.026081
 5	0	6	1	1   1010.72 	   0.0258777
 5	0	7	1	1   971.645 	   0.0260411
 5	0	8	1	1   918.848 	   0.0261993
 5	0	9	1	1   991.856 	   0.0262618
 5	0	10	1	1   1077.05 	   0.0259636
 5	0	11	1	1   981.104 	   0.026136
 5	0	12	1	1   973.032 	   0.0261759
 5	0	13	1	1   1074.02 	   0.0255879
 5	0	14	1	1   972.186 	   0.0260669
 5	0	15	1	1   1058.07 	   0.0260319
 5	0	16	1	1   1184.09 	   0.0269797
 5	0	17	1	1   1268.22 	   0.0267713
 5	0	18	1	1   1242.42 	   0.0257108
 5	0	19	1	1   1173.18 	   0.0264633
 5	0	20	1	1   1219.32 	   0.0269316
 5	0	21	1	1   1313.05 	   0.026659
 5	0	22	1	1   1127.56 	   0.0269922
 5	0	23	1	1   1150.96 	   0.0255473
 5	0	24	1	1   1139.8  	   0.0260917
 5	0	25	1	1   1001.79 	   0.0266356
 5	0	26	1	1   1192.97 	   0.0255673
 5	0	27	1	1   1187.41 	   0.0264562
 5	0	28	1	1   1052.65 	   0.0267909
 5	0	29	1	1   1132.39 	   0.0272729
 5	0	30	1	1   1132.23 	   0.0258709
 5	0	31	1	1   1169.08  	   0.0264064
#
#
#LC Adc Up
#
 7	0	0	0	0	120.3     567.5
 7	0	1	0	0	133.6     233.3
 7	0	2	0	0	114.5     828.3
 7	0	3	0	0	122.6     432.3
 7	0	4	0	0	110.6     115.5
 7	0	5	0	0	110.8     325.8
 7	0	6	0	0	119.7     191.3
 7	0	7	0	0	116.1     320.8
 7	0	8	0	0	111.0     441.3
 7	0	9	0	0	115.3     313.6
 7	0	10	0	0	123.8     404.8
 7	0	11	0	0	123.8     575.8
 7	0	12	0	0	118.2     339.6
 7	0	13	0	0	121.6     372.3
 7	0	14	0	0	107.7     253.7
 7	0	15	0	0	107.1     298.8
 7	0	16	0	0	114.3     274.6
 7	0	17	0	0	107.4     228.4
 7	0	18	0	0	98.68     198.9
 7	0	19	0	0	108.7     267.7
 7	0	20	0	0	104.3     263.9
 7	0	21	0	0	112.3     291.2
 7	0	22	0	0	97.98     326.0
 7	0	23	0	0	100.6     298.7
 7	0	24	0	0	92.05     331.2
 7	0	25	0	0	98.10     304.7
 7	0	26	0	0	108.6     336.7
 7	0	27	0	0	107.3     309.3
#
#LC Adc Down
#
 7	0	0	0	1	70.18     285.9
 7	0	1	0	1	79.87     273.9
 7	0	2	0	1	66.14     231.8
 7	0	3	0	1	73.42     585.9
 7	0	4	0	1	64.77     164.0
 7	0	5	0	1	73.44     336.5
 7	0	6	0	1	61.75     392.4
 7	0	7	0	1	80.37     364.6
 7	0	8	0	1	71.26     233.5
 7	0	9	0	1	76.91     364.6
 7	0	10	0	1	66.45     349.7
 7	0	11	0	1	78.37     350.6
 7	0	12	0	1	64.84     295.6
 7	0	13	0	1	71.48     336.2
 7	0	14	0	1	68.48     203.2
 7	0	15	0	1	84.32     231.3
 7	0	16	0	1	79.53     286.3
 7	0	17	0	1	65.77     212.6
 7	0	18	0	1	75.07     182.6
 7	0	19	0	1	73.75     230.6
 7	0	20	0	1	75.53     227.3
 7	0	21	0	1	81.43     241.3
 7	0	22	0	1	78.60     307.1
 7	0	23	0	1	76.79     313.3
 7	0	24	0	1	77.39     322.5
 7	0	25	0	1	91.08     324.4
 7	0	26	0	1	69.30     332.4
 7	0	27	0	1	82.61     235.2
#
#LC Tdc Up
#
 7	0	0	1	0   1190.67      0.0266157
 7	0	1	1	0   1283.93      0.0266304
 7	0	2	1	0   1256.07      0.0266194
 7	0	3	1	0   1189.45      0.0264265
 7	0	4	1	0   1228.64      0.0258589
 7	0	5	1	0   1234.74      0.026432
 7	0	6	1	0   1214.52      0.0264978
 7	0	7	1	0   1060.75      0.0264213
 7	0	8	1	0   1256.19      0.026178
 7	0	9	1	0   1227.63      0.0266126
 7	0	10	1	0   1120.01      0.0267499
 7	0	11	1	0   1165.67      0.0262718
 7	0	12	1	0   1143.93      0.0265237
 7	0	13	1	0   1132.75      0.0265983
 7	0	14	1	0   1880.42      0.026517
 7	0	15	1	0   2070.79      0.0261792
 7	0	16	1	0   1982.96      0.0270128
 7	0	17	1	0   1898.19      0.0260785
 7	0	18	1	0   2012.64      0.0268618
 7	0	19	1	0   1895.48      0.0262778
 7	0	20	1	0   1936.89      0.0258748
 7	0	21	1	0   1840.51      0.0267508
 7	0	22	1	0   1888.8       0.0269259
 7	0	23	1	0   1935         0.0264996
 7	0	24	1	0   1908.83      0.0269716
 7	0	25	1	0   1873.72      0.0265677
 7	0	26	1	0   1837.7       0.0263507
 7	0	27	1	0   2019         0.0264818
#
#LC Tdc Down
#
 7	0	0	1	1  1580.49   0.0268122
 7	0	1	1	1  1645.27   0.0264864
 7	0	2	1	1  1540.4    0.0262316
 7	0	3	1	1  1638.21   0.0254362
 7	0	4	1	1  1490.96   0.0260675
 7	0	5	1	1  1592.84   0.0258375
 7	0	6	1	1  1485.79   0.0261693
 7	0	7	1	1  1485.12   0.0265838
 7	0	8	1	1  1533.73   0.0263453
 7	0	9	1	1  1500.31   0.0261702
 7	0	10	1	1  1430.38   0.0268734
 7	0	11	1	1  1474.79   0.0258442
 7	0	12	1	1  1348.88   0.026804
 7	0	13	1	1  1475.2    0.0262961
 7	0	14	1	1  1790.36   0.0267112
 7	0	15	1	1  1868.61   0.0267112
 7	0	16	1	1  1967.46   0.0270228
 7	0	17	1	1  1925.94   0.0270891
 7	0	18	1	1  1932.96   0.0270642
 7	0	19	1	1  1943.87   0.0262544
 7	0	20	1	1  1740.23   0.0267153
 7	0	21	1	1  1932.49   0.0265944
 7	0	22	1	1  1884.28   0.026944
 7	0	23	1	1  1852.01   0.0269312
 7	0	24	1	1  1938.51   0.0264239
 7	0	25	1	1  1770.55   0.0264021
 7	0	26	1	1  1892.39   0.0263823
 7	0	27	1	1  1798.96   0.0270294
#
#
#AC1 Adc
#
 6	0	0	0	0	76.58     298.4
 6	0	1	0	0	82.66     284.9
 6	0	2	0	0	95.91     277.2
 6	0	3	0	0	74.79     358.6
 6	0	4	0	0	82.21     267.9
 6	0	5	0	0	80.93     235.5
 6	0	6	0	0	82.10     286.6
 6	0	7	0	0	86.92     293.1
 6	0	8	0	0	93.05     306.5
 6	0	9	0	0	63.19     221.7
 6	0	10	0	0	72.20     326.7
 6	0	11	0	0	73.31     252.1
 6	0	12	0	0	78.33     271.8
 6	0	13	0	0	69.73     229.5
 6	0	14	0	0	69.45     211.6
 6	0	15	0	0	84.96     309.2
 6	0	16	0	0	86.95     269.6
 6	0	17	0	0	80.60     265.6
#
#AC2 Adc
#
 6	1	0	0	0	110.3     375.8
 6	1	1	0	0	99.77     309.1
 6	1	2	0	0	108.5     276.8
 6	1	3	0	0	110.9     361.7
 6	1	4	0	0	109.4     337.8
 6	1	5	0	0	122.2     358.1
 6	1	6	0	0	79.45     279.9
 6	1	7	0	0	78.36     308.7
 6	1	8	0	0	100.6     334.4
 6	1	9	0	0	105.8     393.0
 6	1	10	0	0	99.40     326.5
 6	1	11	0	0	99.22     278.6
 6	1	12	0	0	109.7     287.6
 6	1	13	0	0	112.4     346.6
 6	1	14	0	0	93.14     321.0
 6	1	15	0	0	90.88     341.8
 6	1	16	0	0	101.6     304.1
 6	1	17 	0	0	116.7     329.9
 6	1	18	0	0	108.6     340.8
 6	1	19	0	0	114.8     365.5
#
#AC1 Tdc
#
 6      0       0       1       0       851.1   0.026326
 6      0       1       1       0       873.1   0.0250897
 6      0       2       1       0       796.7   0.0255916
 6      0       3       1       0       866.6   0.0263342
 6      0       4       1       0       805.8   0.0261978
 6      0       5       1       0       795.9   0.0262892
 6      0       6       1       0       751.3   0.026215
 6      0       7       1       0       751     0.0261479
 6      0       8       1       0       850.2   0.0252814
 6      0       9       1       0       895.5   0.0265516
 6      0       10      1       0       971.2   0.0264912
 6      0       11      1       0       629.7   0.0262594
 6      0       12      1       0       797.2   0.0260439
 6      0       13      1       0       716.9   0.026563
 6      0       14      1       0       775.9   0.0258964
 6      0       15      1       0       1021    0.0259322
 6	0	16	1	0	795.6	0.026718
 6	0	17 	1	0	774.2	0.0259906
#
#AC2 Tdc
#
 6	1	0	1	0	894.1	0.025
 6	1	1	1	0	930.8	0.025
 6	1	2	1	0	916.9	0.025
 6	1	3	1	0	760.7	0.025
 6	1	4	1	0	868.2	0.025
 6	1	5	1	0	909.8	0.025
 6	1	6	1	0	843.3	0.025
 6	1	7	1	0	905.1	0.025
 6	1	8	1	0	712.4	0.025
 6	1	9	1	0	758.3	0.025
 6	1	10	1	0	1095.0	0.025
 6	1	11	1	0	1028.0	0.025
 6	1	12	1	0	1011.0	0.025
 6	1	13	1	0	917.2	0.025
 6	1	14	1	0	918.3	0.025
 6	1	15	1	0	946.9	0.025
 6	1	16	1	0	802.5	0.025
 6	1	17 	1	0	914.0	0.025
 6	1	18	1	0	954.1	0.025
 6	1	19	1	0	997.0	0.025
#
#RC Adc Up
#
 21	0	0	0	0	8.64683e+01	301.122		
 21	0	1	0	0	8.00709e+01	314.159	
 21	0	2	0	0	5.56005e+01	356.865	
 21	0	3	0	0	6.52705e+01	380.201	
 21	0	4	0	0	6.49911e+01	344.982	
 21	0	5	0	0	3.44329e+01	443.116
 21	0	6	0	0	5.90186e+01	274.484	
 21	0	7	0	0	8.28905e+01	291.198	
 21	0	8	0	0	8.95901e+01	279.814	
 21	0	9	0	0	6.46325e+01	355.087	
 21	0	10	0	0	5.83572e+01	388.901
 21	0	11	0	0	5.92459e+01	362.275
 21	0	12	0	0	2.73919e+01	451.744
 21	0	13	0	0	6.40407e+01	287.117
 21	0	14	0	0	7.56399e+01	324.91 	
 21	0	15	0	0	8.84409e+01	327.993
 21	0	16	0	0	6.04051e+01	445.266
 21	0	17	0	0	6.16517e+01	359.611
 21	0	18	0	0	5.82001e+01	457.927
 21	0	19	0	0	4.16380e+01	569.969
 21	0	20	0	0	5.78129e+01	256.551
 21	0	21	0	0	7.63365e+01	323.922
 21	0	22	0	0	8.90873e+01	298.863
 21	0	23	0	0	6.76194e+01	401.801
 21	0	24	0	0	4.94963e+01	382.548
 21	0	25	0	0	4.40232e+01	388.479
 21	0	26	0	0	2.84375e+01	543.41 
 21	0	27	0	0	4.18841e+01	243.251
 21	0	28	0	0	7.46993e+01	318.73 
 21	0	29	0	0	7.70528e+01	312.394
 21	0	30	0	0	4.26216e+01	390.419
 21	0	31	0	0	3.67060e+01	379.756
 21	0	32	0	0	4.20592e+01	368.21 
 21	0	33	0	0	2.23072e+01	477.757
 21	0	34	0	0	4.94777e+01	312.971
 21	0	35	0	0	8.58098e+01	318.73 
 21	0	36	0	0	8.18414e+01	312.394
 21	0	37	0	0	3.35119e+01	390.419
 21	0	38	0	0	3.94670e+01	379.756
 21	0	39	0	0	3.54753e+01	368.21 
 21	0	40	0	0	1.90539e+01	477.757
 21	0	41	0	0	4.31998e+01	312.971
#
#RC Adc Down
#
 21	0	0	0	1	1.03609e+02	301.122
 21	0	1	0	1	1.03051e+02	314.159
 21	0	2	0	1	1.02762e+02	356.865
 21	0	3	0	1	1.12966e+02	380.201
 21	0	4	0	1	1.15395e+02	344.982
 21	0	5	0	1	9.88043e+01	443.116
 21	0	6	0	1	1.12423e+02	274.484
 21	0	7	0	1	9.46122e+01	291.198
 21	0	8	0	1	9.41097e+01	279.814
 21	0	9	0	1	1.26396e+02	355.087
 21	0	10	0	1	8.61992e+01	388.901
 21	0	11	0	1	8.42952e+01	362.275
 21	0	12	0	1	9.48294e+01	451.744
 21	0	13	0	1	1.27282e+02	287.117
 21	0	14	0	1	9.04509e+01	324.91 
 21	0	15	0	1	9.13336e+01	327.993
 21	0	16	0	1	1.00861e+02	445.266
 21	0	17	0	1	2.86778e+02	359.611
 21	0	18	0	1	1.26545e+02	457.927
 21	0	19	0	1	1.59234e+02	569.969
 21	0	20	0	1	9.82280e+01	256.551
 21	0	21	0	1	1.04877e+02	323.922
 21	0	22	0	1	1.03686e+02	298.863
 21	0	23	0	1	1.06311e+02	401.801
 21	0	24	0	1	1.14047e+02	382.548
 21	0	25	0	1	1.08671e+02	388.479
 21	0	26	0	1	1.05513e+02	543.41 
 21	0	27	0	1	9.03000e+01	243.251
 21	0	28	0	1	9.87794e+01	318.73 
 21	0	29	0	1	8.71268e+01	312.394
 21	0	30	0	1	9.57755e+01	390.419
 21	0	31	0	1	1.05170e+02	379.756
 21	0	32	0	1	1.03933e+02	368.21 
 21	0	33	0	1	9.08050e+01	477.757
 21	0	34	0	1	1.01542e+02	312.971
 21	0	35	0	1	8.21479e+01	318.73 
 21	0	36	0	1	8.51862e+01	312.394
 21	0	37	0	1	9.96463e+01	390.419
 21	0	38	0	1	1.02311e+02	379.756
 21	0	39	0	1	9.60047e+01	368.21 
 21	0	40	0	1	8.64059e+01	477.757
 21	0	41	0	1	9.96687e+01	312.971
#
#RC Tdc Up
#
 21	0	0	1	0	5.29865e+02	0.026026
 21	0	1	1	0	4.44357e+02	0.0258278
 21	0	2	1	0	0	0.0267575
 21	0	3	1	0	0	0.0263857
 21	0	4	1	0	0	0.0259135
 21	0	5	1	0	0	0.025193
 21	0	6	1	0	0	0.0265437
 21	0	7	1	0	3.79020e+02	0.0259984
 21	0	8	1	0	3.96207e+02	0.0257076
 21	0	9	1	0	0	0.025707
 21	0	10	1	0	0	0.0252783
 21	0	11	1	0	0	0.0254533
 21	0	12	1	0	0	0.0260445
 21	0	13	1	0	0	0.0263203
 21	0	14	1	0	4.52506e+02	0.0255801
 21	0	15	1	0	4.64060e+02	0.026657
 21	0	16	1	0	0	0.0259731
 21	0	17	1	0	0	0.0262749
 21	0	18	1	0	0	0.0259789
 21	0	19	1	0	0	0.0264918
 21	0	20	1	0	0	0.0263222
 21	0	21	1	0	4.19685e+02	0.0256515
 21	0	22	1	0	4.20948e+02	0.0257346
 21	0	23	1	0	0	0.0254697
 21	0	24	1	0	0	0.0259397
 21	0	25	1	0	0	0.0259921
 21	0	26	1	0	0	0.0256775
 21	0	27	1	0	0	0.026006
 21	0	28	1	0	5.02449e+02 	27.5624
 21	0	29	1	0	4.18289e+02	0.0256043
 21	0	30	1	0	0	0.0257972
 21	0	31	1	0	0	27.034
 21	0	32	1	0	0	27.1233
 21	0	33	1	0	0	0.025974
 21	0	34	1	0	0	0.0259682
 21	0	35	1	0	0	0.026076
 21	0	36	1	0	0	0.0258087
 21	0	37	1	0	0	0.0255156
 21	0	38	1	0	0	0.0262492
 21	0	39	1	0	0	0.0267565
 21	0	40	1	0	0	0.0259104
 21	0	41	1	0	0	0.0268978
#
#RC Tdc Down
#
 21	0	0	1	1	4.48188e+02	0.0262896
 21	0	1	1	1	4.87708e+02	0.025608
 21	0	2	1	1	0	0.0257698
 21	0	3	1	1	0	0.0260757
 21	0	4	1	1	0	0.0268379
 21	0	5	1	1	0	0.026424
 21	0	6	1	1	0	0.0264154
 21	0	7	1	1	4.08470e+02	0.0259861
 21	0	8	1	1	4.59437e+02	0.0260433
 21	0	9	1	1	0	0.0261148
 21	0	10	1	1	0	0.0266493
 21	0	11	1	1	0	0.0262955
 21	0	12	1	1	0	0.0263824
 21	0	13	1	1	0	0.026355
 21	0	14	1	1	4.40165e+02	0.0266295
 21	0	15	1	1	5.32527e+02	0.0262016
 21	0	16	1	1	0	0.026068
 21	0	17	1	1	0	0.0262872
 21	0	18	1	1	0	0.0263275
 21	0	19	1	1	0	0.0255549
 21	0	20	1	1	0	0.0253626
 21	0	21	1	1	4.18116e+02	0.0262624
 21	0	22	1	1	3.98569e+02	0.0256153
 21	0	23	1	1	0	0.0252618
 21	0	24	1	1	0	0.0266706
 21	0	25	1	1	0	0.0264745
 21	0	26	1	1	0	0.0254276
 21	0	27	1	1	0	0.0266187
 21	0	28	1	1	5.00988e+02	0.0260823
 21	0	29	1	1	5.05312e+02	0.0267588
 21	0	30	1	1	0	0.0264506
 21	0	31	1	1	0	0.026708
 21	0	32	1	1	0	0.0262375
 21	0	33	1	1	0	0.0263518
 21	0	34	1	1	0	0.0260584
 21	0	35	1	1	0	0.0263899
 21	0	36	1	1	0	0.0263755
 21	0	37	1	1	0	0.0268242
 21	0	38	1	1	0	0.0260302
 21	0	39	1	1	0	0.0262876
 21	0	40	1	1	0	0.026668
 21	0	41	1	1	0	0.0262327
