#
# Hodo.param 2009/10/23 4:00-7:00 run
#
# CId	PlId	SegId	AorT	UorD	p0	p1
#
# BH1 Adc Up
#
 3	0	0	0	0	 34.5	240.2
 3	0	1	0	0	 44.9	240.0
 3	0	2	0	0	 43.4	240.2
 3	0	3	0	0	 42.3	239.9
 3	0	4	0	0	 39.7	212.3
 3	0	5	0	0	 47.6	252.4
 3	0	6	0	0	 42.1	211.7
 3	0	7	0	0	 41.5	240.6
 3	0	8	0	0	 38.9	240.6
 3	0	9 	0	0	 44.6	240.3
 3	0	10	0	0	 40.6	240.2
#
# BH1 Adc Down
#
 3	0	0	0	1	 41.6	240.0
 3	0	1	0	1	 40.1	240.6
 3	0	2	0	1	 52.8	240.1
 3	0	3	0	1	 39.6	292.8
 3	0	4	0	1	 51.0	237.6
 3	0	5	0	1	 58.7	336.6
 3	0	6	0	1	 65.2	408.5
 3	0	7	0	1	 59.1	240.6
 3	0	8	0	1	 64.6	240.6
 3	0	9 	0	1	 50.2	240.3
 3	0	10	0	1	 59.7	240.2
#
# BH1 Tdc parameters are determined
#    1.1GeV/c pi+ beam (RUN#154)
#
# BH1 Tdc Up
#
 3	0	0	1	0	1000.0	0.025
 3	0	1	1	0	1000.0	0.025
 3	0	2	1	0	1000.0  0.025
 3	0	3	1	0	994.0	0.025
 3	0	4	1	0	937.2  	0.025
 3	0	5	1	0	873.5	0.025
 3	0	6	1	0	843.2   0.025
 3	0	7	1	0	1000.0	0.025
 3	0	8	1	0	1000.0	0.025
 3	0	9 	1	0	1000.0  0.025
 3	0	10	1	0	1000.0	0.025
#
# BH1 Tdc Down
#	
 3	0	0	1	1	1000.0	0.025
 3	0	1	1	1	1000.0	0.025
 3	0	2	1	1	1000.0  0.025
 3	0	3	1	1	980.4   0.025
 3	0	4	1	1	865.4	0.025
 3	0	5	1	1	1045.0	0.025
 3	0	6	1	1	1055.0  0.025
 3	0	7	1	1	1055.0	0.025
 3	0	8	1	1	1000.0	0.025
 3	0	9 	1	1	1000.0  0.025
 3	0	10	1	1	1000.0	0.025
#
# BH2 Adc Up
#
 4	0	0	0	0	 50.0	500.2
 4	0	1	0	0	 79.0	551.3
 4	0	2	0	0	 46.2	718.6
 4	0	3	0	0	 50.3	535.4
 4	0	4	0	0	 46.1	476.7
 4	0	5	0	0	 49.9	559.8
 4	0	6	0	0	 47.6	438.8
# BH2 Adc Down
#
 4	0	0	0	1	 48.4	500.0
 4	0	1	0	1	 40.0	518.1
 4	0	2	0	1	 46.1	618.7
 4	0	3	0	1	 42.1	465.8
 4	0	4	0	1	 46.7	444.0
 4	0	5	0	1	 44.3	559.4
 4	0	6	0	1	 46.8	321.0
#
# BH2 Tdc Up
#
 4	0	0	1	0	2366.7	0.025
 4	0	1	1	0	2345.1	0.025
 4	0	2	1	0	2484.2	0.025
 4	0	3	1	0	2268.7	0.025
 4	0	4	1	0	2285.8	0.025
 4	0	5	1	0	2266.8	0.025
 4	0	6	1	0	2232.5	0.025
#
# BH2 Tdc Down
#
 4	0	0	1	1	2253.2	0.025
 4	0	1	1	1	2040.8	0.025
 4	0	2	1	1	2128.7	0.025
 4	0	3	1	1	2210.4	0.025
 4	0	4	1	1	2193.5	0.025
 4	0	5	1	1	2159.2	0.025
 4	0	6	1	1	2153.3	0.025