##
#  file: HodoParam_0
#  date: 2017.04.16
#  note: first version of E07-Phase2
#
#
#######################################################################
# CId   PlId    SegId   AorT    UorD    p0      p1
#
#########################################################
# BH1 Adc Up                                            #
#########################################################
1	0	0	0	0	150.535	430.0458896
1	0	1	0	0	120.253	545.3373993
1	0	2	0	0	121.341	534.8315718
1	0	3	0	0	168.918	466.7079671
1	0	4	0	0	129.491	429.6853849
1	0	5	0	0	111.306	415.1652926
1	0	6	0	0	143.606	400.1974445
1	0	7	0	0	134.366	365.2050277
1	0	8	0	0	136.460	505.5988356
1	0	9	0	0	161.356	461.6324991
1	0	10	0	0	143.916	540.0821495
#########################################################
# BH1 Adc Down                                          #
#########################################################
1	0	0	0	1	123.111	499.6236013
1	0	1	0	1	118.096	394.8651919
1	0	2	0	1	90.027	425.4554355
1	0	3	0	1	140.248	488.4803330
1	0	4	0	1	143.311	235.2117367
1	0	5	0	1	124.123	373.8845930
1	0	6	0	1	161.729	422.8392514
1	0	7	0	1	156.003	286.7319323
1	0	8	0	1	100.379	610.1968095
1	0	9	0	1	130.229	564.2791015
1	0	10	0	1	133.625	536.4951914
#########################################################
# BH1 Tdc Up                                            #
#########################################################
1	0	0	1	0	618.000	0.0346755510
1	0	1	1	0	607.002	0.0369765239
1	0	2	1	0	574.846	0.0371521335
1	0	3	1	0	623.617	0.0371820083
1	0	4	1	0	545.905	0.0371371237
1	0	5	1	0	500.766	0.0375676743
1	0	6	1	0	507.571	0.0377849590
1	0	7	1	0	566.913	0.0362645262
1	0	8	1	0	506.202	0.0362048191
1	0	9	1	0	553.660	0.0363175693
1	0	10	1	0	524.692	0.0363701733
#########################################################
# BH1 Tdc Down                                          #
#########################################################
1	0	0	1	1	647.518	0.0357012623
1	0	1	1	1	577.537	0.0373357559
1	0	2	1	1	603.464	0.0370828268
1	0	3	1	1	650.506	0.0362260386
1	0	4	1	1	551.017	0.0371197478
1	0	5	1	1	696.304	0.0370862128
1	0	6	1	1	697.679	0.0375004478
1	0	7	1	1	718.346	0.0358451616
1	0	8	1	1	716.467	0.0370387805
1	0	9	1	1	688.532	0.0358600835
1	0	10	1	1	714.857	0.0352497893
#########################################################
# BH2 Adc Up                                            #
#########################################################
2	0	0	0	0	143.565	635.8914999
#########################################################
# BH2 Adc Down                                          #
#########################################################
2	0	0	0	1	152.999	634.2129439
#########################################################
# BH2 Tdc Up                                            #
#########################################################
2	0	0	1	0	443.475	0.0372777574
#########################################################
# BH2 Tdc Down                                          #
#########################################################
2	0	0	1	1	488.345	0.0368882181
#########################################################
# BH2 cable offset                                      #
#########################################################
2       0       0       1       2       0.0000  1.0000
#########################################################
# BAC Adc                                               #
#########################################################
3       0       0       0       0       100.00  700.00
3       0       1       0       0       100.00  700.00
#########################################################
# BAC Tdc                                               #
#########################################################
3       0       0       1       0       700.00  0.0378183460
3       0       1       1       0       700.00  0.0368411360
#########################################################
# FBH Tdc Up                                            #
#########################################################
4	0	0	1	0	667.923	1.0000
4	0	1	1	0	667.317	1.0000
4	0	2	1	0	667.361	1.0000
4	0	3	1	0	668.123	1.0000
4	0	4	1	0	667.336	1.0000
4	0	5	1	0	667.432	1.0000
4	0	6	1	0	668.251	1.0000
4	0	7	1	0	667.786	1.0000
4	0	8	1	0	667.452	1.0000
4	0	9	1	0	665.208	1.0000
4	0	10	1	0	667.702	1.0000
4	0	11	1	0	667.176	1.0000
4	0	12	1	0	667.221	1.0000
4	0	13	1	0	667.688	1.0000
4	0	14	1	0	667.299	1.0000
4	0	15	1	0	667.454	1.0000
#########################################################
# FBH Tdc Down                                          #
#########################################################
4	0	0	1	1	667.923	1.0000
4	0	1	1	1	667.317	1.0000
4	0	2	1	1	667.361	1.0000
4	0	3	1	1	668.123	1.0000
4	0	4	1	1	667.336	1.0000
4	0	5	1	1	667.432	1.0000
4	0	6	1	1	668.251	1.0000
4	0	7	1	1	667.786	1.0000
4	0	8	1	1	667.452	1.0000
4	0	9	1	1	665.208	1.0000
4	0	10	1	1	667.702	1.0000
4	0	11	1	1	667.176	1.0000
4	0	12	1	1	667.221	1.0000
4	0	13	1	1	667.688	1.0000
4	0	14	1	1	667.299	1.0000
4	0	15	1	1	667.454	1.0000
#########################################################
# PVAC Adc                                              #
#########################################################
5       0       0       0       0       100.00  700.00
#########################################################
# PVAC Tdc                                              #
#########################################################
5       0       0       1       0       700.00  0.0366199290
#########################################################
# FAC Adc                                               #
#########################################################
6       0       0       0       0       100.00  700.00
#########################################################
# FAC Tdc                                               #
#########################################################
6       0       0       1       0       700.00  0.0371680442
#########################################################
# SCH Tdc                                               #
#########################################################
7	0	0	1	0	655.080	1.0000
7	0	1	1	0	654.707	1.0000
7	0	2	1	0	654.443	1.0000
7	0	3	1	0	656.059	1.0000
7	0	4	1	0	655.490	1.0000
7	0	5	1	0	655.411	1.0000
7	0	6	1	0	658.125	1.0000
7	0	7	1	0	657.203	1.0000
7	0	8	1	0	657.715	1.0000
7	0	9	1	0	657.204	1.0000
7	0	10	1	0	657.115	1.0000
7	0	11	1	0	655.443	1.0000
7	0	12	1	0	654.581	1.0000
7	0	13	1	0	654.008	1.0000
7	0	14	1	0	653.484	1.0000
7	0	15	1	0	652.881	1.0000
7	0	16	1	0	654.732	1.0000
7	0	17	1	0	653.631	1.0000
7	0	18	1	0	654.037	1.0000
7	0	19	1	0	653.464	1.0000
7	0	20	1	0	653.551	1.0000
7	0	21	1	0	653.008	1.0000
7	0	22	1	0	655.704	1.0000
7	0	23	1	0	655.566	1.0000
7	0	24	1	0	655.826	1.0000
7	0	25	1	0	655.269	1.0000
7	0	26	1	0	655.034	1.0000
7	0	27	1	0	653.929	1.0000
7	0	28	1	0	653.524	1.0000
7	0	29	1	0	653.814	1.0000
7	0	30	1	0	652.652	1.0000
7	0	31	1	0	651.910	1.0000
7	0	32	1	0	655.270	1.0000
7	0	33	1	0	655.222	1.0000
7	0	34	1	0	655.595	1.0000
7	0	35	1	0	656.056	1.0000
7	0	36	1	0	655.582	1.0000
7	0	37	1	0	655.459	1.0000
7	0	38	1	0	657.489	1.0000
7	0	39	1	0	656.865	1.0000
7	0	40	1	0	657.370	1.0000
7	0	41	1	0	657.289	1.0000
7	0	42	1	0	657.405	1.0000
7	0	43	1	0	655.617	1.0000
7	0	44	1	0	654.579	1.0000
7	0	45	1	0	654.442	1.0000
7	0	46	1	0	654.669	1.0000
7	0	47	1	0	652.954	1.0000
7	0	48	1	0	654.774	1.0000
7	0	49	1	0	654.156	1.0000
7	0	50	1	0	655.041	1.0000
7	0	51	1	0	654.911	1.0000
7	0	52	1	0	655.146	1.0000
7	0	53	1	0	655.376	1.0000
7	0	54	1	0	657.143	1.0000
7	0	55	1	0	657.153	1.0000
7	0	56	1	0	657.789	1.0000
7	0	57	1	0	654.495	1.0000
7	0	58	1	0	657.448	1.0000
7	0	59	1	0	655.756	1.0000
7	0	60	1	0	655.526	1.0000
7	0	61	1	0	655.584	1.0000
7	0	62	1	0	656.801	1.0000
7	0	63	1	0	651.414	1.0000
#########################################################
# TOF Adc Up                                            #
#########################################################
8	0	0	0	0	120.179	1093.3388153
8	0	1	0	0	112.391	1017.0417445
8	0	2	0	0	118.576	1022.9482477
8	0	3	0	0	113.634	608.0007030
8	0	4	0	0	117.579	1130.4314943
8	0	5	0	0	114.054	1111.4100152
8	0	6	0	0	104.701	1176.3482892
8	0	7	0	0	92.402	1159.0601558
8	0	8	0	0	98.906	897.2742738
8	0	9	0	0	89.587	1062.2104524
8	0	10	0	0	100.897	1040.3645834
8	0	11	0	0	119.271	1092.9758955
8	0	12	0	0	108.822	1166.0813236
8	0	13	0	0	99.149	1231.5802462
8	0	14	0	0	93.262	1267.7668467
8	0	15	0	0	84.523	1123.0404279
8	0	16	0	0	87.841	1128.0504119
8	0	17	0	0	83.208	1068.9537723
8	0	18	0	0	102.162	1156.6509554
8	0	19	0	0	84.878	1370.7331589
8	0	20	0	0	111.929	861.4422062
8	0	21	0	0	83.323	1106.6433764
8	0	22	0	0	82.316	1248.7046898
8	0	23	0	0	98.748	1156.9261367
#########################################################
# TOF Adc Down                                          #
#########################################################
8	0	0	0	1	134.552	1065.8620730
8	0	1	0	1	115.683	1006.7220349
8	0	2	0	1	92.322	1521.8240176
8	0	3	0	1	107.637	891.7393063
8	0	4	0	1	89.437	997.0791330
8	0	5	0	1	71.293	1267.1458434
8	0	6	0	1	82.188	1000.5178706
8	0	7	0	1	100.322	1153.3934481
8	0	8	0	1	87.593	865.4232916
8	0	9	0	1	78.022	932.9301437
8	0	10	0	1	106.993	963.7469695
8	0	11	0	1	81.635	909.3858424
8	0	12	0	1	80.276	1090.4054565
8	0	13	0	1	90.123	965.4803571
8	0	14	0	1	71.499	951.0966539
8	0	15	0	1	95.524	1069.7772813
8	0	16	0	1	87.618	1067.5660975
8	0	17	0	1	68.039	1022.7127324
8	0	18	0	1	108.854	1115.9120193
8	0	19	0	1	53.258	1270.0461718
8	0	20	0	1	72.948	1074.8513533
8	0	21	0	1	55.595	1161.9934605
8	0	22	0	1	78.636	1011.0619135
8	0	23	0	1	83.588	1107.9802509
#########################################################
# TOF Tdc Up                                            #
#########################################################
8	0	0	1	0	183.680	0.0357088446
8	0	1	1	0	194.071	0.0376974493
8	0	2	1	0	221.717	0.0365769779
8	0	3	1	0	82.369	0.0384518583
8	0	4	1	0	119.217	0.0381568463
8	0	5	1	0	159.605	0.0358258275
8	0	6	1	0	242.668	0.0369882581
8	0	7	1	0	172.889	0.0358993030
8	0	8	1	0	220.274	0.0358927908
8	0	9	1	0	220.292	0.0363437097
8	0	10	1	0	199.716	0.0351561817
8	0	11	1	0	255.121	0.0356821857
8	0	12	1	0	234.483	0.0375621885
8	0	13	1	0	179.084	0.0379746301
8	0	14	1	0	329.848	0.0364437840
8	0	15	1	0	239.348	0.0360396103
8	0	16	1	0	322.325	0.0369242842
8	0	17	1	0	250.096	0.0361790543
8	0	18	1	0	381.576	0.0365520055
8	0	19	1	0	207.607	0.0381799211
8	0	20	1	0	301.173	0.0380007805
8	0	21	1	0	323.480	0.0361718367
8	0	22	1	0	287.553	0.0361105562
8	0	23	1	0	299.018	0.0363887157
#########################################################
# TOF Tdc Down                                          #
#########################################################
8	0	0	1	1	166.563	0.0365212886
8	0	1	1	1	150.074	0.0366317229
8	0	2	1	1	238.128	0.0362337542
8	0	3	1	1	196.743	0.0366727804
8	0	4	1	1	187.573	0.0369796236
8	0	5	1	1	184.855	0.0365680393
8	0	6	1	1	229.128	0.0364737850
8	0	7	1	1	146.762	0.0365101723
8	0	8	1	1	162.914	0.0370852300
8	0	9	1	1	194.265	0.0365347792
8	0	10	1	1	223.792	0.0364844685
8	0	11	1	1	194.863	0.0369277237
8	0	12	1	1	184.117	0.0368702288
8	0	13	1	1	206.194	0.0362985280
8	0	14	1	1	202.238	0.0366165906
8	0	15	1	1	193.396	0.0362485629
8	0	16	1	1	297.693	0.0369483563
8	0	17	1	1	311.699	0.0361825518
8	0	18	1	1	317.993	0.0363266141
8	0	19	1	1	292.203	0.0362820098
8	0	20	1	1	223.286	0.0370761542
8	0	21	1	1	382.671	0.0368258949
8	0	22	1	1	296.734	0.0368736459
8	0	23	1	1	404.092	0.0361662215
#########################################################
# BFT-U Tdc                                             #
#########################################################
110	0	0	1	0	738.788	1.0000
110	0	1	1	0	743.099	1.0000
110	0	2	1	0	738.977	1.0000
110	0	3	1	0	739.909	1.0000
110	0	4	1	0	739.138	1.0000
110	0	5	1	0	741.180	1.0000
110	0	6	1	0	739.407	1.0000
110	0	7	1	0	741.983	1.0000
110	0	8	1	0	739.952	1.0000
110	0	9	1	0	741.383	1.0000
110	0	10	1	0	740.674	1.0000
110	0	11	1	0	742.508	1.0000
110	0	12	1	0	740.103	1.0000
110	0	13	1	0	742.614	1.0000
110	0	14	1	0	740.248	1.0000
110	0	15	1	0	742.419	1.0000
110	0	16	1	0	740.870	1.0000
110	0	17	1	0	743.416	1.0000
110	0	18	1	0	740.421	1.0000
110	0	19	1	0	742.363	1.0000
110	0	20	1	0	740.377	1.0000
110	0	21	1	0	742.748	1.0000
110	0	22	1	0	739.717	1.0000
110	0	23	1	0	741.971	1.0000
110	0	24	1	0	742.102	1.0000
110	0	25	1	0	743.100	1.0000
110	0	26	1	0	739.726	1.0000
110	0	27	1	0	741.616	1.0000
110	0	28	1	0	740.153	1.0000
110	0	29	1	0	742.860	1.0000
110	0	30	1	0	740.230	1.0000
110	0	31	1	0	741.081	1.0000
110	0	32	1	0	740.889	1.0000
110	0	33	1	0	740.360	1.0000
110	0	34	1	0	740.274	1.0000
110	0	35	1	0	742.028	1.0000
110	0	36	1	0	740.568	1.0000
110	0	37	1	0	743.214	1.0000
110	0	38	1	0	739.792	1.0000
110	0	39	1	0	741.261	1.0000
110	0	40	1	0	739.662	1.0000
110	0	41	1	0	742.295	1.0000
110	0	42	1	0	739.371	1.0000
110	0	43	1	0	741.903	1.0000
110	0	44	1	0	739.495	1.0000
110	0	45	1	0	742.580	1.0000
110	0	46	1	0	740.149	1.0000
110	0	47	1	0	741.920	1.0000
110	0	48	1	0	740.374	1.0000
110	0	49	1	0	743.406	1.0000
110	0	50	1	0	739.868	1.0000
110	0	51	1	0	741.794	1.0000
110	0	52	1	0	739.768	1.0000
110	0	53	1	0	741.974	1.0000
110	0	54	1	0	738.949	1.0000
110	0	55	1	0	741.381	1.0000
110	0	56	1	0	740.446	1.0000
110	0	57	1	0	742.913	1.0000
110	0	58	1	0	738.835	1.0000
110	0	59	1	0	742.203	1.0000
110	0	60	1	0	738.842	1.0000
110	0	61	1	0	741.073	1.0000
110	0	62	1	0	738.913	1.0000
110	0	63	1	0	741.299	1.0000
110	0	64	1	0	738.261	1.0000
110	0	65	1	0	738.963	1.0000
110	0	66	1	0	737.721	1.0000
110	0	67	1	0	738.362	1.0000
110	0	68	1	0	737.949	1.0000
110	0	69	1	0	739.241	1.0000
110	0	70	1	0	738.655	1.0000
110	0	71	1	0	740.151	1.0000
110	0	72	1	0	738.137	1.0000
110	0	73	1	0	738.883	1.0000
110	0	74	1	0	739.334	1.0000
110	0	75	1	0	740.052	1.0000
110	0	76	1	0	738.941	1.0000
110	0	77	1	0	739.798	1.0000
110	0	78	1	0	738.494	1.0000
110	0	79	1	0	739.885	1.0000
110	0	80	1	0	740.303	1.0000
110	0	81	1	0	740.333	1.0000
110	0	82	1	0	739.781	1.0000
110	0	83	1	0	740.196	1.0000
110	0	84	1	0	739.955	1.0000
110	0	85	1	0	740.904	1.0000
110	0	86	1	0	739.859	1.0000
110	0	87	1	0	740.376	1.0000
110	0	88	1	0	740.486	1.0000
110	0	89	1	0	740.833	1.0000
110	0	90	1	0	739.879	1.0000
110	0	91	1	0	740.264	1.0000
110	0	92	1	0	741.283	1.0000
110	0	93	1	0	741.332	1.0000
110	0	94	1	0	738.161	1.0000
110	0	95	1	0	739.386	1.0000
110	0	96	1	0	740.108	1.0000
110	0	97	1	0	740.414	1.0000
110	0	98	1	0	739.119	1.0000
110	0	99	1	0	739.425	1.0000
110	0	100	1	0	740.792	1.0000
110	0	101	1	0	740.820	1.0000
110	0	102	1	0	738.728	1.0000
110	0	103	1	0	739.418	1.0000
110	0	104	1	0	738.945	1.0000
110	0	105	1	0	740.063	1.0000
110	0	106	1	0	739.445	1.0000
110	0	107	1	0	739.548	1.0000
110	0	108	1	0	739.236	1.0000
110	0	109	1	0	740.253	1.0000
110	0	110	1	0	738.536	1.0000
110	0	111	1	0	739.479	1.0000
110	0	112	1	0	739.885	1.0000
110	0	113	1	0	741.466	1.0000
110	0	114	1	0	739.309	1.0000
110	0	115	1	0	739.194	1.0000
110	0	116	1	0	740.042	1.0000
110	0	117	1	0	740.258	1.0000
110	0	118	1	0	739.167	1.0000
110	0	119	1	0	739.053	1.0000
110	0	120	1	0	739.780	1.0000
110	0	121	1	0	739.525	1.0000
110	0	122	1	0	739.215	1.0000
110	0	123	1	0	739.230	1.0000
110	0	124	1	0	739.824	1.0000
110	0	125	1	0	737.140	1.0000
110	0	126	1	0	738.773	1.0000
110	0	127	1	0	738.549	1.0000
110	0	128	1	0	740.440	1.0000
110	0	129	1	0	739.395	1.0000
110	0	130	1	0	738.822	1.0000
110	0	131	1	0	738.199	1.0000
110	0	132	1	0	740.615	1.0000
110	0	133	1	0	740.856	1.0000
110	0	134	1	0	738.609	1.0000
110	0	135	1	0	738.462	1.0000
110	0	136	1	0	739.509	1.0000
110	0	137	1	0	739.238	1.0000
110	0	138	1	0	739.242	1.0000
110	0	139	1	0	739.142	1.0000
110	0	140	1	0	739.885	1.0000
110	0	141	1	0	738.023	1.0000
110	0	142	1	0	739.405	1.0000
110	0	143	1	0	739.061	1.0000
110	0	144	1	0	740.919	1.0000
110	0	145	1	0	740.615	1.0000
110	0	146	1	0	740.282	1.0000
110	0	147	1	0	740.157	1.0000
110	0	148	1	0	739.400	1.0000
110	0	149	1	0	739.323	1.0000
110	0	150	1	0	740.047	1.0000
110	0	151	1	0	740.078	1.0000
110	0	152	1	0	739.999	1.0000
110	0	153	1	0	739.004	1.0000
110	0	154	1	0	740.178	1.0000
110	0	155	1	0	738.857	1.0000
110	0	156	1	0	739.105	1.0000
110	0	157	1	0	737.822	1.0000
110	0	158	1	0	740.052	1.0000
110	0	159	1	0	740.745	1.0000
#########################################################
# BFT-D Tdc                                             #
#########################################################
110	1	0	1	0	738.468	1.0000
110	1	1	1	0	739.064	1.0000
110	1	2	1	0	735.687	1.0000
110	1	3	1	0	739.512	1.0000
110	1	4	1	0	736.546	1.0000
110	1	5	1	0	739.566	1.0000
110	1	6	1	0	738.065	1.0000
110	1	7	1	0	739.935	1.0000
110	1	8	1	0	738.089	1.0000
110	1	9	1	0	739.871	1.0000
110	1	10	1	0	739.617	1.0000
110	1	11	1	0	741.185	1.0000
110	1	12	1	0	738.972	1.0000
110	1	13	1	0	740.421	1.0000
110	1	14	1	0	738.970	1.0000
110	1	15	1	0	740.153	1.0000
110	1	16	1	0	739.811	1.0000
110	1	17	1	0	740.918	1.0000
110	1	18	1	0	740.019	1.0000
110	1	19	1	0	740.927	1.0000
110	1	20	1	0	740.356	1.0000
110	1	21	1	0	740.717	1.0000
110	1	22	1	0	739.209	1.0000
110	1	23	1	0	740.132	1.0000
110	1	24	1	0	740.450	1.0000
110	1	25	1	0	741.039	1.0000
110	1	26	1	0	739.416	1.0000
110	1	27	1	0	740.917	1.0000
110	1	28	1	0	740.664	1.0000
110	1	29	1	0	741.131	1.0000
110	1	30	1	0	737.902	1.0000
110	1	31	1	0	739.601	1.0000
110	1	32	1	0	739.708	1.0000
110	1	33	1	0	739.527	1.0000
110	1	34	1	0	739.434	1.0000
110	1	35	1	0	740.739	1.0000
110	1	36	1	0	739.344	1.0000
110	1	37	1	0	740.274	1.0000
110	1	38	1	0	738.850	1.0000
110	1	39	1	0	740.386	1.0000
110	1	40	1	0	738.965	1.0000
110	1	41	1	0	740.185	1.0000
110	1	42	1	0	738.031	1.0000
110	1	43	1	0	739.668	1.0000
110	1	44	1	0	738.874	1.0000
110	1	45	1	0	740.332	1.0000
110	1	46	1	0	738.366	1.0000
110	1	47	1	0	740.148	1.0000
110	1	48	1	0	740.493	1.0000
110	1	49	1	0	740.891	1.0000
110	1	50	1	0	738.347	1.0000
110	1	51	1	0	739.542	1.0000
110	1	52	1	0	738.921	1.0000
110	1	53	1	0	740.239	1.0000
110	1	54	1	0	738.744	1.0000
110	1	55	1	0	739.646	1.0000
110	1	56	1	0	739.337	1.0000
110	1	57	1	0	740.720	1.0000
110	1	58	1	0	739.296	1.0000
110	1	59	1	0	740.114	1.0000
110	1	60	1	0	738.959	1.0000
110	1	61	1	0	739.740	1.0000
110	1	62	1	0	738.281	1.0000
110	1	63	1	0	739.464	1.0000
110	1	64	1	0	738.359	1.0000
110	1	65	1	0	738.532	1.0000
110	1	66	1	0	738.001	1.0000
110	1	67	1	0	738.439	1.0000
110	1	68	1	0	737.853	1.0000
110	1	69	1	0	738.086	1.0000
110	1	70	1	0	739.296	1.0000
110	1	71	1	0	740.092	1.0000
110	1	72	1	0	738.312	1.0000
110	1	73	1	0	739.482	1.0000
110	1	74	1	0	738.852	1.0000
110	1	75	1	0	740.411	1.0000
110	1	76	1	0	739.536	1.0000
110	1	77	1	0	739.829	1.0000
110	1	78	1	0	739.114	1.0000
110	1	79	1	0	740.158	1.0000
110	1	80	1	0	740.561	1.0000
110	1	81	1	0	739.230	1.0000
110	1	82	1	0	740.044	1.0000
110	1	83	1	0	739.383	1.0000
110	1	84	1	0	739.426	1.0000
110	1	85	1	0	740.112	1.0000
110	1	86	1	0	738.758	1.0000
110	1	87	1	0	738.907	1.0000
110	1	88	1	0	740.447	1.0000
110	1	89	1	0	740.196	1.0000
110	1	90	1	0	738.579	1.0000
110	1	91	1	0	739.814	1.0000
110	1	92	1	0	740.315	1.0000
110	1	93	1	0	740.966	1.0000
110	1	94	1	0	738.375	1.0000
110	1	95	1	0	739.191	1.0000
110	1	96	1	0	739.507	1.0000
110	1	97	1	0	739.792	1.0000
110	1	98	1	0	739.199	1.0000
110	1	99	1	0	739.446	1.0000
110	1	100	1	0	740.183	1.0000
110	1	101	1	0	740.241	1.0000
110	1	102	1	0	738.728	1.0000
110	1	103	1	0	739.161	1.0000
110	1	104	1	0	739.444	1.0000
110	1	105	1	0	739.938	1.0000
110	1	106	1	0	739.194	1.0000
110	1	107	1	0	739.147	1.0000
110	1	108	1	0	740.248	1.0000
110	1	109	1	0	739.390	1.0000
110	1	110	1	0	738.589	1.0000
110	1	111	1	0	739.258	1.0000
110	1	112	1	0	740.619	1.0000
110	1	113	1	0	740.752	1.0000
110	1	114	1	0	739.086	1.0000
110	1	115	1	0	739.437	1.0000
110	1	116	1	0	739.233	1.0000
110	1	117	1	0	739.849	1.0000
110	1	118	1	0	737.427	1.0000
110	1	119	1	0	738.737	1.0000
110	1	120	1	0	739.624	1.0000
110	1	121	1	0	740.542	1.0000
110	1	122	1	0	739.326	1.0000
110	1	123	1	0	739.332	1.0000
110	1	124	1	0	738.726	1.0000
110	1	125	1	0	739.459	1.0000
110	1	126	1	0	737.722	1.0000
110	1	127	1	0	738.541	1.0000
110	1	128	1	0	739.179	1.0000
110	1	129	1	0	739.313	1.0000
110	1	130	1	0	737.199	1.0000
110	1	131	1	0	738.094	1.0000
110	1	132	1	0	739.248	1.0000
110	1	133	1	0	739.039	1.0000
110	1	134	1	0	738.300	1.0000
110	1	135	1	0	738.251	1.0000
110	1	136	1	0	738.904	1.0000
110	1	137	1	0	738.724	1.0000
110	1	138	1	0	738.853	1.0000
110	1	139	1	0	739.309	1.0000
110	1	140	1	0	738.016	1.0000
110	1	141	1	0	738.241	1.0000
110	1	142	1	0	738.831	1.0000
110	1	143	1	0	739.609	1.0000
110	1	144	1	0	738.136	1.0000
110	1	145	1	0	738.793	1.0000
110	1	146	1	0	738.842	1.0000
110	1	147	1	0	739.082	1.0000
110	1	148	1	0	737.016	1.0000
110	1	149	1	0	737.852	1.0000
110	1	150	1	0	738.709	1.0000
110	1	151	1	0	738.901	1.0000
110	1	152	1	0	738.304	1.0000
110	1	153	1	0	738.812	1.0000
110	1	154	1	0	738.416	1.0000
110	1	155	1	0	738.733	1.0000
110	1	156	1	0	737.617	1.0000
110	1	157	1	0	737.970	1.0000
110	1	158	1	0	737.629	1.0000
110	1	159	1	0	738.298	1.0000
#########################################################
# SSDT Adc (Dummy)                                      #
#########################################################
24	0	0	0	0	100.00	700.00
24	0	1	0	0	100.00	700.00
24	0	2	0	0	100.00	700.00
24	0	3	0	0	100.00	700.00
24	0	4	0	0	100.00	700.00
#########################################################
# SSDT Tdc                                              #
#########################################################
24	0	0	1	0	1200.00	0.035
24	0	1	1	0	2700.00	0.035
24	0	2	1	0	2700.00	0.035
24	0	3	1	0	2700.00	0.035
24	0	4	1	0	2700.00	0.035
