# HodoParam.02024-02025
#
#   2012/02/04  BH1/BH2-ADC/TDC parameters were updated (moritsu)
#
#
# CId	PlId	SegId	AorT	UorD	p0	p1
#
# BH1 Adc Up
#
 3      0       0       0       0       90.56   329.9
 3      0       1       0       0       92.8    426.2
 3      0       2       0       0       89.27   335.3
 3      0       3       0       0       89.31   324.4
 3      0       4       0       0       98.6    323.8
 3      0       5       0       0       98.41   316.4
 3      0       6       0       0       94.16   288.7
 3      0       7       0       0       98.15   280.4
 3      0       8       0       0       97.94   362.9
 3      0       9       0       0       73.22   459.1
 3      0       10      0       0       87.95   410.5
#
# BH1 Adc Down
#
 3      0       0       0       1       91.91   409.2
 3      0       1       0       1       84.7    403.1
 3      0       2       0       1       83.14   335.2
 3      0       3       0       1       85.31   327.4
 3      0       4       0       1       92.54   237.5
 3      0       5       0       1       102.7   324.9
 3      0       6       0       1       98.93   358.
 3      0       7       0       1       84.27   197.2
 3      0       8       0       1       97.86   436.6
 3      0       9       0       1       102.6   327.8
 3      0       10      0       1       86.11   316.6
#
# BH1 Tdc Up
#
 3      0       0       1       0       649.03  0.025
 3      0       1       1       0       668.8   0.025
 3      0       2       1       0       550.7   0.025
 3      0       3       1       0      1253.89  0.025
 3      0       4       1       0      1174.85  0.025
 3      0       5       1       0      1080.97  0.025
 3      0       6       1       0      1113.11  0.025
 3      0       7       1       0      1160.20  0.025
 3      0       8       1       0       503.89  0.025
 3      0       9       1       0       495.61  0.025
 3      0       10      1       0       521.71  0.025
#
# BH1 Tdc Down
#
 3      0       0       1       1       670.    0.025
 3      0       1       1       1       602.65  0.025
 3      0       2       1       1       584.1   0.025
 3      0       3       1       1      1293.30  0.025
 3      0       4       1       1      1216.76  0.025
 3      0       5       1       1      1400.78  0.025
 3      0       6       1       1      1440.00  0.025
 3      0       7       1       1      1383.37  0.025
 3      0       8       1       1       816.03  0.025
 3      0       9       1       1       747.54  0.025
 3      0       10      1       1       730.19  0.025
#
# BH2 Adc Up
#
 4      0       0       0       0       86.68   484.1
 4      0       1       0       0       79.73   467.
 4      0       2       0       0       85.96   471.4
 4      0       3       0       0       89.88   454.6
 4      0       4       0       0       78.83   358.6
 4      0       5       0       0       86.38   592.8
 4      0       6       0       0       81.62   477.3
#
# BH2 Adc Down
#
 4      0       0       0       1       87.87   461.
 4      0       1       0       1       83.48   536.6
 4      0       2       0       1       86.65   600.6
 4      0       3       0       1       86.26   421.5
 4      0       4       0       1       88.8    402.8
 4      0       5       0       1       97.6    565.4
 4      0       6       0       1       87.24   289.4
#
# BH2 Tdc Up
#
 4      0       0       1       0      1594.16  0.025
 4      0       1       1       0      1504.49  0.025
 4      0       2       1       0      1485.03  0.025
 4      0       3       1       0      1526.13  0.025
 4      0       4       1       0      1546.47  0.025
 4      0       5       1       0       723.54  0.025
 4      0       6       1       0       611.06  0.025
#
# BH2 Tdc Down
#
 4      0       0       1       1       610.97  0.025
 4      0       1       1       1       428.03  0.025
 4      0       2       1       1       588.62  0.025
 4      0       3       1       1       669.28  0.025
 4      0       4       1       1       701.21  0.025
 4      0       5       1       1       576.65  0.025
 4      0       6       1       1       549.22  0.025
#
# BH2 cable offset
#
 4      0       0       1       2       0.173   1.0
 4      0       1       1       2       0.214   1.0
 4      0       2       1       2       0.19    1.0
 4      0       3       1       2       0.053   1.0
 4      0       4       1       2      -0.027   1.0
 4      0       5       1       2       0.065   1.0
 4      0       6       1       2       0.274   1.0
#
#TOF Adc Up
#
 5	0	0	0	0       0.0        0.0
 5	0	1	0	0     238.9     1354.8
 5	0	2	0	0     216.3     1201.7
 5	0	3	0	0     216.7     1142.9
 5	0	4	0	0     214.3     1078.3
 5	0	5	0	0     217.8     1387.5
 5	0	6	0	0     211.7     1473.6
 5	0	7	0	0     209.4     1192.2
 5	0	8	0	0     213.1     1418.8
 5	0	9	0	0     217.4     1414.7
 5	0	10	0	0     217.9     1491.2
 5	0	11	0	0     224.4     1446.2
 5	0	12	0	0     228.6     1531.7
 5	0	13	0	0     232.9     1356.1
 5	0	14	0	0     226.2     1548.5
 5	0	15	0	0     231.0     1375.6
 5	0	16	0	0     119.8     1451.5
 5	0	17	0	0     106.0     1423.5
 5	0	18	0	0     125.4     1577.5
 5	0	19	0	0     122.1     1605.6
 5	0	20	0	0     122.5     1573.8
 5	0	21	0	0     126.7     1539.2
 5	0	22	0	0     104.4     1618.8
 5	0	23	0	0     99.89     1185.3
 5	0	24	0	0     95.73     1444.2	
 5	0	25	0	0     96.13     1609.0
 5	0	26	0	0     111.4     1365.0
 5	0	27	0	0     107.4     1736.7
 5	0	28	0	0     117.2     1452.2	
 5	0	29	0	0     114.0     1574.6
 5	0	30	0	0     117.2     1581.6		
 5	0	31	0	0     131.9     1369.5
#
#TOF Adc Down
#
 5	0	0	0	1      0.0        0.0
 5	0	1	0	1     84.22    1329.8
 5	0	2	0	1     78.81    1126.8
 5	0	3	0	1     89.61    1141.2
 5	0	4	0	1     89.22    1451.5
 5	0	5	0	1     100.3    1581.5
 5	0	6	0	1     83.32    1371.9
 5	0	7	0	1     82.46    1250.4
 5	0	8	0	1     86.56    1487.1			
 5	0	9	0	1     87.31    1526.9	
 5	0	10	0	1     85.72    1331.9	
 5	0	11	0	1     91.86    1444.7
 5	0	12	0	1     93.65    1432.8
 5	0	13	0	1     91.20    1429.0
 5	0	14	0	1     94.95    1547.5	
 5	0	15	0	1     94.40    1508.5	
 5	0	16	0	1     86.15    1528.0	
 5	0	17	0	1     87.79    1421.4	
 5	0	18	0	1     85.88    1539.0	
 5	0	19	0	1     87.97    1584.1
 5	0	20	0	1     81.12    1697.7
 5	0	21	0	1     88.83    1351.8
 5	0	22	0	1     97.15    1420.6	
 5	0	23	0	1     86.87    1368.0	
 5	0	24	0	1     99.18    1424.6	
 5	0	25	0	1     109.9    1505.5	
 5	0	26	0	1     91.78    1193.3
 5	0	27	0	1     89.69    1238.2
 5	0	28	0	1     99.99    1590.6
 5	0	29	0	1     88.14    1151.0
 5	0	30	0	1     97.43    1345.7	
 5	0	31	0	1     108.0    1379.7	
#
#TOF Tdc Up
#
 5	0	0	1	0	 600.0   0.025
 5	0	1	1	0	 600.0   0.025
 5	0	2	1	0	 600.0   0.025
 5	0	3	1	0	 600.0   0.025
 5	0	4	1	0	 600.0   0.025
 5	0	5	1	0	 600.0   0.025
 5	0	6	1	0	 190.0   0.025
 5	0	7	1	0	 190.0   0.025
 5	0	8	1	0	 190.0   0.025
 5	0	9	1	0	 200.0   0.025
 5	0	10	1	0	 79.70   0.025
 5	0	11	1	0	 237.4   0.025
 5	0	12	1	0	 191.0   0.025
 5	0	13	1	0	 214.0   0.025
 5	0	14	1	0	 232.0   0.025
 5	0	15	1	0	 218.8   0.025
 5	0	16	1	0	 494.1   0.025
 5	0	17	1	0	 551.3   0.025
 5	0	18	1	0	 586.4   0.025
 5	0	19	1	0	 401.1   0.025
 5	0	20	1	0	 541.4   0.025
 5	0	21	1	0	 459.8   0.025
 5	0	22	1	0	 473.5   0.025
 5	0	23	1	0	 428.1   0.025
 5	0	24	1	0	 376.7   0.025
 5	0	25	1	0	 302.6   0.025
 5	0	26	1	0	 354.9   0.025
 5	0	27	1	0	 425.9   0.025
 5	0	28	1	0	 479.1   0.025
 5	0	29	1	0	 385.6   0.025
 5	0	30	1	0	 355.3   0.025
 5	0	31	1	0	 354.7   0.025
#
#TOF Tdc Down
#
 5	0	0	1	1	 600.0   0.025
 5	0	1	1	1	 600.0   0.025
 5	0	2	1	1	 600.0   0.025
 5	0	3	1	1	 600.0   0.025
 5	0	4	1	1	 600.0   0.025
 5	0	5	1	1	 600.0   0.025
 5	0	6	1	1	 300.0   0.025
 5	0	7	1	1	 260.0   0.025
 5	0	8	1	1	 220.0   0.025
 5	0	9	1	1	 245.0   0.025
 5	0	10	1	1	 262.2   0.025
 5	0	11	1	1	 214.6   0.025
 5	0	12	1	1	 240.0   0.025
 5	0	13	1	1	 313.4   0.025
 5	0	14	1	1	 192.3   0.025
 5	0	15	1	1	 252.1   0.025
 5	0	16	1	1	 438.3   0.025
 5	0	17	1	1	 467.2   0.025
 5	0	18	1	1	 486.2   0.025
 5	0	19	1	1	 398.7   0.025
 5	0	20	1	1	 469.9   0.025
 5	0	21	1	1	 505.0   0.025
 5	0	22	1	1	 386.4   0.025
 5	0	23	1	1	 421.4   0.025
 5	0	24	1	1	 388.2   0.025
 5	0	25	1	1	 242.4   0.025
 5	0	26	1	1	 412.0   0.025
 5	0	27	1	1	 445.3   0.025
 5	0	28	1	1	 318.1   0.025
 5	0	29	1	1	 302.6   0.025
 5	0	30	1	1	 362.6   0.025
 5	0	31	1	1	 385.0   0.025
#
#
#LC Adc Up
#
 7	0	0	0	0	120.3     567.5
 7	0	1	0	0	133.6     233.3
 7	0	2	0	0	114.5     828.3
 7	0	3	0	0	122.6     432.3
 7	0	4	0	0	110.6     115.5
 7	0	5	0	0	110.8     325.8
 7	0	6	0	0	119.7     191.3
 7	0	7	0	0	116.1     320.8
 7	0	8	0	0	111.0     441.3
 7	0	9	0	0	115.3     313.6
 7	0	10	0	0	123.8     404.8
 7	0	11	0	0	123.8     575.8
 7	0	12	0	0	118.2     339.6
 7	0	13	0	0	121.6     372.3
 7	0	14	0	0	107.7     253.7
 7	0	15	0	0	107.1     298.8
 7	0	16	0	0	114.3     274.6
 7	0	17	0	0	107.4     228.4
 7	0	18	0	0	98.68     198.9
 7	0	19	0	0	108.7     267.7
 7	0	20	0	0	104.3     263.9
 7	0	21	0	0	112.3     291.2
 7	0	22	0	0	97.98     326.0
 7	0	23	0	0	100.6     298.7
 7	0	24	0	0	92.05     331.2
 7	0	25	0	0	98.10     304.7
 7	0	26	0	0	108.6     336.7
 7	0	27	0	0	107.3     309.3
#
#LC Adc Down
#
 7	0	0	0	1	70.18     285.9
 7	0	1	0	1	79.87     273.9
 7	0	2	0	1	66.14     231.8
 7	0	3	0	1	73.42     585.9
 7	0	4	0	1	64.77     164.0
 7	0	5	0	1	73.44     336.5
 7	0	6	0	1	61.75     392.4
 7	0	7	0	1	80.37     364.6
 7	0	8	0	1	71.26     233.5
 7	0	9	0	1	76.91     364.6
 7	0	10	0	1	66.45     349.7
 7	0	11	0	1	78.37     350.6
 7	0	12	0	1	64.84     295.6
 7	0	13	0	1	71.48     336.2
 7	0	14	0	1	68.48     203.2
 7	0	15	0	1	84.32     231.3
 7	0	16	0	1	79.53     286.3
 7	0	17	0	1	65.77     212.6
 7	0	18	0	1	75.07     182.6
 7	0	19	0	1	73.75     230.6
 7	0	20	0	1	75.53     227.3
 7	0	21	0	1	81.43     241.3
 7	0	22	0	1	78.60     307.1
 7	0	23	0	1	76.79     313.3
 7	0	24	0	1	77.39     322.5
 7	0	25	0	1	91.08     324.4
 7	0	26	0	1	69.30     332.4
 7	0	27	0	1	82.61     235.2
#
#LC Tdc Up
#
 7	0	0	1	0	 500.0   0.025
 7	0	1	1	0	 500.0   0.025
 7	0	2	1	0	 500.0   0.025
 7	0	3	1	0	 500.0   0.025
 7	0	4	1	0	 500.0   0.025
 7	0	5	1	0	 500.0   0.025
 7	0	6	1	0	 500.0   0.025
 7	0	7	1	0	-377.2   0.025
 7	0	8	1	0	-270.4   0.025
 7	0	9	1	0	-299.9   0.025
 7	0	10	1	0	-426.4   0.025
 7	0	11	1	0	-412.5   0.025
 7	0	12	1	0	-432.7   0.025
 7	0	13	1	0	-405.6   0.025
 7	0	14	1	0	 238.8   0.025
 7	0	15	1	0	 415.6   0.025
 7	0	16	1	0	 347.2   0.025
 7	0	17	1	0	 246.3   0.025
 7	0	18	1	0	 380.4   0.025
 7	0	19	1	0	 248.5   0.025
 7	0	20	1	0	 281.8   0.025
 7	0	21	1	0	 190.6   0.025
 7	0	22	1	0	 199.2   0.025
 7	0	23	1	0	 332.6   0.025
 7	0	24	1	0	 267.3   0.025
 7	0	25	1	0	 187.0   0.025
 7	0	26	1	0	 210.0   0.025
 7	0	27	1	0	 292.0   0.025
#
#LC Tdc Down
#
 7	0	0	1	1	 500.0   0.025
 7	0	1	1	1	 500.0   0.025
 7	0	2	1	1	 500.0   0.025
 7	0	3	1	1	 500.0   0.025
 7	0	4	1	1	 500.0   0.025
 7	0	5	1	1	 500.0   0.025
 7	0	6	1	1	 500.0   0.025
 7	0	7	1	1	-377.2   0.025
 7	0	8	1	1	-270.4   0.025
 7	0	9	1	1	-261.9   0.025
 7	0	10	1	1	-315.9   0.025
 7	0	11	1	1	-275.2   0.025
 7	0	12	1	1	-353.4   0.025
 7	0	13	1	1	-311.9   0.025
 7	0	14	1	1	 162.7   0.025
 7	0	15	1	1	 245.9   0.025
 7	0	16	1	1	 320.8   0.025
 7	0	17	1	1	 288.3   0.025
 7	0	18	1	1	 313.4   0.025
 7	0	19	1	1	 255.5   0.025
 7	0	20	1	1	 88.37   0.025
 7	0	21	1	1	 273.4   0.025
 7	0	22	1	1	 202.8   0.025
 7	0	23	1	1	 116.4   0.025
 7	0	24	1	1	 223.5   0.025
 7	0	25	1	1	 44.01   0.025
 7	0	26	1	1	 183.2   0.025
 7	0	27	1	1	 79.40   0.025
#
#
#AC1 Adc
#
 6	0	0	0	0	76.58     298.4
 6	0	1	0	0	82.66     284.9
 6	0	2	0	0	95.91     277.2
 6	0	3	0	0	74.79     358.6
 6	0	4	0	0	82.21     267.9
 6	0	5	0	0	80.93     235.5
 6	0	6	0	0	82.10     286.6
 6	0	7	0	0	86.92     293.1
 6	0	8	0	0	93.05     306.5
 6	0	9	0	0	63.19     221.7
 6	0	10	0	0	72.20     326.7
 6	0	11	0	0	73.31     252.1
 6	0	12	0	0	78.33     271.8
 6	0	13	0	0	69.73     229.5
 6	0	14	0	0	69.45     211.6
 6	0	15	0	0	84.96     309.2
 6	0	16	0	0	86.95     269.6
 6	0	17	0	0	80.60     265.6
#
#AC2 Adc
#
 6	1	0	0	0	110.3     375.8
 6	1	1	0	0	99.77     309.1
 6	1	2	0	0	108.5     276.8
 6	1	3	0	0	110.9     361.7
 6	1	4	0	0	109.4     337.8
 6	1	5	0	0	122.2     358.1
 6	1	6	0	0	79.45     279.9
 6	1	7	0	0	78.36     308.7
 6	1	8	0	0	100.6     334.4
 6	1	9	0	0	105.8     393.0
 6	1	10	0	0	99.40     326.5
 6	1	11	0	0	99.22     278.6
 6	1	12	0	0	109.7     287.6
 6	1	13	0	0	112.4     346.6
 6	1	14	0	0	93.14     321.0
 6	1	15	0	0	90.88     341.8
 6	1	16	0	0	101.6     304.1
 6	1	17 	0	0	116.7     329.9
 6	1	18	0	0	108.6     340.8
 6	1	19	0	0	114.8     365.5
#
#AC1 Tdc
#
 6	0	0	1	0	851.1	0.025
 6	0	1	1	0	873.1	0.025
 6	0	2	1	0	796.7	0.025
 6	0	3	1	0	866.6	0.025
 6	0	4	1	0	805.8	0.025
 6	0	5	1	0	795.9	0.025
 6	0	6	1	0	751.3	0.025
 6	0	7	1	0	751.0	0.025
 6	0	8	1	0	850.2	0.025
 6	0	9	1	0	895.5	0.025
 6	0	10	1	0	971.2	0.025
 6	0	11	1	0	629.7	0.025
 6	0	12	1	0	797.2	0.025
 6	0	13	1	0	716.9	0.025
 6	0	14	1	0	775.9	0.025
 6	0	15	1	0	1021.0	0.025
 6	0	16	1	0	795.6	0.025
 6	0	17 	1	0	774.2	0.025
#
#AC2 Tdc
#
 6	1	0	1	0	894.1	0.025
 6	1	1	1	0	930.8	0.025
 6	1	2	1	0	916.9	0.025
 6	1	3	1	0	760.7	0.025
 6	1	4	1	0	868.2	0.025
 6	1	5	1	0	909.8	0.025
 6	1	6	1	0	843.3	0.025
 6	1	7	1	0	905.1	0.025
 6	1	8	1	0	712.4	0.025
 6	1	9	1	0	758.3	0.025
 6	1	10	1	0	1095.0	0.025
 6	1	11	1	0	1028.0	0.025
 6	1	12	1	0	1011.0	0.025
 6	1	13	1	0	917.2	0.025
 6	1	14	1	0	918.3	0.025
 6	1	15	1	0	946.9	0.025
 6	1	16	1	0	802.5	0.025
 6	1	17 	1	0	914.0	0.025
 6	1	18	1	0	954.1	0.025
 6	1	19	1	0	997.0	0.025
#
