# HodoParam.e13_0
# 
#   BH1&BH2 20150411 
#   BFT 20150415(run07180)
#   TOF run07258
# CId	PlId	SegId	AorT	UorD	p0	p1
#
# BH1 Adc Up
#
 3      0      0      0      0      69	260
 3      0      1      0      0      65	350
 3      0      2      0      0      65	297
 3      0      3      0      0      69	237
 3      0      4      0      0      77	241
 3      0      5      0      0      77	241
 3      0      6      0      0      69	213
 3      0      7      0      0      81	209
 3      0      8      0      0      81	305
 3      0      9      0      0      41	385
 3      0      10     0      0      73	340
#
# BH1 Adc Down
#
 3      0      0      0      1      29	255
 3      0      1      0      1      13	260
 3      0      2      0      1      25	229
 3      0      3      0      1      17	209
 3      0      4      0      1      21	75 
 3      0      5      0      1      37	177
 3      0      6      0      1      53	220
 3      0      7      0      1      37	113
 3      0      8      0      1      33	313
 3      0      9      0      1      37	213
 3      0      10     0      1      25	200
#
# BH1 Tdc Up
#
 3      0       0       1       0    800         0.025
 3      0       1       1       0    817         0.025
 3      0       2       1       0    689.342     0.025	
 3      0       3       1       0    756.252      0.025
 3      0       4       1       0    678.132     0.025
 3      0       5       1       0    582.083     0.025
 3      0       6       1       0    613.412     0.025
 3      0       7       1       0    665.414     0.025
 3      0       8       1       0    597.732     0.025
 3      0       9       1       0    657         0.025
 3      0       10      1       0    705         0.025
#
# BH1 Tdc Down
#
 3      0       0       1       1    917         0.025
 3      0       1       1       1    833         0.025
 3      0       2       1       1    836.385     0.025
 3      0       3       1       1    788.575      0.025
 3      0       4       1       1    708.75      0.025
 3      0       5       1       1    898.083     0.025
 3      0       6       1       1    929.699     0.025
 3      0       7       1       1    876.578     0.025
 3      0       8       1       1    961.532     0.025
 3      0       9       1       1    893         0.025
 3      0       10      1       1    937         0.025
#
# BH2 Adc Dw
#
 4      0      0      0      0      81	341
 4      0      1      0      0      73	389
 4      0      2      0      0      77	369
 4      0      3      0      0      81	313
 4      0      4      0      0      73	365
#
# BH2 Tdc Dw
#
 4      0       0       1       0   555      0.025
 4      0       1       1       0   539      0.025
 4      0       2       1       0   473      0.025
 4      0       3       1       0   700      0.025
 4      0       4       1       0   793      0.025
#
# BH2 cable offset
#
 4      0       0       1       2       0.012786->Offset  	 1.0
 4      0       1       1       2       0.304556 	 1.0
 4      0       2       1       2       0.085472 	 1.0
 4      0       3       1       2       0.280627 	 1.0
 4      0       4       1       2       0.0282977	 1.0
#
#TOF Adc Up
#
 5      0      0       0      0      117    1000
 5      0      1       0      0      117    1100
 5      0      2       0      0      117    1100
 5      0      3       0      0      129    1248
 5      0      4       0      0      125    1000
 5      0      5       0      0      121    950 
 5      0      6       0      0      113    1050
 5      0      7       0      0      121    1000
 5      0      8       0      0      125    1009
 5      0      9       0      0      133    980 
 5      0      10      0      0      129    1000
 5      0      11      0      0      133    1000 
 5      0      12      0      0      125    1050
 5      0      13      0      0      125    1068
 5      0      14      0      0      129    909 
 5      0      15      0      0      141    1128
 5      0      16      0      0      93     969 
 5      0      17      0      0      97     1150
 5      0      18      0      0      97     1009
 5      0      19      0      0      93     1300
 5      0      20      0      0      89     1180
 5      0      21      0      0      85     1048
 5      0      22      0      0      97     1268
 5      0      23      0      0      101    1000
 5      0      24      0      0      89     1100
 5      0      25      0      0      81     1100
 5      0      26      0      0      89     1000 
 5      0      27      0      0      93     1188
 5      0      28      0      0      93     1250
 5      0      29      0      0      101    1500
 5      0      30      0      0      97     1050
 5      0      31      0      0      109    1150
#
#TOF Adc Down
#
 5      0      0       0      1      85     1088
 5      0      1       0      1      89     1148
 5      0      2       0      1      85     1000
 5      0      3       0      1      93     1000
 5      0      4       0      1      101    850
 5      0      5       0      1      97     1050
 5      0      6       0      1      89     1148
 5      0      7       0      1      89     1050
 5      0      8       0      1      89     1000
 5      0      9       0      1      93     1180
 5      0      10      0      1      93     1100
 5      0      11      0      1      97     1030
 5      0      12      0      1      97     1128
 5      0      13      0      1      97     1128
 5      0      14      0      1      101    1028
 5      0      15      0      1      101    1348
 5      0      16      0      1      93     1108
 5      0      17      0      1      93     1200
 5      0      18      0      1      93     1220
 5      0      19      0      1      97     1180
 5      0      20      0      1      85     1170
 5      0      21      0      1      93     1328
 5      0      22      0      1      109    1080
 5      0      23      0      1      89     1148
 5      0      24      0      1      101    1148
 5      0      25      0      1      121    1180
 5      0      26      0      1      101    1060
 5      0      27      0      1      93     1250
 5      0      28      0      1      109    1220
 5      0      29      0      1      97     1250
 5      0      30      0      1      93     1170
 5      0      31      0      1      105    1200
#
#TOF Tdc Up
#
 5	0	0	1	0     414.764       0.0260168
 5	0	1	1	0     540.485	    0.0265315 
 5	0	2	1	0     472.217	    0.0267889
 5	0	3	1	0     495.577	    0.0265055
 5	0	4	1	0     470.264	    0.0264985
 5	0	5	1	0     328.833	    0.0266701
 5	0	6	1	0     412.187	    0.0268451
 5	0	7	1	0     330.840	    0.0265875
 5	0	8	1	0     350.915	    0.0268261
 5	0	9	1	0     390.017	    0.0265292
 5	0	10	1	0     249.263	    0.0269399
 5	0	11	1	0     371.580	    0.0270591
 5	0	12	1	0     305.281	    0.0265537
 5	0	13	1	0     400.181	    0.0269101
 5	0	14	1	0     370.689	    0.0264777
 5	0	15	1	0     258.397	    0.0270321
 5	0	16	1	0     599.877	    0.0263508
 5	0	17	1	0     596.187	    0.0266856
 5	0	18	1	0     681.840	    0.0263577
 5	0	19	1	0     489.825 	    0.0263064
 5	0	20	1	0     672.189	    0.0265319
 5	0	21	1	0     577.962	    0.0264706
 5	0	22	1	0     576.716	    0.0266197
 5	0	23	1	0     528.919	    0.026072
 5	0	24	1	0     486.961	    0.0264506
 5	0	25	1	0     449.064	    0.027302
 5	0	26	1	0     445.864 	    0.0259544
 5	0	27	1	0     533.415	    0.0259333
 5	0	28	1	0     595.356	    0.0269397
 5	0	29	1	0     476.634	    0.026236
 5	0	30	1	0     472.340	    0.0261441
 5	0	31	1	0     433.135	    0.0265582
#
#TOF Tdc Down
#
 5	0	0	1	1     290.652	   0.0261899
 5	0	1	1	1     446.492 	   0.0265609
 5	0	2	1	1     561.740 	   0.0266279
 5	0	3	1	1     387.307 	   0.0262368
 5	0	4	1	1     345.880 	   0.026006
 5	0	5	1	1     282.765 	   0.026081
 5	0	6	1	1     487.265 	   0.0258777
 5	0	7	1	1     367.447 	   0.0260411
 5	0	8	1	1     258.844  	   0.0261993
 5	0	9	1	1     404.752 	   0.0262618
 5	0	10	1	1     408.080 	   0.0259636
 5	0	11	1	1     372.010 	   0.026136
 5	0	12	1	1     399.396 	   0.0261759
 5	0	13	1	1     409.757  	   0.0255879
 5	0	14	1	1     305.848	   0.0260669
 5	0	15	1	1     406.448 	   0.0260319
 5	0	16	1	1     550.292 	   0.0269797
 5	0	17	1	1     608.364 	   0.0267713
 5	0	18	1	1     586.459 	   0.0257108
 5	0	19	1	1     519.317 	   0.0264633
 5	0	20	1	1     590.146 	   0.0269316
 5	0	21	1	1     811.072  	   0.026659
 5	0	22	1	1     475.977 	   0.0269922
 5	0	23	1	1     620.339 	   0.0255473
 5	0	24	1	1     481.910 	   0.0260917
 5	0	25	1	1     359.148 	   0.0266356
 5	0	26	1	1     494.823 	   0.0255673
 5	0	27	1	1     523.633 	   0.0264562
 5	0	28	1	1     438.982 	   0.0267909
 5	0	29	1	1     422.488 	   0.0272729
 5	0	30	1	1     482.614 	   0.0258709
 5	0	31	1	1     533.473 	   0.0264064
#
#
#LC Adc Up
#
 7      0      0       0      0     102	206 
 7      0      1       0      0     114	222 
 7      0      2       0      0     94	206 
 7      0      3       0      0     102	270 
 7      0      4       0      0     94	194 
 7      0      5       0      0     94	194 
 7      0      6       0      0     98	158 
 7      0      7       0      0     98	214 
 7      0      8       0      0     94	174 
 7      0      9       0      0     98	182 
 7      0      10      0      0     106	194 
 7      0      11      0      0     106	210 
 7      0      12      0      0     102	182 
 7      0      13      0      0     102	306 
 7      0      14      0      0     110	278 
 7      0      15      0      0     110	254 
 7      0      16      0      0     118	302 
 7      0      17      0      0     110	274 
 7      0      18      0      0     102	294 
 7      0      19      0      0     114	286 
 7      0      20      0      0     110	386 
 7      0      21      0      0     114	310 
 7      0      22      0      0     102	326 
 7      0      23      0      0     106	338 
 7      0      24      0      0     98	262 
 7      0      25      0      0     102	254 
 7      0      26      0      0     114	330 
 7      0      27      0      0     114	318 
#
#LC Adc Down
#
 7      0      0       0      1     50	246 
 7      0      1       0      1     62	190 
 7      0      2       0      1     46	170 
 7      0      3       0      1     54	178 
 7      0      4       0      1     46	174 
 7      0      5       0      1     66	170 
 7      0      6       0      1     42	158 
 7      0      7       0      1     62	166 
 7      0      8       0      1     54	162 
 7      0      9       0      1     58	162 
 7      0      10      0      1     46	158 
 7      0      11      0      1     58	162 
 7      0      12      0      1     46	306 
 7      0      13      0      1     54	338 
 7      0      14      0      1     70	238 
 7      0      15      0      1     86	326 
 7      0      16      0      1     82	338 
 7      0      17      0      1     66	246 
 7      0      18      0      1     78	218 
 7      0      19      0      1     74	266 
 7      0      20      0      1     78	234 
 7      0      21      0      1     86	238 
 7      0      22      0      1     82	322 
 7      0      23      0      1     78	262 
 7      0      24      0      1     78	290 
 7      0      25      0      1     94	310 
 7      0      26      0      1     74	290 
 7      0      27      0      1     86	270 
#
#LC Tdc Up
#
 7      0      0      1      0      777.200      0.025
 7      0      1      1      0      873.600      0.025
 7      0      2      1      0      796.400      0.025
 7      0      3      1      0      804.200      0.025
 7      0      4      1      0      757.100      0.025
 7      0      5      1      0      900.000      0.025
 7      0      6      1      0      869.200      0.025
 7      0      7      1      0      661.900      0.025
 7      0      8      1      0      814.200      0.025
 7      0      9      1      0      744.700      0.025
 7      0      10      1      0      609.200      0.025
 7      0      11      1      0      642.500      0.025
 7      0      12      1      0      592.700      0.025
 7      0      13      1      0      663.900      0.025
 7      0      14      1      0      1294.800      0.025
 7      0      15      1      0      1493.300      0.025
 7      0      16      1      0      1403.800      0.025
 7      0      17      1      0      1438.300      0.025
 7      0      18      1      0      1556.400      0.025
 7      0      19      1      0      1464.500      0.025
 7      0      20      1      0      1481.800      0.025
 7      0      21      1      0      1390.600      0.025
 7      0      22      1      0      1431.200      0.025
 7      0      23      1      0      1552.600      0.025
 7      0      24      1      0      1495.300      0.025
 7      0      25      1      0      1427.000      0.025
 7      0      26      1      0      1430.000      0.025
 7      0      27      1      0      1480.000      0.025
#
#LC Tdc Down
#
 7      0      0      1      1      777.200      0.025
 7      0      1      1      1      873.600      0.025
 7      0      2      1      1      796.400      0.025
 7      0      3      1      1      804.200      0.025
 7      0      4      1      1      757.100      0.025
 7      0      5      1      1      900.000      0.025
 7      0      6      1      1      869.200      0.025
 7      0      7      1      1      665.200      0.025
 7      0      8      1      1      814.200      0.025
 7      0      9      1      1      782.700      0.025
 7      0      10      1      1      720.300      0.025
 7      0      11      1      1      779.400      0.025
 7      0      12      1      1      672.100      0.025
 7      0      13      1      1      758.200      0.025
 7      0      14      1      1      1218.800      0.025
 7      0      15      1      1      1324.400      0.025
 7      0      16      1      1      1491.400      0.025
 7      0      17      1      1      1480.300      0.025
 7      0      18      1      1      1489.400      0.025
 7      0      19      1      1      1471.500      0.025
 7      0      20      1      1      1288.700      0.025
 7      0      21      1      1      1473.400      0.025
 7      0      22      1      1      1434.800      0.025
 7      0      23      1      1      1336.400      0.025
 7      0      24      1      1      1451.500      0.025
 7      0      25      1      1      1284.100      0.025
 7      0      26      1      1      1403.200      0.025
 7      0      27      1      1      1267.400      0.025

#
# BMW Adc
#
 10      0      0      0      0      90.0000	200.000
#
# BMW Tdc
#
 10      0       0       1       0       1200.0   0.025
#
# BAC Adc
#
 9      0      0      0      0      90.0000	200.000
 9      0      1      0      0      90.0000	200.000
 9      0      2      0      0      90.0000	200.000
 9      0      3      0      0      90.0000	200.000
 9      0      4      0      0      90.0000	200.000
 9      0      5      0      0      90.0000	200.000
#
# BAC Tdc
#
 9      0       0       1       0       1200.0  0.025
 9      0       1       1       0       1200.0  0.025
 9      0       2       1       0       1200.0  0.025
 9      0       3       1       0       1200.0  0.025
 9      0       4       1       0       1200.0  0.025
 9      0       5       1       0       1200.0  0.025
#
# SFV Adc
#
 24      0      0      0      0      90.0000	200.000
 24      0      1      0      0      90.0000	200.000
 24      0      2      0      0      90.0000	200.000
 24      0      3      0      0      90.0000	200.000
 24      0      4      0      0      90.0000	200.000
 24      0      5      0      0      90.0000	200.000
 24      0      6      0      0      90.0000	200.000
 24      0      7      0      0      90.0000	200.000
 24      0      8      0      0      90.0000	200.000
 24      0      9      0      0      90.0000	200.000
 24      0      10      0      0      90.0000	200.000
 24      0      11      0      0      90.0000	200.000
 24      0      12      0      0      90.0000	200.000
 24      0      13      0      0      90.0000	200.000
 24      0      14      0      0      90.0000	200.000
 24      0      15      0      0      90.0000	200.000
 24      0      16      0      0      90.0000	200.000
 24      0      17      0      0      90.0000	200.000
#
# SFV Tdc
#
 24      0       0       1       0       1200.0  0.025
 24      0       1       1       0       1200.0  0.025
 24      0       2       1       0       1200.0  0.025
 24      0       3       1       0       1200.0  0.025
 24      0       4       1       0       1200.0  0.025
 24      0       5       1       0       1200.0  0.025
 24      0       6       1       0       1200.0  0.025
 24      0       7       1       0       1200.0  0.025
 24      0       8       1       0       1200.0  0.025
 24      0       9       1       0       1200.0  0.025
 24      0       10       1       0       1200.0  0.025
 24      0       11       1       0       1200.0  0.025
 24      0       12       1       0       1200.0  0.025
 24      0       13       1       0       1200.0  0.025
 24      0       14       1       0       1200.0  0.025
 24      0       15       1       0       1200.0  0.025
 24      0       16       1       0       1200.0  0.025
 24      0       17       1       0       1200.0  0.025
#
# TOFMT Tdc
#
 25      0       0       1       0       1200.0  0.5
 25      0       1       1       0       1200.0  0.5
 25      0       2       1       0       1200.0  0.5
 25      0       3       1       0       1200.0  0.5
 25      0       4       1       0       1200.0  0.5
 25      0       5       1       0       1200.0  0.5
 25      0       6       1       0       1200.0  0.5
 25      0       7       1       0       1200.0  0.5
 25      0       8       1       0       1200.0  0.5
 25      0       9       1       0       1200.0  0.5
 25      0       10       1       0       1200.0  0.5
 25      0       11       1       0       1200.0  0.5
 25      0       12       1       0       1200.0  0.5
 25      0       13       1       0       1200.0  0.5
 25      0       14       1       0       1200.0  0.5
 25      0       15       1       0       1200.0  0.5
 25      0       16       1       0       1200.0  0.5
 25      0       17       1       0       1200.0  0.5
 25      0       18       1       0       1200.0  0.5
 25      0       19       1       0       1200.0  0.5
 25      0       20       1       0       1200.0  0.5
 25      0       21       1       0       1200.0  0.5
 25      0       22       1       0       1200.0  0.5
 25      0       23       1       0       1200.0  0.5
 25      0       24       1       0       1200.0  0.5
 25      0       25       1       0       1200.0  0.5
 25      0       26       1       0       1200.0  0.5
 25      0       27       1       0       1200.0  0.5
 25      0       28       1       0       1200.0  0.5
 25      0       29       1       0       1200.0  0.5
 25      0       30       1       0       1200.0  0.5
 25      0       31       1       0       1200.0  0.5
#
#BFT U
#
 110	0	0	1	0	739.167 1.
 110	0	1	1	0	736.726 1.
 110	0	2	1	0	735.203 1.
 110	0	3	1	0	735.867 1.
 110	0	4	1	0	735.405 1.
 110	0	5	1	0	736.547 1.
 110	0	6	1	0	736.437 1.
 110	0	7	1	0	736.871 1.
 110	0	8	1	0	736.57  1.
 110	0	9	1	0	736.458 1.
 110	0	10	1	0	736.679 1.
 110	0	11	1	0	737.378 1.
 110	0	12	1	0	736.396 1.
 110	0	13	1	0	738.188 1.
 110	0	14	1	0	736.685 1.
 110	0	15	1	0	737.686 1.
 110	0	16	1	0	737.89  1.
 110	0	17 	1	0	738.752 1.
 110	0	18	1	0	737.177 1.
 110	0	19	1	0	737.809 1.
 110	0	20	1	0	737.034 1.
 110	0	21	1	0	738.011 1.
 110	0	22	1	0	736.707 1.
 110	0	23	1	0	737.069 1.
 110	0	24	1	0	738.062 1.
 110	0	25	1	0	738.816 1.
 110	0	26	1	0	737.041 1.
 110	0	27	1	0	737.074 1.
 110	0	28	1	0	737.597 1.
 110	0	29	1	0	739.13  1.
 110	0	30	1	0	737.301 1.
 110	0	31	1	0	737.267 1.
 110	0	32	1	0	737.522 1.
 110	0	33	1	0	735.755 1.
 110	0	34	1	0	737.233 1.
 110	0	35 	1	0	737.889 1.
 110	0	36	1	0	737.678 1.
 110	0	37	1	0	738.828 1.
 110	0	38	1	0	736.355 1.
 110	0	39	1	0	737.042 1.
 110	0	40	1	0	736.982 1.
 110	0	41	1	0	738.458 1.
 110	0	42	1	0	736.674 1.
 110	0	43	1	0	737.93  1.
 110	0	44	1	0	736.764 1.
 110	0	45	1	0	738.34  1.
 110	0	46	1	0	737.233 1.
 110	0	47	1	0	737.927 1.
 110	0	48	1	0	738.031 1.
 110	0	49	1	0	739.485 1.
 110	0	50	1	0	736.588 1.
 110	0	51	1	0	737.622 1.
 110	0	52	1	0	737.821 1.
 110	0	53 	1	0	738.548 1.
 110	0	54	1	0	736.03  1.
 110	0	55	1	0	737.677 1.
 110	0	56 	1	0	738.34  1.
 110	0	57	1	0	738.815 1.
 110	0	58	1	0	736.967 1.
 110	0	59	1	0	738.558 1.
 110	0	60	1	0	736.732 1.
 110	0	61 	1	0	737.516 1.
 110	0	62	1	0	736.407 1.
 110	0	63	1	0	737.432 1.
 110	0	64	1	0	736.614 1.
 110	0	65	1	0	736.192 1.
 110	0	66	1	0	737.394 1.
 110	0	67	1	0	735.232 1.
 110	0	68	1	0	737.006 1.
 110	0	69	1	0	735.846 1.
 110	0	70	1	0	737.019 1.
 110	0	71	1	0	736.737 1.
 110	0	72	1	0	736.927 1.
 110	0	73	1	0	736.452 1.
 110	0	74	1	0	737.977 1.
 110	0	75	1	0	736.706 1.
 110	0	76	1	0	737.43  1.
 110	0	77	1	0	736.656 1.
 110	0	78	1	0	737.617 1.
 110	0	79	1	0	736.651 1.
 110	0	80 	1	0	738.798 1.
 110	0	81	1	0	737.485 1.
 110	0	82	1	0	737.73  1.
 110	0	83	1	0	737.029 1.
 110	0	84	1	0	737.827 1.
 110	0	85	1	0	737.505 1.
 110	0	86	1	0	737.886 1.
 110	0	87	1	0	736.902 1.
 110	0	88	1	0	738.542 1.
 110	0	89	1	0	737.943 1.
 110	0	90	1	0	737.622 1.
 110	0	91	1	0	736.869 1.
 110	0	92	1	0	739.325 1.
 110	0	93	1	0	738.404 1.
 110	0	94	1	0	737.655 1.
 110	0	95	1	0	736.926 1.
 110	0	96	1	0	738.509 1.
 110	0	97	1	0	737.299 1.
 110	0	98 	1	0	737.577 1.
 110	0	99	1	0	736.499 1.
 110	0	100	1	0	738.884 1.
 110	0	101	1	0	737.391 1.
 110	0	102	1	0	737.556 1.
 110	0	103	1	0	735.902 1.
 110	0	104	1	0	737.758 1.
 110	0	105	1	0	736.854 1.
 110	0	106	1	0	737.631 1.
 110	0	107	1	0	736.32  1.
 110	0	108	1	0	736.897 1.
 110	0	109	1	0	736.458 1.
 110	0	110	1	0	736.608 1.
 110	0	111	1	0	736.126 1.
 110	0	112	1	0	738.332 1.
 110	0	113	1	0	737.919 1.
 110	0	114	1	0	737.473 1.
 110	0	115	1	0	735.898 1.
 110	0	116 	1	0	737.802 1.
 110	0	117	1	0	736.97  1.
 110	0	118	1	0	736.266 1.
 110	0	119	1	0	735.145 1.
 110	0	120	1	0	737.843 1.
 110	0	121	1	0	736.364 1.
 110	0	122	1	0	736.717 1.
 110	0	123	1	0	735.704 1.
 110	0	124	1	0	736.607 1.
 110	0	125	1	0	733.322 1.
 110	0	126	1	0	736.33  1.
 110	0	127	1	0	735.332 1.
 110	0	128	1	0	738.114 1.
 110	0	129	1	0	736.764 1.
 110	0	130	1	0	735.656 1.
 110	0	131	1	0	735.034 1.
 110	0	132	1	0	737.041 1.
 110	0	133	1	0	737.288 1.
 110	0	134 	1	0	734.803 1.
 110	0	135	1	0	735.569 1.
 110	0	136	1	0	736.026 1.
 110	0	137	1	0	736.663 1.
 110	0	138	1	0	735.458 1.
 110	0	139	1	0	735.612 1.
 110	0	140	1	0	735.874 1.
 110	0	141	1	0	735.597 1.
 110	0	142	1	0	736.196 1.
 110	0	143	1	0	736.013 1.
 110	0	144	1	0	737.572 1.
 110	0	145	1	0	736.908 1.
 110	0	146	1	0	737.125 1.
 110	0	147	1	0	736.701 1.
 110	0	148	1	0	736.272 1.
 110	0	149	1	0	736.301 1.
 110	0	150	1	0	736.586 1.
 110	0	151	1	0	736.513 1.
 110	0	152 	1	0	736.204 1.
 110	0	153	1	0	736.305 1.
 110	0	154	1	0	737.132 1.
 110	0	155	1	0	736.818 1.
 110	0	156	1	0	735.159 1.
 110	0	157	1	0	734.821 1.
 110	0	158	1	0	736.821 1.
 110	0	159	1	0	736.784 1.
#
#BFT D
#
 110	1	0	1	0	734.721 1.
 110	1	1	1	0	734.732 1.
 110	1	2	1	0	734.063 1.
 110	1	3	1	0	734.629 1.
 110	1	4	1	0	734.725 1.
 110	1	5	1	0	735.418 1.
 110	1	6	1	0	735.499 1.
 110	1	7	1	0	735.441 1.
 110	1	8	1	0	734.851 1.
 110	1	9	1	0	735.496 1.
 110	1	10	1	0	735.957 1.
 110	1	11	1	0	736.327 1.
 110	1	12	1	0	736.268 1.
 110	1	13	1	0	735.45  1.
 110	1	14	1	0	735.995 1.
 110	1	15	1	0	735.8   1.
 110	1	16	1	0	737.226 1.
 110	1	17 	1	0	736.641 1.
 110	1	18	1	0	736.537 1.
 110	1	19	1	0	736.198 1.
 110	1	20	1	0	736.828 1.
 110	1	21	1	0	736.635 1.
 110	1	22	1	0	735.774 1.
 110	1	23	1	0	735.964 1.
 110	1	24	1	0	737.446 1.
 110	1	25	1	0	737.046 1.
 110	1	26	1	0	736.362 1.
 110	1	27	1	0	736.511 1.
 110	1	28	1	0	737.668 1.
 110	1	29	1	0	736.86  1.
 110	1	30	1	0	736.476 1.
 110	1	31	1	0	736.193 1.
 110	1	32	1	0	737.042 1.
 110	1	33	1	0	736.998 1.
 110	1	34	1	0	735.956 1.
 110	1	35 	1	0	736.838 1.
 110	1	36	1	0	737.538 1.
 110	1	37	1	0	737.404 1.
 110	1	38	1	0	736.305 1.
 110	1	39	1	0	736.343 1.
 110	1	40	1	0	736.781 1.
 110	1	41	1	0	736.344 1.
 110	1	42	1	0	735.891 1.
 110	1	43	1	0	736.064 1.
 110	1	44	1	0	736.458 1.
 110	1	45	1	0	735.913 1.
 110	1	46	1	0	735.798 1.
 110	1	47	1	0	737.069 1.
 110	1	48	1	0	738.104 1.
 110	1	49	1	0	737.471 1.
 110	1	50	1	0	736.154 1.
 110	1	51	1	0	736.334 1.
 110	1	52	1	0	737.301 1.
 110	1	53 	1	0	736.897 1.
 110	1	54	1	0	736.534 1.
 110	1	55	1	0	736.052 1.
 110	1	56 	1	0	737.446 1.
 110	1	57	1	0	737.076 1.
 110	1	58	1	0	736.928 1.
 110	1	59	1	0	736.738 1.
 110	1	60	1	0	736.483 1.
 110	1	61 	1	0	736.429 1.
 110	1	62	1	0	736.318 1.
 110	1	63	1	0	735.92  1.
 110	1	64	1	0	736.064 1.
 110	1	65	1	0	735.865 1.
 110	1	66	1	0	735.872 1.
 110	1	67	1	0	735.227 1.
 110	1	68	1	0	735.612 1.
 110	1	69	1	0	735.661 1.
 110	1	70	1	0	736.449 1.
 110	1	71	1	0	736.613 1.
 110	1	72	1	0	736.205 1.
 110	1	73	1	0	736.343 1.
 110	1	74	1	0	736.702 1.
 110	1	75	1	0	737.084 1.
 110	1	76	1	0	737.367 1.
 110	1	77	1	0	737.429 1.
 110	1	78	1	0	736.978 1.
 110	1	79	1	0	736.943 1.
 110	1	80 	1	0	738.035 1.
 110	1	81	1	0	737.607 1.
 110	1	82	1	0	737.429 1.
 110	1	83	1	0	736.981 1.
 110	1	84	1	0	737.375 1.
 110	1	85	1	0	737.285 1.
 110	1	86	1	0	736.699 1.
 110	1	87	1	0	735.349 1.
 110	1	88	1	0	737.997 1.
 110	1	89	1	0	737.714 1.
 110	1	90	1	0	736.522 1.
 110	1	91	1	0	736.711 1.
 110	1	92	1	0	737.844 1.
 110	1	93	1	0	737.969 1.
 110	1	94	1	0	736.166 1.
 110	1	95	1	0	736.542 1.
 110	1	96	1	0	737.088 1.
 110	1	97	1	0	737.088 1.
 110	1	98 	1	0	736.803 1.
 110	1	99	1	0	736.067 1.
 110	1	100	1	0	737.473 1.
 110	1	101	1	0	737.299 1.
 110	1	102	1	0	735.83  1.
 110	1	103	1	0	736.001 1.
 110	1	104	1	0	737.356 1.
 110	1	105	1	0	736.559 1.
 110	1	106	1	0	736.14  1.
 110	1	107	1	0	735.863 1.
 110	1	108	1	0	736.53  1.
 110	1	109	1	0	735.951 1.
 110	1	110	1	0	735.647 1.
 110	1	111	1	0	736.145 1.
 110	1	112	1	0	738.059 1.
 110	1	113	1	0	737.78  1.
 110	1	114	1	0	736.163 1.
 110	1	115	1	0	735.99  1.
 110	1	116 	1	0	737.142 1.
 110	1	117	1	0	736.538 1.
 110	1	118	1	0	735.065 1.
 110	1	119	1	0	735.285 1.
 110	1	120	1	0	736.956 1.
 110	1	121	1	0	736.543 1.
 110	1	122	1	0	735.956 1.
 110	1	123	1	0	735.858 1.
 110	1	124	1	0	736.088 1.
 110	1	125	1	0	735.333 1.
 110	1	126	1	0	734.608 1.
 110	1	127	1	0	735.089 1.
 110	1	128	1	0	736.411 1.
 110	1	129	1	0	736.422 1.
 110	1	130	1	0	734.132 1.
 110	1	131	1	0	734.747 1.
 110	1	132	1	0	735.921 1.
 110	1	133	1	0	735.723 1.
 110	1	134 	1	0	735.385 1.
 110	1	135	1	0	735.142 1.
 110	1	136	1	0	735.645 1.
 110	1	137	1	0	735.332 1.
 110	1	138	1	0	735.498 1.
 110	1	139	1	0	736.021 1.
 110	1	140	1	0	734.804 1.
 110	1	141	1	0	734.895 1.
 110	1	142	1	0	735.576 1.
 110	1	143	1	0	735.915 1.
 110	1	144	1	0	735.197 1.
 110	1	145	1	0	735.023 1.
 110	1	146	1	0	735.805 1.
 110	1	147	1	0	736.257 1.
 110	1	148	1	0	734.183 1.
 110	1	149	1	0	734.996 1.
 110	1	150	1	0	734.731 1.
 110	1	151	1	0	735.259 1.
 110	1	152 	1	0	734.984 1.
 110	1	153	1	0	734.96  1.
 110	1	154	1	0	735.04  1.
 110	1	155	1	0	735.743 1.
 110	1	156	1	0	734.19  1.
 110	1	157	1	0	734.857 1.
 110	1	158	1	0	734.656 1.
 110	1	159	1	0	735.221 1.

# SP0 AdcUp
26      0      0      0      0      0.          1.
26      0      1      0      0      0.          1.
26      0      2      0      0      0.          1.
26      0      3      0      0      0.          1.
26      0      4      0      0      0.          1.
26      0      5      0      0      0.          1.
26      0      6      0      0      0.          1.
26      0      7      0      0      0.          1.

26      1      0      0      0      0.          1.
26      1      1      0      0      0.          1.
26      1      2      0      0      0.          1.
26      1      3      0      0      0.          1.
26      1      4      0      0      0.          1.
26      1      5      0      0      0.          1.
26      1      6      0      0      0.          1.
26      1      7      0      0      0.          1.

26      2      0      0      0      0.          1.
26      2      1      0      0      0.          1.
26      2      2      0      0      0.          1.
26      2      3      0      0      0.          1.
26      2      4      0      0      0.          1.
26      2      5      0      0      0.          1.
26      2      6      0      0      0.          1.
26      2      7      0      0      0.          1.

26      3      0      0      0      0.          1.
26      3      1      0      0      0.          1.
26      3      2      0      0      0.          1.
26      3      3      0      0      0.          1.
26      3      4      0      0      0.          1.
26      3      5      0      0      0.          1.
26      3      6      0      0      0.          1.
26      3      7      0      0      0.          1.

26      4      0      0      0      0.          1.
26      4      1      0      0      0.          1.
26      4      2      0      0      0.          1.
26      4      3      0      0      0.          1.
26      4      4      0      0      0.          1.
26      4      5      0      0      0.          1.
26      4      6      0      0      0.          1.
26      4      7      0      0      0.          1.

26      5      0      0      0      0.          1.
26      5      1      0      0      0.          1.
26      5      2      0      0      0.          1.
26      5      3      0      0      0.          1.
26      5      4      0      0      0.          1.
26      5      5      0      0      0.          1.
26      5      6      0      0      0.          1.
26      5      7      0      0      0.          1.

26      6      0      0      0      0.          1.
26      6      1      0      0      0.          1.
26      6      2      0      0      0.          1.
26      6      3      0      0      0.          1.
26      6      4      0      0      0.          1.
26      6      5      0      0      0.          1.
26      6      6      0      0      0.          1.
26      6      7      0      0      0.          1.

26      7      0      0      0      0.          1.
26      7      1      0      0      0.          1.
26      7      2      0      0      0.          1.
26      7      3      0      0      0.          1.
26      7      4      0      0      0.          1.
26      7      5      0      0      0.          1.
26      7      6      0      0      0.          1.
26      7      7      0      0      0.          1.

# SP0 Adc Down
26      0      0      0      1      0.          1.
26      0      1      0      1      0.          1.
26      0      2      0      1      0.          1.
26      0      3      0      1      0.          1.
26      0      4      0      1      0.          1.
26      0      5      0      1      0.          1.
26      0      6      0      1      0.          1.
26      0      7      0      1      0.          1.

26      1      0      0      1      0.          1.
26      1      1      0      1      0.          1.
26      1      2      0      1      0.          1.
26      1      3      0      1      0.          1.
26      1      4      0      1      0.          1.
26      1      5      0      1      0.          1.
26      1      6      0      1      0.          1.
26      1      7      0      1      0.          1.

26      2      0      0      1      0.          1.
26      2      1      0      1      0.          1.
26      2      2      0      1      0.          1.
26      2      3      0      1      0.          1.
26      2      4      0      1      0.          1.
26      2      5      0      1      0.          1.
26      2      6      0      1      0.          1.
26      2      7      0      1      0.          1.

26      3      0      0      1      0.          1.
26      3      1      0      1      0.          1.
26      3      2      0      1      0.          1.
26      3      3      0      1      0.          1.
26      3      4      0      1      0.          1.
26      3      5      0      1      0.          1.
26      3      6      0      1      0.          1.
26      3      7      0      1      0.          1.

26      4      0      0      1      0.          1.
26      4      1      0      1      0.          1.
26      4      2      0      1      0.          1.
26      4      3      0      1      0.          1.
26      4      4      0      1      0.          1.
26      4      5      0      1      0.          1.
26      4      6      0      1      0.          1.
26      4      7      0      1      0.          1.

26      5      0      0      1      0.          1.
26      5      1      0      1      0.          1.
26      5      2      0      1      0.          1.
26      5      3      0      1      0.          1.
26      5      4      0      1      0.          1.
26      5      5      0      1      0.          1.
26      5      6      0      1      0.          1.
26      5      7      0      1      0.          1.

26      6      0      0      1      0.          1.
26      6      1      0      1      0.          1.
26      6      2      0      1      0.          1.
26      6      3      0      1      0.          1.
26      6      4      0      1      0.          1.
26      6      5      0      1      0.          1.
26      6      6      0      1      0.          1.
26      6      7      0      1      0.          1.

26      7      0      0      1      0.          1.
26      7      1      0      1      0.          1.
26      7      2      0      1      0.          1.
26      7      3      0      1      0.          1.
26      7      4      0      1      0.          1.
26      7      5      0      1      0.          1.
26      7      6      0      1      0.          1.
26      7      7      0      1      0.          1.

# SP0 Tdc Up
26      0      0      1      0      0.          1.
26      0      1      1      0      0.          1.
26      0      2      1      0      0.          1.
26      0      3      1      0      0.          1.
26      0      4      1      0      0.          1.
26      0      5      1      0      0.          1.
26      0      6      1      0      0.          1.
26      0      7      1      0      0.          1.

26      1      0      1      0      0.          1.
26      1      1      1      0      0.          1.
26      1      2      1      0      0.          1.
26      1      3      1      0      0.          1.
26      1      4      1      0      0.          1.
26      1      5      1      0      0.          1.
26      1      6      1      0      0.          1.
26      1      7      1      0      0.          1.

26      2      0      1      0      0.          1.
26      2      1      1      0      0.          1.
26      2      2      1      0      0.          1.
26      2      3      1      0      0.          1.
26      2      4      1      0      0.          1.
26      2      5      1      0      0.          1.
26      2      6      1      0      0.          1.
26      2      7      1      0      0.          1.

26      3      0      1      0      0.          1.
26      3      1      1      0      0.          1.
26      3      2      1      0      0.          1.
26      3      3      1      0      0.          1.
26      3      4      1      0      0.          1.
26      3      5      1      0      0.          1.
26      3      6      1      0      0.          1.
26      3      7      1      0      0.          1.

26      4      0      1      0      0.          1.
26      4      1      1      0      0.          1.
26      4      2      1      0      0.          1.
26      4      3      1      0      0.          1.
26      4      4      1      0      0.          1.
26      4      5      1      0      0.          1.
26      4      6      1      0      0.          1.
26      4      7      1      0      0.          1.

26      5      0      1      0      0.          1.
26      5      1      1      0      0.          1.
26      5      2      1      0      0.          1.
26      5      3      1      0      0.          1.
26      5      4      1      0      0.          1.
26      5      5      1      0      0.          1.
26      5      6      1      0      0.          1.
26      5      7      1      0      0.          1.

26      6      0      1      0      0.          1.
26      6      1      1      0      0.          1.
26      6      2      1      0      0.          1.
26      6      3      1      0      0.          1.
26      6      4      1      0      0.          1.
26      6      5      1      0      0.          1.
26      6      6      1      0      0.          1.
26      6      7      1      0      0.          1.

26      7      0      1      0      0.          1.
26      7      1      1      0      0.          1.
26      7      2      1      0      0.          1.
26      7      3      1      0      0.          1.
26      7      4      1      0      0.          1.
26      7      5      1      0      0.          1.
26      7      6      1      0      0.          1.
26      7      7      1      0      0.          1.

#SP0 Tdc Down
26      0      0      1      1      0.          1.
26      0      1      1      1      0.          1.
26      0      2      1      1      0.          1.
26      0      3      1      1      0.          1.
26      0      4      1      1      0.          1.
26      0      5      1      1      0.          1.
26      0      6      1      1      0.          1.
26      0      7      1      1      0.          1.

26      1      0      1      1      0.          1.
26      1      1      1      1      0.          1.
26      1      2      1      1      0.          1.
26      1      3      1      1      0.          1.
26      1      4      1      1      0.          1.
26      1      5      1      1      0.          1.
26      1      6      1      1      0.          1.
26      1      7      1      1      0.          1.

26      2      0      1      1      0.          1.
26      2      1      1      1      0.          1.
26      2      2      1      1      0.          1.
26      2      3      1      1      0.          1.
26      2      4      1      1      0.          1.
26      2      5      1      1      0.          1.
26      2      6      1      1      0.          1.
26      2      7      1      1      0.          1.

26      3      0      1      1      0.          1.
26      3      1      1      1      0.          1.
26      3      2      1      1      0.          1.
26      3      3      1      1      0.          1.
26      3      4      1      1      0.          1.
26      3      5      1      1      0.          1.
26      3      6      1      1      0.          1.
26      3      7      1      1      0.          1.

26      4      0      1      1      0.          1.
26      4      1      1      1      0.          1.
26      4      2      1      1      0.          1.
26      4      3      1      1      0.          1.
26      4      4      1      1      0.          1.
26      4      5      1      1      0.          1.
26      4      6      1      1      0.          1.
26      4      7      1      1      0.          1.

26      5      0      1      1      0.          1.
26      5      1      1      1      0.          1.
26      5      2      1      1      0.          1.
26      5      3      1      1      0.          1.
26      5      4      1      1      0.          1.
26      5      5      1      1      0.          1.
26      5      6      1      1      0.          1.
26      5      7      1      1      0.          1.

26      6      0      1      1      0.          1.
26      6      1      1      1      0.          1.
26      6      2      1      1      0.          1.
26      6      3      1      1      0.          1.
26      6      4      1      1      0.          1.
26      6      5      1      1      0.          1.
26      6      6      1      1      0.          1.
26      6      7      1      1      0.          1.

26      7      0      1      1      0.          1.
26      7      1      1      1      0.          1.
26      7      2      1      1      0.          1.
26      7      3      1      1      0.          1.
26      7      4      1      1      0.          1.
26      7      5      1      1      0.          1.
26      7      6      1      1      0.          1.
26      7      7      1      1      0.          1.


#
#TOFMT Tdc Up
#
 25      0      0       1      0      879.000      0.574700
 25      0      1       1      0      921.280      0.561595
 25      0      2       1      0      868.000      0.579439
 25      0      3       1      0      892.000      0.565009
 25      0      4       1      0      915.000      0.553129
 25      0      5       1      0      895.000      0.574583
 25      0      6       1      0      879.180      0.575081
 25      0      7       1      0      894.000      0.572871
 25      0      8       1      0      899.000      0.567961
 25      0      9       1      0      895.000      0.576772
 25      0      10      1      0      894.000      0.564325
 25      0      11      1      0      891.030      0.565226
 25      0      12      1      0      901.000      0.572321
 25      0      13      1      0      907.000      0.566176
 25      0      14      1      0      899.000      0.550913
 25      0      15      1      0      896.000      0.566846
 25      0      16      1      0      864.130      0.582079
 25      0      17      1      0      894.000      0.571400
 25      0      18      1      0      867.000      0.585787
 25      0      19      1      0      903.000      0.563257
 25      0      20      1      0      921.000      0.551886
 25      0      21      1      0      865.000      0.582502
 25      0      22      1      0      889.000      0.578593
 25      0      23      1      0      835.100      0.600091 
 25      0      24      1      0      888.000      0.571787
 25      0      25      1      0      922.000      0.553661 
 25      0      26      1      0      823.000      0.600132
 25      0      27      1      0      869.520      0.586498
 25      0      28      1      0      872.000      0.566633
 25      0      29      1      0      868.000      0.576257 
 25      0      30      1      0      846.000      0.598689
 25      0      31      1      0      853.000      0.596590

