# HodoParam.e13_0
#
#   2013/03/05  Change to E13 detectors (T.O.Yamamoto)
#
#
# CId	PlId	SegId	AorT	UorD	p0	p1
#
# BH1 Adc Up
#
 3      0      0      0      0      71.560      144.689
 3      0      1      0      0      69.112      109.608
 3      0      2      0      0      68.580      290.085
 3      0      3      0      0      71.416      236.067
 3      0      4      0      0      79.600      237.356
 3      0      5      0      0      79.218      236.254
 3      0      6      0      0      69.253      210.502
 3      0      7      0      0      80.831      208.092
 3      0      8      0      0      84.528      307.499
 3      0      9      0      0      42.433      184.472
 3      0      10      0      0      73.629      100.434
#
# BH1 Adc Down
#
 3      0      0      0      1      26.232      201.078
 3      0      1      0      1      12.199      225.381
 3      0      2      0      1      23.297      223.334
 3      0      3      0      1      17.090      201.767
 3      0      4      0      1      20.104      75.26
 3      0      5      0      1      37.678      172.343
 3      0      6      0      1      53.639      209.780
 3      0      7      0      1      38.039      116.707
 3      0      8      0      1      34.215      307.640
 3      0      9      0      1      36.177      118.157
 3      0      10      0      1      24.426      174.765
# 
# BH1 Tdc Up 
# 
 3      0      0      1      0      1048.542      0.027
 3      0      1      1      0      1097.923      0.026
 3      0      2      1      0      1012.755      0.026
 3      0      3      1      0      1076.562      0.027
 3      0      4      1      0      996.212      0.026
 3      0      5      1      0      906.137      0.026
 3      0      6      1      0      941.197      0.026
 3      0      7      1      0      988.940      0.026
 3      0      8      1      0      916.814      0.026
 3      0      9      1      0      914.840      0.027
 3      0      10      1      0      914.689      0.026
# 
# BH1 Tdc Down 
# 
 3      0      0      1      1      1226.523      0.026
 3      0      1      1      1      1099.368      0.027
 3      0      2      1      1      1115.365      0.027
 3      0      3      1      1      1122.498      0.027
 3      0      4      1      1      1046.989      0.027
 3      0      5      1      1      1233.034      0.027
 3      0      6      1      1      1270.276      0.026
 3      0      7      1      1      1214.821      0.027
 3      0      8      1      1      1284.826      0.026
 3      0      9      1      1      1134.927      0.027
 3      0      10      1      1      1134.329      0.026
#
# BH2 Adc Up
#
 4      0      0      0      0      80.560      369.343
 4      0      1      0      0      70.609      405.701
 4      0      2      0      0      77.932      389.502
 4      0      3      0      0      81.927      368.108
 4      0      4      0      0      70.607      371.023
#
# BH2 Tdc Up
#
 4      0      0      1      0      840.016      0.025
 4      0      1      1      0      837.706      0.025
 4      0      2      1      0      756.754      0.025
 4      0      3      1      0      1005.479      0.025
 4      0      4      1      0      1093.107      0.025
#
# BH2 cable offset
#
 4      0      0      1      2      -0.061      1.000
 4      0      1      1      2      -0.027      1.000
 4      0      2      1      2      0.018      1.000
 4      0      3      1      2      0.001      1.000
 4      0      4      1      2      0.001      1.000
#
#TOF Adc Up
#
 5      0      0      0      0      107.60      754.39
 5      0      1      0      0      104.52      732.86
 5      0      2      0      0      104.51      841.48
 5      0      3      0      0      119.77      916.68
 5      0      4      0      0      115.19      665.38
 5      0      5      0      0      111.67      1267.80
 5      0      6      0      0      101.45      1272.77
 5      0      7      0      0      111.25      1233.67
 5      0      8      0      0      115.01      1451.88
 5      0      9      0      0      122.02      1325.11
 5      0      10      0      0      116.71      1326.36
 5      0      11      0      0      119.57      1316.70
 5      0      12      0      0      112.36      1315.64
 5      0      13      0      0      117.31      1412.21
 5      0      14      0      0      116.13      1232.03
 5      0      15      0      0      128.32      1331.69
 5      0      16      0      0      82.61      1375.05
 5      0      17      0      0      88.02      1413.45
 5      0      18      0      0      85.09      1376.41
 5      0      19      0      0      81.34      1374.19
 5      0      20      0      0      78.09      1800.64
 5      0      21      0      0      73.87      1200
 5      0      22      0      0      88.03      1200
 5      0      23      0      0      91.17      1200
 5      0      24      0      0      79.24      1200
 5      0      25      0      0      70.67      1200
 5      0      26      0      0      80.01      1200
 5      0      27      0      0      81.42      1200
 5      0      28      0      0      82.09      1200
 5      0      29      0      0      94.07      1200
 5      0      30      0      0      83.47      1200
 5      0      31      0      0      99.12      1200
#
#TOF Adc Down
#
 5      0      0      0      1      72.05      575.25
 5      0      1      0      1      72.07      883.57
 5      0      2      0      1      74.72      515.16
 5      0      3      0      1      77.62      562.30
 5      0      4      0      1      84.21      581.69
 5      0      5      0      1      82.97      1402.21
 5      0      6      0      1      75.26      1331.45
 5      0      7      0      1      76.61      1385.45
 5      0      8      0      1      77.02      1393.15
 5      0      9      0      1      83.44      1442.74
 5      0      10      0      1      73.71      1438.43
 5      0      11      0      1      80.63      1404.01
 5      0      12      0      1      84.24      1444.56
 5      0      13      0      1      84.11      1357.15
 5      0      14      0      1      86.94      1461.91
 5      0      15      0      1      86.14      1600.36
 5      0      16      0      1      84.67      1481.90
 5      0      17      0      1      86.34      1482.85
 5      0      18      0      1      85.02      1614.25
 5      0      19      0      1      88.09      1379.25
 5      0      20      0      1      80.57      1200
 5      0      21      0      1      87.79      1200
 5      0      22      0      1      95.73      1200
 5      0      23      0      1      85.20      1200
 5      0      24      0      1      96.83      1200
 5      0      25      0      1      108.14     1200
 5      0      26      0      1      90.18      1200
 5      0      27      0      1      87.06      1200
 5      0      28      0      1      98.71      1200
 5      0      29      0      1      85.69      1200
 5      0      30      0      1      95.05      1200
 5      0      31      0      1      105.70     1200
# 
#TOF Tdc Up 
# 
5      0       0       1       0    589.080     0.0262572   
5      0       1       1       0    631.280     0.0255928   
5      0       2       1       0    566.920     0.0257553   
5      0       3       1       0    627.760     0.0260578   
5      0       4       1       0    568.400     0.0268176   
5      0       5       1       0    457.700     0.0264069   
5      0       6       1       0    480.180     0.0264031   
5      0       7       1       0    458.800     0.0259785   
5      0       8       1       0    446.078     0.0260477   
5      0       9       1       0    462.724     0.026107    
5      0       10      1       0    321.630     0.0266459   
5      0       11      1       0    422.271     0.026298    
5      0       12      1       0    409.500     0.0263981   
5      0       13      1       0    448.496     0.0270173   
5      0       14      1       0    447.286     0.0261646   
5      0       15      1       0    320.713     0.0263537   
5      0       16      1       0    676.361     0.0256881   
5      0       17      1       0    684.399     0.0266875   
5      0       18      1       0    746.608     0.0263597   
5      0       19      1       0    539.995     0.0263197   
5      0       20      1       0    741.700     0.0265514   
5      0       21      1       0    641.710     0.0264841   
5      0       22      1       0    626.178     0.0266431   
5      0       23      1       0    599.482     0.0260782   
5      0       24      1       0    549.389     0.0264603   
5      0       25      1       0    513.279     0.0273162   
5      0       26      1       0    517.639     0.0259582   
5      0       27      1       0    594.490     0.0259356   
5      0       28      1       0    669.169     0.0269515   
5      0       29      1       0    536.255     0.0262468   
5      0       30      1       0    546.249     0.0261533   
5      0       31      1       0    517.431     0.0265633   
# 
#TOF Tdc Down 
# 
5      0       0       1       1    605.860     0.0262572   
5      0       1       1       1    545.280     0.0255928   
5      0       2       1       1    520.580     0.0257553   
5      0       3       1       1    539.640     0.0260578   
5      0       4       1       1    448.320     0.0268176   
5      0       5       1       1    444.220     0.0264069   
5      0       6       1       1    495.420     0.0264031   
5      0       7       1       1    468.660     0.0259785   
5      0       8       1       1    372.160     0.0260477   
5      0       9       1       1    394.670     0.026107    
5      0       10      1       1    502.549     0.0266459   
5      0       11      1       1    410.172     0.026298    
5      0       12      1       1    400.600     0.0263981   
5      0       13      1       1    467.910     0.0270173   
5      0       14      1       1    361.517     0.0261646   
5      0       15      1       1    469.436     0.0263537   
5      0       16      1       1    638.630     0.0256881   
5      0       17      1       1    706.556     0.0266875   
5      0       18      1       1    689.824     0.0263597   
5      0       19      1       1    616.839     0.0263197   
5      0       20      1       1    680.355     0.0265514   
5      0       21      1       1    698.317     0.0264841   
5      0       22      1       1    556.787     0.0266431   
5      0       23      1       1    601.147     0.0260782   
5      0       24      1       1    580.564     0.0264603   
5      0       25      1       1    455.401     0.0273162   
5      0       26      1       1    589.581     0.0259582   
5      0       27      1       1    594.517     0.0259356   
5      0       28      1       1    532.213     0.0269515   
5      0       29      1       1    504.072     0.0262468   
5      0       30      1       1    571.763     0.0261533   
5      0       31      1       1    575.541     0.0265633   
#
#
#LAC Adc
#
 6	0	0	0	0	76.58     298.4
 6	0	1	0	0	82.66     284.9
 6	0	2	0	0	95.91     277.2
 6	0	3	0	0	74.79     358.6
 6	0	4	0	0	82.21     267.9
 6	0	5	0	0	80.93     235.5
 6	0	6	0	0	82.10     286.6
 6	0	7	0	0	86.92     293.1
 6	0	8	0	0	93.05     306.5
 6	0	9	0	0	63.19     221.7
 6	0	10	0	0	72.20     326.7
 6	0	11	0	0	73.31     252.1
 6	0	12	0	0	78.33     271.8
 6	0	13	0	0	69.73     229.5
 6	0	14	0	0	69.45     211.6
 6	0	15	0	0	84.96     309.2
 6	0	16	0	0	86.95     269.6
 6	0	17	0	0	80.60     265.
 6	0	18	0	0	72.20     326.7
 6	0	19	0	0	73.31     252.1
 6	0	20	0	0	78.33     271.8
 6	0	21	0	0	69.73     229.5
 6	0	22	0	0	69.45     211.6
 6	0	23	0	0	84.96     309.2
 6	0	24	0	0	86.95     269.6
 6	0	25	0	0	80.60     265.6
 6	0	26	0	0	69.45     211.6
 6	0	27	0	0	84.96     309.2
 6	0	28	0	0	86.95     269.6
 6	0	29	0	0	80.60     265.6
#
#LAC Tdc
#
 6	0	0	1	0	851.1	0.025
 6	0	1	1	0	873.1	0.025
 6	0	2	1	0	796.7	0.025
 6	0	3	1	0	866.6	0.025
 6	0	4	1	0	805.8	0.025
 6	0	5	1	0	795.9	0.025
 6	0	6	1	0	711.3	0.025
 6	0	7	1	0	751.0	0.025
 6	0	8	1	0	850.2	0.025
 6	0	9	1	0	895.5	0.025
 6	0	10	1	0	971.2	0.025
 6	0	11	1	0	629.7	0.025
 6	0	12	1	0	797.2	0.025
 6	0	13	1	0	716.9	0.025
 6	0	14	1	0	775.9	0.025
 6	0	15	1	0	1021.0	0.025
 6	0	16	1	0	527.6	0.025
 6	0	17 	1	0	774.2	0.025
 6	0	18	1	0	751.3	0.025
 6	0	19	1	0	751.0	0.025
 6	0	20	1	0	850.2	0.025
 6	0	21	1	0	895.5	0.025
 6	0	22	1	0	971.2	0.025
 6	0	23	1	0	629.7	0.025
 6	0	24	1	0	797.2	0.025
 6	0	25	1	0	716.9	0.025
 6	0	26	1	0	775.9	0.025
 6	0	27	1	0	1021.0	0.025
 6	0	28	1	0	795.6	0.025
 6	0	29 	1	0	774.2	0.025
#
#
#LC Adc Up
#
 7      0      0       0      0     102	206 
 7      0      1       0      0     114	222 
 7      0      2       0      0     94	206 
 7      0      3       0      0     102	270 
 7      0      4       0      0     94	194 
 7      0      5       0      0     94	194 
 7      0      6       0      0     98	158 
 7      0      7       0      0     98	214 
 7      0      8       0      0     94	174 
 7      0      9       0      0     98	182 
 7      0      10      0      0     106	194 
 7      0      11      0      0     106	210 
 7      0      12      0      0     102	182 
 7      0      13      0      0     102	306 
 7      0      14      0      0     110	278 
 7      0      15      0      0     110	254 
 7      0      16      0      0     118	302 
 7      0      17      0      0     110	274 
 7      0      18      0      0     102	294 
 7      0      19      0      0     114	286 
 7      0      20      0      0     110	386 
 7      0      21      0      0     114	310 
 7      0      22      0      0     102	326 
 7      0      23      0      0     106	338 
 7      0      24      0      0     98	262 
 7      0      25      0      0     102	254 
 7      0      26      0      0     114	330 
 7      0      27      0      0     114	318 
#
#LC Adc Down
#
 7      0      0       0      1     50	246 
 7      0      1       0      1     62	190 
 7      0      2       0      1     46	170 
 7      0      3       0      1     54	178 
 7      0      4       0      1     46	174 
 7      0      5       0      1     66	170 
 7      0      6       0      1     42	158 
 7      0      7       0      1     62	166 
 7      0      8       0      1     54	162 
 7      0      9       0      1     58	162 
 7      0      10      0      1     46	158 
 7      0      11      0      1     58	162 
 7      0      12      0      1     46	306 
 7      0      13      0      1     54	338 
 7      0      14      0      1     70	238 
 7      0      15      0      1     86	326 
 7      0      16      0      1     82	338 
 7      0      17      0      1     66	246 
 7      0      18      0      1     78	218 
 7      0      19      0      1     74	266 
 7      0      20      0      1     78	234 
 7      0      21      0      1     86	238 
 7      0      22      0      1     82	322 
 7      0      23      0      1     78	262 
 7      0      24      0      1     78	290 
 7      0      25      0      1     94	310 
 7      0      26      0      1     74	290 
 7      0      27      0      1     86	270 
# 
#LC Tdc Up 
# 
7      0       0       1       0    993.360     0.0266157   
7      0       1       1       0    1108.700    0.0266304   
7      0       2       1       0    1062.210    0.0266194   
7      0       3       1       0    1072.960    0.0264265   
7      0       4       1       0    999.866     0.0258589   
7      0       5       1       0    1088.410    0.026432    
7      0       6       1       0    1328.034    0.0264978   
7      0       7       1       0    838.991     0.0264213   
7      0       8       1       0    1088.300    0.026178    
7      0       9       1       0    1138.098    0.0266126   
7      0       10      1       0    914.280     0.0267499   
7      0       11      1       0    942.072     0.0262718   
7      0       12      1       0    964.197     0.0265237   
7      0       13      1       0    941.102     0.0265983   
7      0       14      1       0    1424.150    0.026517    
7      0       15      1       0    1643.272    0.0261792   
7      0       16      1       0    1528.357    0.0270128   
7      0       17      1       0    1440.345    0.0260785   
7      0       18      1       0    1529.220    0.0268618   
7      0       19      1       0    1427.036    0.0262778   
7      0       20      1       0    1447.380    0.0258748   
7      0       21      1       0    1356.420    0.0267508   
7      0       22      1       0    1450.650    0.0269259   
7      0       23      1       0    1464.940    0.0264996   
7      0       24      1       0    1488.070    0.0269716   
7      0       25      1       0    1436.499    0.0265677   
7      0       26      1       0    1405.320    0.0263507   
7      0       27      1       0    1467.970    0.0264818   
# 
#LC Tdc Down 
# 
7      0       0       1       1    1266.051    0.0268122   
7      0       1       1       1    956.637     0.0264864   
7      0       2       1       1    1017.030    0.0262316   
7      0       3       1       1    1086.282    0.0254362   
7      0       4       1       1    999.640     0.0260675   
7      0       5       1       1    1271.720    0.0258375   
7      0       6       1       1    1039.37     0.0261693   
7      0       7       1       1    992.065     0.0265838   
7      0       8       1       1    1027.076    0.0263453   
7      0       9       1       1    1013.886    0.0261702   
7      0       10      1       1    937.220     0.0268734   
7      0       11      1       1    952.178     0.0258442   
7      0       12      1       1    839.495     0.026804    
7      0       13      1       1    992.650     0.0262961   
7      0       14      1       1    1327.858    0.0267112   
7      0       15      1       1    1417.111    0.0267112   
7      0       16      1       1    1503.738    0.0270228   
7      0       17      1       1    1536.500    0.0270891   
7      0       18      1       1    1492.024    0.0270642   
7      0       19      1       1    1384.996    0.0262544   
7      0       20      1       1    1305.950    0.0267153   
7      0       21      1       1    1328.980    0.0265944   
7      0       22      1       1    1421.820    0.026944    
7      0       23      1       1    1380.229    0.0269312   
7      0       24      1       1    1456.533    0.0264239   
7      0       25      1       1    1307.670    0.0264021   
7      0       26      1       1    1426.680    0.0263823   
7      0       27      1       1    1253.590    0.0270294   
#
# BMW Adc
#
 10      0      0      0      0      90.0000	200.000
#
# BMW Tdc
#
 10      0       0       1       0       1200.0   0.025
#
# BAC Adc
#
 9      0      0      0      0      90.0000	200.000
 9      0      1      0      0      90.0000	200.000
 9      0      2      0      0      90.0000	200.000
 9      0      3      0      0      90.0000	200.000
 9      0      4      0      0      90.0000	200.000
 9      0      5      0      0      90.0000	200.000
#
# BAC Tdc
#
 9      0       0       1       0       1200.0  0.025
 9      0       1       1       0       1200.0  0.025
 9      0       2       1       0       1200.0  0.025
 9      0       3       1       0       1200.0  0.025
 9      0       4       1       0       1200.0  0.025
 9      0       5       1       0       1200.0  0.025
#
#BFT U
#
 110	0	0	1	0	737.5.0	1.
 110	0	1	1	0	737.5.0	1.
 110	0	2	1	0	737.5.0	1.
 110	0	3	1	0	737.5.0	1.
 110	0	4	1	0	737.5.0	1.
 110	0	5	1	0	737.5.0	1.
 110	0	6	1	0	737.5.0	1.
 110	0	7	1	0	737.5.0	1.
 110	0	8	1	0	737.5.0	1.
 110	0	9	1	0	737.5.0	1.
 110	0	10	1	0	737.5.0	1.
 110	0	11	1	0	737.5.0	1.
 110	0	12	1	0	737.5.0	1.
 110	0	13	1	0	737.5.0	1.
 110	0	14	1	0	737.5.0	1.
 110	0	15	1	0	737.5.0	1.
 110	0	16	1	0	737.5.0	1.
 110	0	17 	1	0	737.5.0	1.
 110	0	18	1	0	737.5.0	1.
 110	0	19	1	0	737.5.0	1.
 110	0	20	1	0	737.5.0	1.
 110	0	21	1	0	737.5.0	1.
 110	0	22	1	0	737.5.0	1.
 110	0	23	1	0	737.5.0	1.
 110	0	24	1	0	737.5.0	1.
 110	0	25	1	0	737.5.0	1.
 110	0	26	1	0	737.5.0	1.
 110	0	27	1	0	737.5.0	1.
 110	0	28	1	0	737.5.0	1.
 110	0	29	1	0	737.5.0	1.
 110	0	30	1	0	737.5.0	1.
 110	0	31	1	0	737.5.0	1.
 110	0	32	1	0	737.5.0	1.
 110	0	33	1	0	737.5.0	1.
 110	0	34	1	0	737.5.0	1.
 110	0	35 	1	0	737.5.0	1.
 110	0	36	1	0	737.5.0	1.
 110	0	37	1	0	737.5.0	1.
 110	0	38	1	0	737.5.0	1.
 110	0	39	1	0	737.5.0	1.
 110	0	40	1	0	737.5.0	1.
 110	0	41	1	0	737.5.0	1.
 110	0	42	1	0	737.5.0	1.
 110	0	43	1	0	737.5.0	1.
 110	0	44	1	0	737.5.0	1.
 110	0	45	1	0	737.5.0	1.
 110	0	46	1	0	737.5.0	1.
 110	0	47	1	0	737.5.0	1.
 110	0	48	1	0	737.5.0	1.
 110	0	49	1	0	737.5.0	1.
 110	0	50	1	0	737.5.0	1.
 110	0	51	1	0	737.5.0	1.
 110	0	52	1	0	737.5.0	1.
 110	0	53 	1	0	737.5.0	1.
 110	0	54	1	0	737.5.0	1.
 110	0	55	1	0	737.5.0	1.
 110	0	56 	1	0	737.5.0	1.
 110	0	57	1	0	737.5.0	1.
 110	0	58	1	0	737.5.0	1.
 110	0	59	1	0	737.5.0	1.
 110	0	60	1	0	737.5.0	1.
 110	0	61 	1	0	737.5.0	1.
 110	0	62	1	0	737.5.0	1.
 110	0	63	1	0	737.5.0	1.
 110	0	64	1	0	737.5.0	1.
 110	0	65	1	0	737.5.0	1.
 110	0	66	1	0	737.5.0	1.
 110	0	67	1	0	737.5.0	1.
 110	0	68	1	0	737.5.0	1.
 110	0	69	1	0	737.5.0	1.
 110	0	70	1	0	737.5.0	1.
 110	0	71	1	0	737.5.0	1.
 110	0	72	1	0	737.5.0	1.
 110	0	73	1	0	737.5.0	1.
 110	0	74	1	0	737.5.0	1.
 110	0	75	1	0	737.5.0	1.
 110	0	76	1	0	737.5.0	1.
 110	0	77	1	0	737.5.0	1.
 110	0	78	1	0	737.5.0	1.
 110	0	79	1	0	737.5.0	1.
 110	0	80 	1	0	737.5.0	1.
 110	0	81	1	0	737.5.0	1.
 110	0	82	1	0	737.5.0	1.
 110	0	83	1	0	737.5.0	1.
 110	0	84	1	0	737.5.0	1.
 110	0	85	1	0	737.5.0	1.
 110	0	86	1	0	737.5.0	1.
 110	0	87	1	0	737.5.0	1.
 110	0	88	1	0	737.5.0	1.
 110	0	89	1	0	737.5.0	1.
 110	0	90	1	0	737.5.0	1.
 110	0	91	1	0	737.5.0	1.
 110	0	92	1	0	737.5.0	1.
 110	0	93	1	0	737.5.0	1.
 110	0	94	1	0	737.5.0	1.
 110	0	95	1	0	737.5.0	1.
 110	0	96	1	0	737.5.0	1.
 110	0	97	1	0	737.5.0	1.
 110	0	98 	1	0	737.5.0	1.
 110	0	99	1	0	737.5.0	1.
 110	0	100	1	0	737.5.0	1.
 110	0	101	1	0	737.5.0	1.
 110	0	102	1	0	737.5.0	1.
 110	0	103	1	0	737.5.0	1.
 110	0	104	1	0	737.5.0	1.
 110	0	105	1	0	737.5.0	1.
 110	0	106	1	0	737.5.0	1.
 110	0	107	1	0	737.5.0	1.
 110	0	108	1	0	737.5.0	1.
 110	0	109	1	0	737.5.0	1.
 110	0	110	1	0	737.5.0	1.
 110	0	111	1	0	737.5.0	1.
 110	0	112	1	0	737.5.0	1.
 110	0	113	1	0	737.5.0	1.
 110	0	114	1	0	737.5.0	1.
 110	0	115	1	0	737.5.0	1.
 110	0	116 	1	0	737.5.0	1.
 110	0	117	1	0	737.5.0	1.
 110	0	118	1	0	737.5.0	1.
 110	0	119	1	0	737.5.0	1.
 110	0	120	1	0	737.5.0	1.
 110	0	121	1	0	737.5.0	1.
 110	0	122	1	0	737.5.0	1.
 110	0	123	1	0	737.5.0	1.
 110	0	124	1	0	737.5.0	1.
 110	0	125	1	0	737.5.0	1.
 110	0	126	1	0	737.5.0	1.
 110	0	127	1	0	737.5.0	1.
 110	0	128	1	0	737.5.0	1.
 110	0	129	1	0	737.5.0	1.
 110	0	130	1	0	737.5.0	1.
 110	0	131	1	0	737.5.0	1.
 110	0	132	1	0	737.5.0	1.
 110	0	133	1	0	737.5.0	1.
 110	0	134 	1	0	737.5.0	1.
 110	0	135	1	0	737.5.0	1.
 110	0	136	1	0	737.5.0	1.
 110	0	137	1	0	737.5.0	1.
 110	0	138	1	0	737.5.0	1.
 110	0	139	1	0	737.5.0	1.
 110	0	140	1	0	737.5.0	1.
 110	0	141	1	0	737.5.0	1.
 110	0	142	1	0	737.5.0	1.
 110	0	143	1	0	737.5.0	1.
 110	0	144	1	0	737.5.0	1.
 110	0	145	1	0	737.5.0	1.
 110	0	146	1	0	737.5.0	1.
 110	0	147	1	0	737.5.0	1.
 110	0	148	1	0	737.5.0	1.
 110	0	149	1	0	737.5.0	1.
 110	0	150	1	0	737.5.0	1.
 110	0	151	1	0	737.5.0	1.
 110	0	152 	1	0	737.5.0	1.
 110	0	153	1	0	737.5.0	1.
 110	0	154	1	0	737.5.0	1.
 110	0	155	1	0	737.5.0	1.
 110	0	156	1	0	737.5.0	1.
 110	0	157	1	0	737.5.0	1.
 110	0	158	1	0	737.5.0	1.
 110	0	159	1	0	737.5.0	1.
#
#BFT D
#
 110	1	0	1	0	737.0	1.
 110	1	1	1	0	737.0	1.
 110	1	2	1	0	737.0	1.
 110	1	3	1	0	737.0	1.
 110	1	4	1	0	737.0	1.
 110	1	5	1	0	737.0	1.
 110	1	6	1	0	737.0	1.
 110	1	7	1	0	737.0	1.
 110	1	8	1	0	737.0	1.
 110	1	9	1	0	737.0	1.
 110	1	10	1	0	737.0	1.
 110	1	11	1	0	737.0	1.
 110	1	12	1	0	737.0	1.
 110	1	13	1	0	737.0	1.
 110	1	14	1	0	737.0	1.
 110	1	15	1	0	737.0	1.
 110	1	16	1	0	737.0	1.
 110	1	17 	1	0	737.0	1.
 110	1	18	1	0	737.0	1.
 110	1	19	1	0	737.0	1.
 110	1	20	1	0	737.0	1.
 110	1	21	1	0	737.0	1.
 110	1	22	1	0	737.0	1.
 110	1	23	1	0	737.0	1.
 110	1	24	1	0	737.0	1.
 110	1	25	1	0	737.0	1.
 110	1	26	1	0	737.0	1.
 110	1	27	1	0	737.0	1.
 110	1	28	1	0	737.0	1.
 110	1	29	1	0	737.0	1.
 110	1	30	1	0	737.0	1.
 110	1	31	1	0	737.0	1.
 110	1	32	1	0	737.0	1.
 110	1	33	1	0	737.0	1.
 110	1	34	1	0	737.0	1.
 110	1	35 	1	0	737.0	1.
 110	1	36	1	0	737.0	1.
 110	1	37	1	0	737.0	1.
 110	1	38	1	0	737.0	1.
 110	1	39	1	0	737.0	1.
 110	1	40	1	0	737.0	1.
 110	1	41	1	0	737.0	1.
 110	1	42	1	0	737.0	1.
 110	1	43	1	0	737.0	1.
 110	1	44	1	0	737.0	1.
 110	1	45	1	0	737.0	1.
 110	1	46	1	0	737.0	1.
 110	1	47	1	0	737.0	1.
 110	1	48	1	0	737.0	1.
 110	1	49	1	0	737.0	1.
 110	1	50	1	0	737.0	1.
 110	1	51	1	0	737.0	1.
 110	1	52	1	0	737.0	1.
 110	1	53 	1	0	737.0	1.
 110	1	54	1	0	737.0	1.
 110	1	55	1	0	737.0	1.
 110	1	56 	1	0	737.0	1.
 110	1	57	1	0	737.0	1.
 110	1	58	1	0	737.0	1.
 110	1	59	1	0	737.0	1.
 110	1	60	1	0	737.0	1.
 110	1	61 	1	0	737.0	1.
 110	1	62	1	0	737.0	1.
 110	1	63	1	0	737.0	1.
 110	1	64	1	0	737.0	1.
 110	1	65	1	0	737.0	1.
 110	1	66	1	0	737.0	1.
 110	1	67	1	0	737.0	1.
 110	1	68	1	0	737.0	1.
 110	1	69	1	0	737.0	1.
 110	1	70	1	0	737.0	1.
 110	1	71	1	0	737.0	1.
 110	1	72	1	0	737.0	1.
 110	1	73	1	0	737.0	1.
 110	1	74	1	0	737.0	1.
 110	1	75	1	0	737.0	1.
 110	1	76	1	0	737.0	1.
 110	1	77	1	0	737.0	1.
 110	1	78	1	0	737.0	1.
 110	1	79	1	0	737.0	1.
 110	1	80 	1	0	737.0	1.
 110	1	81	1	0	737.0	1.
 110	1	82	1	0	737.0	1.
 110	1	83	1	0	737.0	1.
 110	1	84	1	0	737.0	1.
 110	1	85	1	0	737.0	1.
 110	1	86	1	0	737.0	1.
 110	1	87	1	0	737.0	1.
 110	1	88	1	0	737.0	1.
 110	1	89	1	0	737.0	1.
 110	1	90	1	0	737.0	1.
 110	1	91	1	0	737.0	1.
 110	1	92	1	0	737.0	1.
 110	1	93	1	0	737.0	1.
 110	1	94	1	0	737.0	1.
 110	1	95	1	0	737.0	1.
 110	1	96	1	0	737.0	1.
 110	1	97	1	0	737.0	1.
 110	1	98 	1	0	737.0	1.
 110	1	99	1	0	737.0	1.
 110	1	100	1	0	737.0	1.
 110	1	101	1	0	737.0	1.
 110	1	102	1	0	737.0	1.
 110	1	103	1	0	737.0	1.
 110	1	104	1	0	737.0	1.
 110	1	105	1	0	737.0	1.
 110	1	106	1	0	737.0	1.
 110	1	107	1	0	737.0	1.
 110	1	108	1	0	737.0	1.
 110	1	109	1	0	737.0	1.
 110	1	110	1	0	737.0	1.
 110	1	111	1	0	737.0	1.
 110	1	112	1	0	737.0	1.
 110	1	113	1	0	737.0	1.
 110	1	114	1	0	737.0	1.
 110	1	115	1	0	737.0	1.
 110	1	116 	1	0	737.0	1.
 110	1	117	1	0	737.0	1.
 110	1	118	1	0	737.0	1.
 110	1	119	1	0	737.0	1.
 110	1	120	1	0	737.0	1.
 110	1	121	1	0	737.0	1.
 110	1	122	1	0	737.0	1.
 110	1	123	1	0	737.0	1.
 110	1	124	1	0	737.0	1.
 110	1	125	1	0	737.0	1.
 110	1	126	1	0	737.0	1.
 110	1	127	1	0	737.0	1.
 110	1	128	1	0	737.0	1.
 110	1	129	1	0	737.0	1.
 110	1	130	1	0	737.0	1.
 110	1	131	1	0	737.0	1.
 110	1	132	1	0	737.0	1.
 110	1	133	1	0	737.0	1.
 110	1	134 	1	0	737.0	1.
 110	1	135	1	0	737.0	1.
 110	1	136	1	0	737.0	1.
 110	1	137	1	0	737.0	1.
 110	1	138	1	0	737.0	1.
 110	1	139	1	0	737.0	1.
 110	1	140	1	0	737.0	1.
 110	1	141	1	0	737.0	1.
 110	1	142	1	0	737.0	1.
 110	1	143	1	0	737.0	1.
 110	1	144	1	0	737.0	1.
 110	1	145	1	0	737.0	1.
 110	1	146	1	0	737.0	1.
 110	1	147	1	0	737.0	1.
 110	1	148	1	0	737.0	1.
 110	1	149	1	0	737.0	1.
 110	1	150	1	0	737.0	1.
 110	1	151	1	0	737.0	1.
 110	1	152 	1	0	737.0	1.
 110	1	153	1	0	737.0	1.
 110	1	154	1	0	737.0	1.
 110	1	155	1	0	737.0	1.
 110	1	156	1	0	737.0	1.
 110	1	157	1	0	737.0	1.
 110	1	158	1	0	737.0	1.
 110	1	159	1	0	737.0	1.
