3	0	0	0	0	79.8	311.6	
3	0	1	0	0	81.5	376.4	
3	0	2	0	0	78.2	346.8	
3	0	3	0	0	78.8	356.8	
3	0	4	0	0	88.7	353.7	
3	0	5	0	0	88.5	377.6	
3	0	6	0	0	84.1	310.0	
3	0	7	0	0	85.3	312.9	
3	0	8	0	0	85.6	385.0	
3	0	9	0	0	60.8	373.5	
3	0	10	0	0	75.5	373.6	
3	0	0	0	1	56.0	383.1	
3	0	1	0	1	49.5	349.9	
3	0	2	0	1	48.1	361.4	
3	0	3	0	1	49.5	341.5	
3	0	4	0	1	58.8	255.4	
3	0	5	0	1	69.4	335.6	
3	0	6	0	1	64.5	390.7	
3	0	7	0	1	51.3	231.5	
3	0	8	0	1	60.2	458.6	
3	0	9	0	1	65.6	343.5	
3	0	10	0	1	48.7	303.3	
3	0	0	1	0	931.145	0.025	
3	0	1	1	0	923.105	0.000	
3	0	2	1	0	803.255	0.025	
3	0	3	1	0	849.34	0.025	
3	0	4	1	0	825.98	0.025	
3	0	5	1	0	754.431	0.025	
3	0	6	1	0	745.85	0.025	
3	0	7	1	0	787.769	0.025	
3	0	8	1	0	784.645	0.025	
3	0	9	1	0	743.221	0.025	
3	0	10	1	0	813.516	0.025	
3	0	0	1	1	928.878	0.025	
3	0	1	1	1	867.162	0.025	
3	0	2	1	1	808.043	0.025	
3	0	3	1	1	857.664	0.025	
3	0	4	1	1	753.942	0.025	
3	0	5	1	1	941.22	0.025	
3	0	6	1	1	962.822	0.025	
3	0	7	1	1	918.705	0.025	
3	0	8	1	1	982.174	0.025	
3	0	9	1	1	913.059	0.025	
3	0	10	1	1	904.167	0.025	
4	0	0	0	0	28.3	384.6	
4	0	1	0	0	50.9	510.9	
4	0	2	0	0	47.7	688.2	
4	0	3	0	0	57.1	492.7	
4	0	4	0	0	21.3	385.0	
4	0	5	0	0	26.9	608.6	
4	0	6	0	0	33.6	407.1	
4	0	0	0	1	39.1	384.6	
4	0	1	0	1	31.7	524.5	
4	0	2	0	1	40.1	558.6	
4	0	3	0	1	34.2	448.5	
4	0	4	0	1	36.0	385.1	
4	0	5	0	1	39.8	511.1	
4	0	6	0	1	33.5	322.6	
4	0	0	1	0	958.47	0.025	
4	0	1	1	0	886.308	0.025	
4	0	2	1	0	958.022	0.025	
4	0	3	1	0	904.039	0.025	
4	0	4	1	0	838.414	0.025	
4	0	5	1	0	841.661	0.025	
4	0	6	1	0	764.042	0.025	
4	0	0	1	1	837.324	0.025	
4	0	1	1	1	622.474	0.025	
4	0	2	1	1	834.952	0.025	
4	0	3	1	1	888.794	0.025	
4	0	4	1	1	853.588	0.025	
4	0	5	1	1	697.818	0.025	
4	0	6	1	1	740.235	0.025	
4	0	0	1	2	2.72743	1.	
4	0	1	1	2	1.18627	1.	
4	0	2	1	2	0.484901	1.	
4	0	3	1	2	0.18628	1.	
4	0	4	1	2	0.0672541	1.	
4	0	5	1	2	0.0228199	1.	
4	0	6	1	2	0.00727695	1.	
5	0	0	0	0	163.9	1475.0	
5	0	1	0	0	169.2	1649.0	
5	0	2	0	0	154.7	1454.0	
5	0	3	0	0	155.6	1552.0	
5	0	4	0	0	150.6	1417.0	
5	0	5	0	0	154.3	1410.0	
5	0	6	0	0	146.5	1455.0	
5	0	7	0	0	148.7	1366.0	
5	0	8	0	0	147.6	1541.0	
5	0	9	0	0	155.1	1471.0	
5	0	10	0	0	154.8	1397.0	
5	0	11	0	0	161.5	1535.0	
5	0	12	0	0	166.2	1444.0	
5	0	13	0	0	172.0	1537.0	
5	0	14	0	0	159.6	1465.0	
5	0	15	0	0	165.5	1582.0	
5	0	16	0	0	115.1	1514.0	
5	0	17	0	0	104.2	1446.0	
5	0	18	0	0	117.6	1447.0	
5	0	19	0	0	116.3	1579.0	
5	0	20	0	0	118.5	1631.0	
5	0	21	0	0	122.7	1476.0	
5	0	22	0	0	103.6	1433.0	
5	0	23	0	0	98.2	1418.0	
5	0	24	0	0	95.1	1420.0	
5	0	25	0	0	95.0	1487.0	
5	0	26	0	0	106.4	1390.0	
5	0	27	0	0	105.4	1443.0	
5	0	28	0	0	114.5	1664.0	
5	0	29	0	0	113.9	1572.0	
5	0	30	0	0	113.7	1419.0	
5	0	31	0	0	128.8	1565.0	
5	0	0	0	1	43.67	1340.0	
5	0	1	0	1	45.52	1296.0	
5	0	2	0	1	45.08	1198.0	
5	0	3	0	1	51.48	1203.0	
5	0	4	0	1	54.90	1131.0	
5	0	5	0	1	55.70	1105.0	
5	0	6	0	1	48.04	1391.0	
5	0	7	0	1	46.48	1397.0	
5	0	8	0	1	53.53	1295.0	
5	0	9	0	1	53.69	1343.0	
5	0	10	0	1	50.02	1335.0	
5	0	11	0	1	54.85	1319.0	
5	0	12	0	1	55.32	1300.0	
5	0	13	0	1	54.99	1357.0	
5	0	14	0	1	56.96	1323.0	
5	0	15	0	1	57.43	1460.0	
5	0	16	0	1	86.36	1584.0	
5	0	17	0	1	87.91	1341.0	
5	0	18	0	1	86.35	1532.0	
5	0	19	0	1	87.58	1365.0	
5	0	20	0	1	84.25	1499.0	
5	0	21	0	1	88.74	1422.0	
5	0	22	0	1	96.59	1423.0	
5	0	23	0	1	87.88	1453.0	
5	0	24	0	1	99.74	1349.0	
5	0	25	0	1	109.90	1409.0	
5	0	26	0	1	93.29	1384.0	
5	0	27	0	1	90.41	1519.0	
5	0	28	0	1	99.19	1449.0	
5	0	29	0	1	88.49	1408.0	
5	0	30	0	1	97.52	1487.0	
5	0	31	0	1	110.70	1524.0	
5	0	0	1	0	1193.0	0.025	
5	0	1	1	0	1232.0	0.025	
5	0	2	1	0	1140.0	0.025	
5	0	3	1	0	1196.0	0.025	
5	0	4	1	0	1037.0	0.025	
5	0	5	1	0	1081.0	0.025	
5	0	6	1	0	1035.0	0.025	
5	0	7	1	0	1035.0	0.025	
5	0	8	1	0	1031.0	0.025	
5	0	9	1	0	1014.0	0.025	
5	0	10	1	0	913.0	0.025	
5	0	11	1	0	1007.0	0.025	
5	0	12	1	0	986.0	0.025	
5	0	13	1	0	1010.0	0.025	
5	0	14	1	0	1029.0	0.025	
5	0	15	1	0	953.0	0.025	
5	0	16	1	0	1329.0	0.025	
5	0	17	1	0	1345.0	0.025	
5	0	18	1	0	1410.0	0.025	
5	0	19	1	0	1220.0	0.025	
5	0	20	1	0	1349.0	0.025	
5	0	21	1	0	1272.0	0.025	
5	0	22	1	0	1271.0	0.025	
5	0	23	1	0	1232.0	0.025	
5	0	24	1	0	1171.0	0.025	
5	0	25	1	0	1111.0	0.025	
5	0	26	1	0	1151.0	0.025	
5	0	27	1	0	1232.0	0.025	
5	0	28	1	0	1288.0	0.025	
5	0	29	1	0	1175.0	0.025	
5	0	30	1	0	1155.0	0.025	
5	0	31	1	0	1158.0	0.025	
5	0	0	1	1	1245.0	0.025	
5	0	1	1	1	1196.0	0.025	
5	0	2	1	1	1195.0	0.025	
5	0	3	1	1	1171.0	0.025	
5	0	4	1	1	1072.0	0.025	
5	0	5	1	1	1014.0	0.025	
5	0	6	1	1	1113.0	0.025	
5	0	7	1	1	1067.0	0.025	
5	0	8	1	1	1028.0	0.025	
5	0	9	1	1	1043.0	0.025	
5	0	10	1	1	1079.0	0.025	
5	0	11	1	1	1062.0	0.025	
5	0	12	1	1	1062.9	0.025	
5	0	13	1	1	1128.0	0.025	
5	0	14	1	1	998.0	0.025	
5	0	15	1	1	1104.0	0.025	
5	0	16	1	1	1267.0	0.025	
5	0	17	1	1	1335.0	0.025	
5	0	18	1	1	1313.0	0.025	
5	0	19	1	1	1229.0	0.025	
5	0	20	1	1	1275.0	0.025	
5	0	21	1	1	1316.0	0.025	
5	0	22	1	1	1183.0	0.025	
5	0	23	1	1	1222.0	0.025	
5	0	24	1	1	1183.0	0.025	
5	0	25	1	1	1047.0	0.025	
5	0	26	1	1	1202.0	0.025	
5	0	27	1	1	1245.0	0.025	
5	0	28	1	1	1119.0	0.025	
5	0	29	1	1	1094.0	0.025	
5	0	30	1	1	1060.0	0.025	
5	0	31	1	1	1174.0	0.025	
7	0	0	0	0	58.81	375.6	
7	0	1	0	0	73.61	264.2	
7	0	2	0	0	52.24	327.7	
7	0	3	0	0	62.11	333.9	
7	0	4	0	0	52.26	329.5	
7	0	5	0	0	52.34	263.8	
7	0	6	0	0	56.77	175.1	
7	0	7	0	0	55.28	272.9	
7	0	8	0	0	51.15	269.5	
7	0	9	0	0	94.15	280.0	
7	0	10	0	0	102.40	370.0	
7	0	11	0	0	102.30	457.0	
7	0	12	0	0	97.25	340.0	
7	0	13	0	0	100.60	352.0	
7	0	14	0	0	94.58	260.0	
7	0	15	0	0	94.45	357.0	
7	0	16	0	0	101.50	339.0	
7	0	17	0	0	95.09	260.0	
7	0	18	0	0	88.43	201.0	
7	0	19	0	0	97.35	298.0	
7	0	20	0	0	93.20	314.0	
7	0	21	0	0	100.00	302.0	
7	0	22	0	0	85.94	470.0	
7	0	23	0	0	89.14	301.0	
7	0	24	0	0	81.86	388.0	
7	0	25	0	0	87.73	402.0	
7	0	26	0	0	97.72	287.0	
7	0	27	0	0	96.42	321.0	
7	0	0	0	1	14.77	254.2	
7	0	1	0	1	24.65	289.9	
7	0	2	0	1	9.37	277.1	
7	0	3	0	1	16.47	421.3	
7	0	4	0	1	7.86	318.6	
7	0	5	0	1	16.02	291.5	
7	0	6	0	1	6.62	224.3	
7	0	7	0	1	25.00	309.6	
7	0	8	0	1	5.21	151.1	
7	0	9	0	1	59.28	343.0	
7	0	10	0	1	48.92	339.0	
7	0	11	0	1	60.30	314.0	
7	0	12	0	1	46.37	281.0	
7	0	13	0	1	53.14	288.0	
7	0	14	0	1	57.41	197.0	
7	0	15	0	1	72.72	244.0	
7	0	16	0	1	68.81	346.0	
7	0	17	0	1	54.80	221.0	
7	0	18	0	1	63.89	172.0	
7	0	19	0	1	62.90	266.0	
7	0	20	0	1	63.50	283.0	
7	0	21	0	1	68.17	229.0	
7	0	22	0	1	65.42	445.0	
7	0	23	0	1	63.77	385.0	
7	0	24	0	1	65.33	327.0	
7	0	25	0	1	79.56	358.0	
7	0	26	0	1	58.18	332.0	
7	0	27	0	1	71.22	275.0	
7	0	0	1	0	650.7	0.025	
7	0	1	1	0	834.8	0.025	
7	0	2	1	0	1097.0	0.025	
7	0	3	1	0	751.5	0.025	
7	0	4	1	0	684.5	0.025	
7	0	5	1	0	677.5	0.025	
7	0	6	1	0	978.6	0.025	
7	0	7	1	0	645.1	0.025	
7	0	8	1	0	681.1	0.025	
7	0	9	1	0	702.8	0.025	
7	0	10	1	0	846.9	0.025	
7	0	11	1	0	590.9	0.025	
7	0	12	1	0	596.6	0.025	
7	0	13	1	0	590.1	0.025	
7	0	14	1	0	969.4	0.025	
7	0	15	1	0	1451.0	0.025	
7	0	16	1	0	1410.0	0.025	
7	0	17	1	0	1171.0	0.025	
7	0	18	1	0	1328.0	0.025	
7	0	19	1	0	1250.0	0.025	
7	0	20	1	0	1314.0	0.025	
7	0	21	1	0	1210.0	0.025	
7	0	22	1	0	1203.0	0.025	
7	0	23	1	0	1287.0	0.025	
7	0	24	1	0	1266.0	0.025	
7	0	25	1	0	1106.0	0.025	
7	0	26	1	0	1072.0	0.025	
7	0	27	1	0	1239.0	0.025	
7	0	0	1	1	1108.0	0.025	
7	0	1	1	1	1093.0	0.025	
7	0	2	1	1	1144.0	0.025	
7	0	3	1	1	1033.0	0.025	
7	0	4	1	1	995.0	0.025	
7	0	5	1	1	1112.0	0.025	
7	0	6	1	1	1058.0	0.025	
7	0	7	1	1	941.6	0.025	
7	0	8	1	1	837.5	0.025	
7	0	9	1	1	940.2	0.025	
7	0	10	1	1	1022.0	0.025	
7	0	11	1	1	896.7	0.025	
7	0	12	1	1	804.6	0.025	
7	0	13	1	1	901.2	0.025	
7	0	14	1	1	924.0	0.025	
7	0	15	1	1	1360.0	0.025	
7	0	16	1	1	1396.0	0.025	
7	0	17	1	1	1245.0	0.025	
7	0	18	1	1	1228.0	0.025	
7	0	19	1	1	1366.0	0.025	
7	0	20	1	1	1232.0	0.025	
7	0	21	1	1	1244.0	0.025	
7	0	22	1	1	1116.0	0.025	
7	0	23	1	1	1280.0	0.025	
7	0	24	1	1	1291.0	0.025	
7	0	25	1	1	1168.0	0.025	
7	0	26	1	1	1129.0	0.025	
7	0	27	1	1	1182.0	0.025	

















































































