##
#  file: HodoParam_0
#  date: 2016.05.30
#  note: TDC calibration
#
#
#######################################################################
# CId	PlId	SegId	AorT	UorD	p0	p1
#
#########################################################
# BH1 Adc Up						#
#########################################################
1	0	0	0	0	100.00	700.00
1	0	1	0	0	100.00	700.00
1	0	2	0	0	100.00	700.00
1	0	3	0	0	100.00	700.00
1	0	4	0	0	100.00	700.00
1	0	5	0	0	100.00	700.00
1	0	6	0	0	100.00	700.00
1	0	7	0	0	100.00	700.00
1	0	8	0	0	100.00	700.00
1	0	9	0	0	100.00	700.00
1	0	10	0	0	100.00	700.00
#########################################################
# BH1 Adc Down						#
#########################################################
1	0	0	0	1	100.00	700.00
1	0	1	0	1	100.00	700.00
1	0	2	0	1	100.00	700.00
1	0	3	0	1	100.00	700.00
1	0	4	0	1	100.00	700.00
1	0	5	0	1	100.00	700.00
1	0	6	0	1	100.00	700.00
1	0	7	0	1	100.00	700.00
1	0	8	0	1	100.00	700.00
1	0	9	0	1	100.00	700.00
1	0	10	0	1	100.00	700.00
#########################################################
# BH1 Tdc Up						#
#########################################################
1	0	0	1	0	682.952	0.0350171
1	0	1	1	0	654.473	0.0369489
1	0	2	1	0	615.273	0.037127
1	0	3	1	0	671.601	0.0371511
1	0	4	1	0	586.329	0.0370966
1	0	5	1	0	546.448	0.0374825
1	0	6	1	0	546.909	0.0377713
1	0	7	1	0	614.967	0.0363072
1	0	8	1	0	558.609	0.0361815
1	0	9	1	0	594.628	0.0362455
1	0	10	1	0	567.521	0.0363163
#########################################################
# BH1 Tdc Down						#
#########################################################
1	0	0	1	1	675.073	0.0358066
1	0	1	1	1	609.718	0.0373397
1	0	2	1	1	633.726	0.0370401
1	0	3	1	1	667.371	0.036226
1	0	4	1	1	577.359	0.0370797
1	0	5	1	1	732.092	0.0370281
1	0	6	1	1	733.289	0.037474
1	0	7	1	1	757.445	0.0358984
1	0	8	1	1	752.564	0.0369881
1	0	9	1	1	729.995	0.035886
1	0	10	1	1	743.924	0.0353447
#########################################################
# BH2 Adc Up						#
#########################################################
2	0	0	0	0	100.00	700.00
#########################################################
# BH2 Adc Down						#
#########################################################
2	0	0	0	1	100.00	700.00
#########################################################
# BH2 Tdc Up						#
#########################################################
2	0	0	1	0	382.058	0.0373122
#########################################################
# BH2 Tdc Down						#
#########################################################
2	0	0	1	1	395.406	0.0369425
#########################################################
# BH2 cable offset					#
#########################################################
2	0	0	1	2	0.0000	1.0000
#########################################################
# BAC Adc						#
#########################################################
3	0	0	0	0	100.00	700.00
3	0	1	0	0	100.00	700.00
#########################################################
# BAC Tdc						#
#########################################################
3	0	0	1	0	700.00	0.0378351
3	0	1	1	0	700.00	0.037936
#########################################################
# FBH Tdc Up                                            #
#########################################################
4	0	0	1	0	670.410	1.0000
4	0	1	1	0	669.171	1.0000
4	0	2	1	0	669.154	1.0000
4	0	3	1	0	669.631	1.0000
4	0	4	1	0	669.317	1.0000
4	0	5	1	0	669.638	1.0000
4	0	6	1	0	670.375	1.0000
4	0	7	1	0	669.322	1.0000
4	0	8	1	0	663.693	1.0000
4	0	9	1	0	663.410	1.0000
4	0	10	1	0	666.370	1.0000
4	0	11	1	0	665.197	1.0000
4	0	12	1	0	664.191	1.0000
4	0	13	1	0	666.638	1.0000
4	0	14	1	0	664.135	1.0000
4	0	15	1	0	663.936	1.0000
#########################################################
# FBH Tdc Down                                          #
#########################################################
4	0	0	1	1	670.410	1.0000
4	0	1	1	1	669.171	1.0000
4	0	2	1	1	669.154	1.0000
4	0	3	1	1	669.631	1.0000
4	0	4	1	1	669.317	1.0000
4	0	5	1	1	669.638	1.0000
4	0	6	1	1	670.375	1.0000
4	0	7	1	1	669.322	1.0000
4	0	8	1	1	663.693	1.0000
4	0	9	1	1	663.410	1.0000
4	0	10	1	1	666.370	1.0000
4	0	11	1	1	665.197	1.0000
4	0	12	1	1	664.191	1.0000
4	0	13	1	1	666.638	1.0000
4	0	14	1	1	664.135	1.0000
4	0	15	1	1	663.936	1.0000
#########################################################
# PVAC Adc						#
#########################################################
5	0	0	0	0	100.00	700.00
#########################################################
# PVAC Tdc						#
#########################################################
5	0	0	1	0	700.00	0.0367654
#########################################################
# FAC Adc						#
#########################################################
6	0	0	0	0	100.00	700.00
#########################################################
# FAC Tdc						#
#########################################################
6	0	0	1	0	700.00	0.0372206
#########################################################
# SCH Tdc						#
#########################################################
7	0	0	1	0	646.587	1.0000
7	0	1	1	0	648.811	1.0000
7	0	2	1	0	653.075	1.0000
7	0	3	1	0	648.000	1.0000
7	0	4	1	0	640.679	1.0000
7	0	5	1	0	642.470	1.0000
7	0	6	1	0	648.000	1.0000
7	0	7	1	0	652.275	1.0000
7	0	8	1	0	652.352	1.0000
7	0	9	1	0	653.844	1.0000
7	0	10	1	0	655.323	1.0000
7	0	11	1	0	652.208	1.0000
7	0	12	1	0	650.175	1.0000
7	0	13	1	0	642.500	1.0000
7	0	14	1	0	650.281	1.0000
7	0	15	1	0	648.000	1.0000
7	0	16	1	0	650.416	1.0000
7	0	17	1	0	650.590	1.0000
7	0	18	1	0	647.537	1.0000
7	0	19	1	0	647.180	1.0000
7	0	20	1	0	646.221	1.0000
7	0	21	1	0	647.248	1.0000
7	0	22	1	0	651.920	1.0000
7	0	23	1	0	651.652	1.0000
7	0	24	1	0	648.176	1.0000
7	0	25	1	0	648.946	1.0000
7	0	26	1	0	649.520	1.0000
7	0	27	1	0	648.137	1.0000
7	0	28	1	0	647.504	1.0000
7	0	29	1	0	647.975	1.0000
7	0	30	1	0	645.320	1.0000
7	0	31	1	0	638.796	1.0000
7	0	32	1	0	651.156	1.0000
7	0	33	1	0	641.223	1.0000
7	0	34	1	0	641.273	1.0000
7	0	35	1	0	648.000	1.0000
7	0	36	1	0	648.000	1.0000
7	0	37	1	0	648.000	1.0000
7	0	38	1	0	648.000	1.0000
7	0	39	1	0	648.000	1.0000
7	0	40	1	0	643.679	1.0000
7	0	41	1	0	648.000	1.0000
7	0	42	1	0	638.679	1.0000
7	0	43	1	0	640.693	1.0000
7	0	44	1	0	648.000	1.0000
7	0	45	1	0	648.000	1.0000
7	0	46	1	0	648.000	1.0000
7	0	47	1	0	648.000	1.0000
7	0	48	1	0	648.000	1.0000
7	0	49	1	0	638.386	1.0000
7	0	50	1	0	648.000	1.0000
7	0	51	1	0	648.000	1.0000
7	0	52	1	0	648.000	1.0000
7	0	53	1	0	648.000	1.0000
7	0	54	1	0	648.000	1.0000
7	0	55	1	0	648.000	1.0000
7	0	56	1	0	648.000	1.0000
7	0	57	1	0	648.000	1.0000
7	0	58	1	0	648.000	1.0000
7	0	59	1	0	648.000	1.0000
7	0	60	1	0	641.828	1.0000
7	0	61	1	0	648.000	1.0000
7	0	62	1	0	648.000	1.0000
7	0	63	1	0	648.000	1.0000
#########################################################
# TOF Adc Up						#
#########################################################
8	0	0	0	0	100.00	700.00
8	0	1	0	0	100.00	700.00
8	0	2	0	0	100.00	700.00
8	0	3	0	0	100.00	700.00
8	0	4	0	0	100.00	700.00
8	0	5	0	0	100.00	700.00
8	0	6	0	0	100.00	700.00
8	0	7	0	0	100.00	700.00
8	0	8	0	0	100.00	700.00
8	0	9	0	0	100.00	700.00
8	0	10	0	0	100.00	700.00
8	0	11	0	0	100.00	700.00
8	0	12	0	0	100.00	700.00
8	0	13	0	0	100.00	700.00
8	0	14	0	0	100.00	700.00
8	0	15	0	0	100.00	700.00
8	0	16	0	0	100.00	700.00
8	0	17	0	0	100.00	700.00
8	0	18	0	0	100.00	700.00
8	0	19	0	0	100.00	700.00
8	0	20	0	0	100.00	700.00
8	0	21	0	0	100.00	700.00
8	0	22	0	0	100.00	700.00
8	0	23	0	0	100.00	700.00
#########################################################
# TOF Adc Down						#
#########################################################
8	0	0	0	1	100.00	700.00
8	0	1	0	1	100.00	700.00
8	0	2	0	1	100.00	700.00
8	0	3	0	1	100.00	700.00
8	0	4	0	1	100.00	700.00
8	0	5	0	1	100.00	700.00
8	0	6	0	1	100.00	700.00
8	0	7	0	1	100.00	700.00
8	0	8	0	1	100.00	700.00
8	0	9	0	1	100.00	700.00
8	0	10	0	1	100.00	700.00
8	0	11	0	1	100.00	700.00
8	0	12	0	1	100.00	700.00
8	0	13	0	1	100.00	700.00
8	0	14	0	1	100.00	700.00
8	0	15	0	1	100.00	700.00
8	0	16	0	1	100.00	700.00
8	0	17	0	1	100.00	700.00
8	0	18	0	1	100.00	700.00
8	0	19	0	1	100.00	700.00
8	0	20	0	1	100.00	700.00
8	0	21	0	1	100.00	700.00
8	0	22	0	1	100.00	700.00
8	0	23	0	1	100.00	700.00
#########################################################
# TOF Tdc Up						#
#########################################################
8	0	0	1	0	700.00	0.0359635
8	0	1	1	0	700.00	0.0376975
8	0	2	1	0	700.00	0.0366926
8	0	3	1	0	700.00	0.0384747
8	0	4	1	0	700.00	0.0381912
8	0	5	1	0	700.00	0.0360265
8	0	6	1	0	700.00	0.0372921
8	0	7	1	0	700.00	0.0360393
8	0	8	1	0	700.00	0.0362141
8	0	9	1	0	700.00	0.0366947
8	0	10	1	0	700.00	0.0354704
8	0	11	1	0	700.00	0.0358955
8	0	12	1	0	700.00	0.0375408
8	0	13	1	0	700.00	0.0379835
8	0	14	1	0	700.00	0.0369105
8	0	15	1	0	700.00	0.0364363
8	0	16	1	0	700.00	0.0370827
8	0	17	1	0	700.00	0.0364045
8	0	18	1	0	700.00	0.0367035
8	0	19	1	0	700.00	0.0381665
8	0	20	1	0	700.00	0.038063
8	0	21	1	0	700.00	0.0366858
8	0	22	1	0	700.00	0.0365514
8	0	23	1	0	700.00	0.0366392
#########################################################
# TOF Tdc Down						#
#########################################################
8	0	0	1	1	700.00	0.0366338
8	0	1	1	1	700.00	0.0366964
8	0	2	1	1	700.00	0.036412
8	0	3	1	1	700.00	0.0367904
8	0	4	1	1	700.00	0.0369847
8	0	5	1	1	700.00	0.0366622
8	0	6	1	1	700.00	0.0365852
8	0	7	1	1	700.00	0.0365835
8	0	8	1	1	700.00	0.0370811
8	0	9	1	1	700.00	0.0365879
8	0	10	1	1	700.00	0.0365447
8	0	11	1	1	700.00	0.0369319
8	0	12	1	1	700.00	0.0369111
8	0	13	1	1	700.00	0.0363976
8	0	14	1	1	700.00	0.0366817
8	0	15	1	1	700.00	0.0363325
8	0	16	1	1	700.00	0.0369948
8	0	17	1	1	700.00	0.0363123
8	0	18	1	1	700.00	0.0365024
8	0	19	1	1	700.00	0.0364443
8	0	20	1	1	700.00	0.0370977
8	0	21	1	1	700.00	0.0368422
8	0	22	1	1	700.00	0.0368949
8	0	23	1	1	700.00	0.0362808
#########################################################
# BFT-U Tdc						#
#########################################################
110	0	0	1	0	739.000	1.0000
110	0	1	1	0	739.000	1.0000
110	0	2	1	0	738.358	1.0000
110	0	3	1	0	741.614	1.0000
110	0	4	1	0	738.113	1.0000
110	0	5	1	0	741.871	1.0000
110	0	6	1	0	740.377	1.0000
110	0	7	1	0	740.340	1.0000
110	0	8	1	0	739.000	1.0000
110	0	9	1	0	741.650	1.0000
110	0	10	1	0	738.272	1.0000
110	0	11	1	0	742.603	1.0000
110	0	12	1	0	739.677	1.0000
110	0	13	1	0	743.567	1.0000
110	0	14	1	0	740.462	1.0000
110	0	15	1	0	743.052	1.0000
110	0	16	1	0	741.251	1.0000
110	0	17	1	0	744.208	1.0000
110	0	18	1	0	741.507	1.0000
110	0	19	1	0	742.984	1.0000
110	0	20	1	0	740.650	1.0000
110	0	21	1	0	742.686	1.0000
110	0	22	1	0	740.721	1.0000
110	0	23	1	0	742.260	1.0000
110	0	24	1	0	742.009	1.0000
110	0	25	1	0	743.464	1.0000
110	0	26	1	0	740.359	1.0000
110	0	27	1	0	741.265	1.0000
110	0	28	1	0	741.022	1.0000
110	0	29	1	0	743.167	1.0000
110	0	30	1	0	739.773	1.0000
110	0	31	1	0	742.196	1.0000
110	0	32	1	0	740.395	1.0000
110	0	33	1	0	740.167	1.0000
110	0	34	1	0	740.225	1.0000
110	0	35	1	0	742.303	1.0000
110	0	36	1	0	740.818	1.0000
110	0	37	1	0	743.050	1.0000
110	0	38	1	0	739.148	1.0000
110	0	39	1	0	741.847	1.0000
110	0	40	1	0	739.971	1.0000
110	0	41	1	0	742.481	1.0000
110	0	42	1	0	739.676	1.0000
110	0	43	1	0	741.917	1.0000
110	0	44	1	0	739.601	1.0000
110	0	45	1	0	742.859	1.0000
110	0	46	1	0	739.417	1.0000
110	0	47	1	0	742.210	1.0000
110	0	48	1	0	740.440	1.0000
110	0	49	1	0	743.750	1.0000
110	0	50	1	0	739.909	1.0000
110	0	51	1	0	741.825	1.0000
110	0	52	1	0	739.593	1.0000
110	0	53	1	0	741.793	1.0000
110	0	54	1	0	739.035	1.0000
110	0	55	1	0	741.381	1.0000
110	0	56	1	0	740.832	1.0000
110	0	57	1	0	742.819	1.0000
110	0	58	1	0	738.914	1.0000
110	0	59	1	0	742.185	1.0000
110	0	60	1	0	738.880	1.0000
110	0	61	1	0	741.292	1.0000
110	0	62	1	0	738.157	1.0000
110	0	63	1	0	741.053	1.0000
110	0	64	1	0	738.544	1.0000
110	0	65	1	0	739.164	1.0000
110	0	66	1	0	738.255	1.0000
110	0	67	1	0	738.452	1.0000
110	0	68	1	0	738.372	1.0000
110	0	69	1	0	739.569	1.0000
110	0	70	1	0	738.651	1.0000
110	0	71	1	0	739.839	1.0000
110	0	72	1	0	738.462	1.0000
110	0	73	1	0	738.941	1.0000
110	0	74	1	0	739.709	1.0000
110	0	75	1	0	739.912	1.0000
110	0	76	1	0	739.044	1.0000
110	0	77	1	0	739.848	1.0000
110	0	78	1	0	738.713	1.0000
110	0	79	1	0	739.628	1.0000
110	0	80	1	0	740.608	1.0000
110	0	81	1	0	740.601	1.0000
110	0	82	1	0	739.752	1.0000
110	0	83	1	0	740.457	1.0000
110	0	84	1	0	740.010	1.0000
110	0	85	1	0	740.840	1.0000
110	0	86	1	0	738.986	1.0000
110	0	87	1	0	740.113	1.0000
110	0	88	1	0	741.018	1.0000
110	0	89	1	0	740.823	1.0000
110	0	90	1	0	739.104	1.0000
110	0	91	1	0	739.458	1.0000
110	0	92	1	0	741.111	1.0000
110	0	93	1	0	740.973	1.0000
110	0	94	1	0	738.483	1.0000
110	0	95	1	0	740.067	1.0000
110	0	96	1	0	740.056	1.0000
110	0	97	1	0	740.381	1.0000
110	0	98	1	0	738.993	1.0000
110	0	99	1	0	739.317	1.0000
110	0	100	1	0	740.755	1.0000
110	0	101	1	0	740.919	1.0000
110	0	102	1	0	738.758	1.0000
110	0	103	1	0	739.272	1.0000
110	0	104	1	0	739.084	1.0000
110	0	105	1	0	740.025	1.0000
110	0	106	1	0	739.158	1.0000
110	0	107	1	0	739.785	1.0000
110	0	108	1	0	739.412	1.0000
110	0	109	1	0	740.094	1.0000
110	0	110	1	0	738.351	1.0000
110	0	111	1	0	739.328	1.0000
110	0	112	1	0	740.164	1.0000
110	0	113	1	0	741.141	1.0000
110	0	114	1	0	739.943	1.0000
110	0	115	1	0	739.078	1.0000
110	0	116	1	0	740.076	1.0000
110	0	117	1	0	740.409	1.0000
110	0	118	1	0	738.079	1.0000
110	0	119	1	0	739.022	1.0000
110	0	120	1	0	739.815	1.0000
110	0	121	1	0	739.548	1.0000
110	0	122	1	0	739.195	1.0000
110	0	123	1	0	739.267	1.0000
110	0	124	1	0	739.297	1.0000
110	0	125	1	0	736.902	1.0000
110	0	126	1	0	738.215	1.0000
110	0	127	1	0	738.392	1.0000
110	0	128	1	0	740.554	1.0000
110	0	129	1	0	739.513	1.0000
110	0	130	1	0	738.716	1.0000
110	0	131	1	0	737.899	1.0000
110	0	132	1	0	740.223	1.0000
110	0	133	1	0	740.603	1.0000
110	0	134	1	0	737.274	1.0000
110	0	135	1	0	738.720	1.0000
110	0	136	1	0	739.741	1.0000
110	0	137	1	0	739.617	1.0000
110	0	138	1	0	739.229	1.0000
110	0	139	1	0	738.740	1.0000
110	0	140	1	0	739.591	1.0000
110	0	141	1	0	737.570	1.0000
110	0	142	1	0	739.251	1.0000
110	0	143	1	0	739.375	1.0000
110	0	144	1	0	740.736	1.0000
110	0	145	1	0	740.153	1.0000
110	0	146	1	0	740.150	1.0000
110	0	147	1	0	740.520	1.0000
110	0	148	1	0	740.153	1.0000
110	0	149	1	0	739.074	1.0000
110	0	150	1	0	738.542	1.0000
110	0	151	1	0	739.503	1.0000
110	0	152	1	0	740.186	1.0000
110	0	153	1	0	738.137	1.0000
110	0	154	1	0	739.000	1.0000
110	0	155	1	0	739.518	1.0000
110	0	156	1	0	733.609	1.0000
110	0	157	1	0	737.236	1.0000
110	0	158	1	0	739.000	1.0000
110	0	159	1	0	739.000	1.0000
#########################################################
# BFT-D Tdc						#
#########################################################
110	1	0	1	0	739.000	1.0000
110	1	1	1	0	739.000	1.0000
110	1	2	1	0	738.358	1.0000
110	1	3	1	0	741.614	1.0000
110	1	4	1	0	738.113	1.0000
110	1	5	1	0	741.871	1.0000
110	1	6	1	0	740.377	1.0000
110	1	7	1	0	740.340	1.0000
110	1	8	1	0	739.000	1.0000
110	1	9	1	0	741.650	1.0000
110	1	10	1	0	738.272	1.0000
110	1	11	1	0	742.603	1.0000
110	1	12	1	0	739.677	1.0000
110	1	13	1	0	743.567	1.0000
110	1	14	1	0	740.462	1.0000
110	1	15	1	0	743.052	1.0000
110	1	16	1	0	741.251	1.0000
110	1	17	1	0	744.208	1.0000
110	1	18	1	0	741.507	1.0000
110	1	19	1	0	742.984	1.0000
110	1	20	1	0	740.650	1.0000
110	1	21	1	0	742.686	1.0000
110	1	22	1	0	740.721	1.0000
110	1	23	1	0	742.260	1.0000
110	1	24	1	0	742.009	1.0000
110	1	25	1	0	743.464	1.0000
110	1	26	1	0	740.359	1.0000
110	1	27	1	0	741.265	1.0000
110	1	28	1	0	741.022	1.0000
110	1	29	1	0	743.167	1.0000
110	1	30	1	0	739.773	1.0000
110	1	31	1	0	742.196	1.0000
110	1	32	1	0	740.395	1.0000
110	1	33	1	0	740.167	1.0000
110	1	34	1	0	740.225	1.0000
110	1	35	1	0	742.303	1.0000
110	1	36	1	0	740.818	1.0000
110	1	37	1	0	743.050	1.0000
110	1	38	1	0	739.148	1.0000
110	1	39	1	0	741.847	1.0000
110	1	40	1	0	739.971	1.0000
110	1	41	1	0	742.481	1.0000
110	1	42	1	0	739.676	1.0000
110	1	43	1	0	741.917	1.0000
110	1	44	1	0	739.601	1.0000
110	1	45	1	0	742.859	1.0000
110	1	46	1	0	739.417	1.0000
110	1	47	1	0	742.210	1.0000
110	1	48	1	0	740.440	1.0000
110	1	49	1	0	743.750	1.0000
110	1	50	1	0	739.909	1.0000
110	1	51	1	0	741.825	1.0000
110	1	52	1	0	739.593	1.0000
110	1	53	1	0	741.793	1.0000
110	1	54	1	0	739.035	1.0000
110	1	55	1	0	741.381	1.0000
110	1	56	1	0	740.832	1.0000
110	1	57	1	0	742.819	1.0000
110	1	58	1	0	738.914	1.0000
110	1	59	1	0	742.185	1.0000
110	1	60	1	0	738.880	1.0000
110	1	61	1	0	741.292	1.0000
110	1	62	1	0	738.157	1.0000
110	1	63	1	0	741.053	1.0000
110	1	64	1	0	738.544	1.0000
110	1	65	1	0	739.164	1.0000
110	1	66	1	0	738.255	1.0000
110	1	67	1	0	738.452	1.0000
110	1	68	1	0	738.372	1.0000
110	1	69	1	0	739.569	1.0000
110	1	70	1	0	738.651	1.0000
110	1	71	1	0	739.839	1.0000
110	1	72	1	0	738.462	1.0000
110	1	73	1	0	738.941	1.0000
110	1	74	1	0	739.709	1.0000
110	1	75	1	0	739.912	1.0000
110	1	76	1	0	739.044	1.0000
110	1	77	1	0	739.848	1.0000
110	1	78	1	0	738.713	1.0000
110	1	79	1	0	739.628	1.0000
110	1	80	1	0	740.608	1.0000
110	1	81	1	0	740.601	1.0000
110	1	82	1	0	739.752	1.0000
110	1	83	1	0	740.457	1.0000
110	1	84	1	0	740.010	1.0000
110	1	85	1	0	740.840	1.0000
110	1	86	1	0	738.986	1.0000
110	1	87	1	0	740.113	1.0000
110	1	88	1	0	741.018	1.0000
110	1	89	1	0	740.823	1.0000
110	1	90	1	0	739.104	1.0000
110	1	91	1	0	739.458	1.0000
110	1	92	1	0	741.111	1.0000
110	1	93	1	0	740.973	1.0000
110	1	94	1	0	738.483	1.0000
110	1	95	1	0	740.067	1.0000
110	1	96	1	0	740.056	1.0000
110	1	97	1	0	740.381	1.0000
110	1	98	1	0	738.993	1.0000
110	1	99	1	0	739.317	1.0000
110	1	100	1	0	740.755	1.0000
110	1	101	1	0	740.919	1.0000
110	1	102	1	0	738.758	1.0000
110	1	103	1	0	739.272	1.0000
110	1	104	1	0	739.084	1.0000
110	1	105	1	0	740.025	1.0000
110	1	106	1	0	739.158	1.0000
110	1	107	1	0	739.785	1.0000
110	1	108	1	0	739.412	1.0000
110	1	109	1	0	740.094	1.0000
110	1	110	1	0	738.351	1.0000
110	1	111	1	0	739.328	1.0000
110	1	112	1	0	740.164	1.0000
110	1	113	1	0	741.141	1.0000
110	1	114	1	0	739.943	1.0000
110	1	115	1	0	739.078	1.0000
110	1	116	1	0	740.076	1.0000
110	1	117	1	0	740.409	1.0000
110	1	118	1	0	738.079	1.0000
110	1	119	1	0	739.022	1.0000
110	1	120	1	0	739.815	1.0000
110	1	121	1	0	739.548	1.0000
110	1	122	1	0	739.195	1.0000
110	1	123	1	0	739.267	1.0000
110	1	124	1	0	739.297	1.0000
110	1	125	1	0	736.902	1.0000
110	1	126	1	0	738.215	1.0000
110	1	127	1	0	738.392	1.0000
110	1	128	1	0	740.554	1.0000
110	1	129	1	0	739.513	1.0000
110	1	130	1	0	738.716	1.0000
110	1	131	1	0	737.899	1.0000
110	1	132	1	0	740.223	1.0000
110	1	133	1	0	740.603	1.0000
110	1	134	1	0	737.274	1.0000
110	1	135	1	0	738.720	1.0000
110	1	136	1	0	739.741	1.0000
110	1	137	1	0	739.617	1.0000
110	1	138	1	0	739.229	1.0000
110	1	139	1	0	738.740	1.0000
110	1	140	1	0	739.591	1.0000
110	1	141	1	0	737.570	1.0000
110	1	142	1	0	739.251	1.0000
110	1	143	1	0	739.375	1.0000
110	1	144	1	0	740.736	1.0000
110	1	145	1	0	740.153	1.0000
110	1	146	1	0	740.150	1.0000
110	1	147	1	0	740.520	1.0000
110	1	148	1	0	740.153	1.0000
110	1	149	1	0	739.074	1.0000
110	1	150	1	0	738.542	1.0000
110	1	151	1	0	739.503	1.0000
110	1	152	1	0	740.186	1.0000
110	1	153	1	0	738.137	1.0000
110	1	154	1	0	739.000	1.0000
110	1	155	1	0	739.518	1.0000
110	1	156	1	0	733.609	1.0000
110	1	157	1	0	737.236	1.0000
110	1	158	1	0	739.000	1.0000
110	1	159	1	0	739.000	1.0000
#########################################################
# SSDT Adc (Dummy)                                      #
#########################################################
119	0	0	0	0	100.00	700.00
119	0	1	0	0	100.00	700.00
119	0	2	0	0	100.00	700.00
119	0	3	0	0	100.00	700.00
#########################################################
# SSDT Tdc                                              #
#########################################################
119	0	0	1	0	700.00	0.035
119	0	1	1	0	700.00	0.035
119	0	2	1	0	700.00	0.035
119	0	3	1	0	700.00	0.035
