##
#  file: HodoParam_0
#  date: 2017.04.18
#  note: first version of E07-Phase2
#
#
#######################################################################
# CId   PlId    SegId   AorT    UorD    p0      p1
#
#########################################################
# BH1 Adc Up                                            #
#########################################################
1	0	0	0	0	78.2323	371.637
1	0	1	0	0	65.8965	416.851
1	0	2	0	0	125.36 	387.433
1	0	3	0	0	96.7696	255.424
1	0	4	0	0	124.354	299.521
1	0	5	0	0	94.6595	283.755
1	0	6	0	0	114.295	292.017
1	0	7	0	0	108.63 	232.584
1	0	8	0	0	142.743	369.845
1	0	9	0	0	116.632	477.882
1	0	10	0	0	78.5211	445.207
#########################################################
# BH1 Adc Down                                          #
#########################################################
1	0	0	0	1	107.589 434.099
1	0	1	0	1	77.4497	411.649
1	0	2	0	1	89.6891	336.943
1	0	3	0	1	100.014	339.987
1	0	4	0	1	148.174	196.876
1	0	5	0	1	109.796	290.88
1	0	6	0	1	100.784	281.512
1	0	7	0	1	115.068	206.226
1	0	8	0	1	74.7132	457.552
1	0	9	0	1	93.944 	360.952
1	0	10	0	1	114.398	406.504
#########################################################
# BH1 Tdc Up                                            #
#########################################################
1	0	0	1	0	523135	-0.0009390020
1	0	1	1	0	524828	-0.0009390020
1	0	2	1	0	524512	-0.0009390020
1	0	3	1	0	523493	-0.0009390020
1	0	4	1	0	525873	-0.0009390020
1	0	5	1	0	525318	-0.0009390020
1	0	6	1	0	525421	-0.0009390020
1	0	7	1	0	523612	-0.0009390020
1	0	8	1	0	525961	-0.0009390020
1	0	9	1	0	525630	-0.0009390020
1	0	10	1	0	525529	-0.0009390020
#########################################################
# BH1 Tdc Down                                          #
#########################################################
1	0	0	1	1	524542	-0.0009390020
1	0	1	1	1	525224	-0.0009390020
1	0	2	1	1	525015	-0.0009390020
1	0	3	1	1	524561	-0.0009390020
1	0	4	1	1	524820	-0.0009390020
1	0	5	1	1	525481	-0.0009390020
1	0	6	1	1	525839	-0.0009390020
1	0	7	1	1	524407	-0.0009390020
1	0	8	1	1	526214	-0.0009390020
1	0	9	1	1	525637	-0.0009390020
1	0	10	1	1	525619	-0.0009390020
#########################################################
# BH2 Adc Up                                            #
#########################################################
2	0	0	0	0	100.000	500.000
2	0	1	0	0	100.000	500.000
2	0	2	0	0	100.000	500.000
2	0	3	0	0	100.000	500.000
2	0	4	0	0	100.000	500.000
2	0	5	0	0	100.000	500.000
2	0	6	0	0	100.000	500.000
2	0	7	0	0	100.000	500.000
#########################################################
# BH2 Adc Down                                          #
#########################################################
2	0	0	0	1	100.000	500.000
2	0	1	0	1	100.000	500.000
2	0	2	0	1	100.000	500.000
2	0	3	0	1	100.000	500.000
2	0	4	0	1	100.000	500.000
2	0	5	0	1	100.000	500.000
2	0	6	0	1	100.000	500.000
2	0	7	0	1	100.000	500.000
#########################################################
# BH2 Tdc Up                                            #
#########################################################
2	0	0	1	0	331694	-0.0009390020
2	0	1	1	0	334189	-0.0009390020
2	0	2	1	0	333070	-0.0009390020
2	0	3	1	0	333263	-0.0009390020
2	0	4	1	0	333665	-0.0009390020
2	0	5	1	0	333649	-0.0009390020
2	0	6	1	0	333907	-0.0009390020
2	0	7	1	0	332781	-0.0009390020
#########################################################
# BH2 Tdc Down                                          #
#########################################################
2	0	0	1	1	334892	-0.0009390020
2	0	1	1	1	335561	-0.0009390020
2	0	2	1	1	334940	-0.0009390020
2	0	3	1	1	333464	-0.0009390020
2	0	4	1	1	334852	-0.0009390020
2	0	5	1	1	333190	-0.0009390020
2	0	6	1	1	335147	-0.0009390020
2	0	7	1	1	332978	-0.0009390020
#########################################################
# BH2 cable offset                                      #
#########################################################
2	0	0	1	2	-0.344831	1.0000000000
2	0	1	1	2	0.573528 	1.0000000000
2	0	2	1	2	0.305885 	1.0000000000
2	0	3	1	2	0.0     	1.0000000000
2	0	4	1	2	-0.409631	1.0000000000
2	0	5	1	2	-0.212889	1.0000000000
2	0	6	1	2	-0.178486	1.0000000000
2	0	7	1	2	-0.405641	1.0000000000
#########################################################
# BAC Adc                                               #
#########################################################
3	0	0	0	0	100	500
#########################################################
# BAC Tdc                                               #
#########################################################
3	0	0	1	0	1156  -0.8333
#########################################################
# HTOF Adc Up                                           #
#########################################################
8	0	0	0	0	100.000	500.000
8	0	1	0	0	100.000	500.000
8	0	2	0	0	100.000	500.000
8	0	3	0	0	100.000	500.000
8	0	4	0	0	100.000	500.000
8	0	5	0	0	100.000	500.000
8	0	6	0	0	100.000	500.000
8	0	7	0	0	100.000	500.000
8	0	8	0	0	100.000	500.000
8	0	9	0	0	100.000	500.000
8	0	10	0	0	100.000	500.000
8	0	11	0	0	100.000	500.000
8	0	12	0	0	100.000	500.000
8	0	13	0	0	100.000	500.000
8	0	14	0	0	100.000	500.000
8	0	15	0	0	100.000	500.000
8	0	16	0	0	100.000	500.000
8	0	17	0	0	100.000	500.000
8	0	18	0	0	100.000	500.000
8	0	19	0	0	100.000	500.000
8	0	20	0	0	100.000	500.000
8	0	21	0	0	100.000	500.000
8	0	22	0	0	100.000	500.000
8	0	23	0	0	100.000	500.000
8	0	24	0	0	100.000	500.000
8	0	25	0	0	100.000	500.000
8	0	26	0	0	100.000	500.000
8	0	27	0	0	100.000	500.000
8	0	28	0	0	100.000	500.000
8	0	29	0	0	100.000	500.000
8	0	30	0	0	100.000	500.000
8	0	31	0	0	100.000	500.000
8	0	32	0	0	100.000	500.000
8	0	33	0	0	100.000	500.000
#########################################################
# HTOF Adc Down                                         #
#########################################################
8	0	0	0	1	100.000	500.000
8	0	1	0	1	100.000	500.000
8	0	2	0	1	100.000	500.000
8	0	3	0	1	100.000	500.000
8	0	4	0	1	100.000	500.000
8	0	5	0	1	100.000	500.000
8	0	6	0	1	100.000	500.000
8	0	7	0	1	100.000	500.000
8	0	8	0	1	100.000	500.000
8	0	9	0	1	100.000	500.000
8	0	10	0	1	100.000	500.000
8	0	11	0	1	100.000	500.000
8	0	12	0	1	100.000	500.000
8	0	13	0	1	100.000	500.000
8	0	14	0	1	100.000	500.000
8	0	15	0	1	100.000	500.000
8	0	16	0	1	100.000	500.000
8	0	17	0	1	100.000	500.000
8	0	18	0	1	100.000	500.000
8	0	19	0	1	100.000	500.000
8	0	20	0	1	100.000	500.000
8	0	21	0	1	100.000	500.000
8	0	22	0	1	100.000	500.000
8	0	23	0	1	100.000	500.000
8	0	24	0	1	100.000	500.000
8	0	25	0	1	100.000	500.000
8	0	26	0	1	100.000	500.000
8	0	27	0	1	100.000	500.000
8	0	28	0	1	100.000	500.000
8	0	29	0	1	100.000	500.000
8	0	30	0	1	100.000	500.000
8	0	31	0	1	100.000	500.000
8	0	32	0	1	100.000	500.000
8	0	33	0	1	100.000	500.000
#########################################################
# HTOF Tdc Up                                           #
#########################################################
8	0	0	1	0	950000	-0.0009390020
8	0	1	1	0	950000	-0.0009390020
8	0	2	1	0	950000	-0.0009390020
8	0	3	1	0	950000	-0.0009390020
8	0	4	1	0	950000	-0.0009390020
8	0	5	1	0	950000	-0.0009390020
8	0	6	1	0	950000	-0.0009390020
8	0	7	1	0	950000	-0.0009390020
8	0	8	1	0	950000	-0.0009390020
8	0	9	1	0	950000	-0.0009390020
8	0	10	1	0	950000	-0.0009390020
8	0	11	1	0	950000	-0.0009390020
8	0	12	1	0	950000	-0.0009390020
8	0	13	1	0	950000	-0.0009390020
8	0	14	1	0	950000	-0.0009390020
8	0	15	1	0	950000	-0.0009390020
8	0	16	1	0	950000	-0.0009390020
8	0	17	1	0	950000	-0.0009390020
8	0	18	1	0	950000	-0.0009390020
8	0	19	1	0	950000	-0.0009390020
8	0	20	1	0	950000	-0.0009390020
8	0	21	1	0	950000	-0.0009390020
8	0	22	1	0	950000	-0.0009390020
8	0	23	1	0	950000	-0.0009390020
8	0	24	1	0	950000	-0.0009390020
8	0	25	1	0	950000	-0.0009390020
8	0	26	1	0	950000	-0.0009390020
8	0	27	1	0	950000	-0.0009390020
8	0	28	1	0	950000	-0.0009390020
8	0	29	1	0	950000	-0.0009390020
8	0	30	1	0	950000	-0.0009390020
8	0	31	1	0	950000	-0.0009390020
8	0	32	1	0	950000	-0.0009390020
8	0	33	1	0	950000	-0.0009390020
#########################################################
# HTOF Tdc Down                                         #
#########################################################
8	0	0	1	1	950000	-0.0009390020
8	0	1	1	1	950000	-0.0009390020
8	0	2	1	1	950000	-0.0009390020
8	0	3	1	1	950000	-0.0009390020
8	0	4	1	1	950000	-0.0009390020
8	0	5	1	1	950000	-0.0009390020
8	0	6	1	1	950000	-0.0009390020
8	0	7	1	1	950000	-0.0009390020
8	0	8	1	1	950000	-0.0009390020
8	0	9	1	1	950000	-0.0009390020
8	0	10	1	1	950000	-0.0009390020
8	0	11	1	1	950000	-0.0009390020
8	0	12	1	1	950000	-0.0009390020
8	0	13	1	1	950000	-0.0009390020
8	0	14	1	1	950000	-0.0009390020
8	0	15	1	1	950000	-0.0009390020
8	0	16	1	1	950000	-0.0009390020
8	0	17	1	1	950000	-0.0009390020
8	0	18	1	1	950000	-0.0009390020
8	0	19	1	1	950000	-0.0009390020
8	0	20	1	1	950000	-0.0009390020
8	0	21	1	1	950000	-0.0009390020
8	0	22	1	1	950000	-0.0009390020
8	0	23	1	1	950000	-0.0009390020
8	0	24	1	1	950000	-0.0009390020
8	0	25	1	1	950000	-0.0009390020
8	0	26	1	1	950000	-0.0009390020
8	0	27	1	1	950000	-0.0009390020
8	0	28	1	1	950000	-0.0009390020
8	0	29	1	1	950000	-0.0009390020
8	0	30	1	1	950000	-0.0009390020
8	0	31	1	1	950000	-0.0009390020
8	0	32	1	1	950000	-0.0009390020
8	0	33	1	1	950000	-0.0009390020
#########################################################
# SCH Tdc                                               #
#########################################################
6	0	0	1	0	482.783	-1
6	0	1	1	0	483.262	-1
6	0	2	1	0	482.466	-1
6	0	3	1	0	482.793	-1
6	0	4	1	0	482.903	-1
6	0	5	1	0	482.794	-1
6	0	6	1	0	484.832	-1
6	0	7	1	0	484.775	-1
6	0	8	1	0	485.26 	-1
6	0	9	1	0	483.524	-1
6	0	10	1	0	483.697	-1
6	0	11	1	0	482.015	-1
6	0	12	1	0	481.775	-1
6	0	13	1	0	481.226	-1
6	0	14	1	0	481.159	-1
6	0	15	1	0	481.738	-1
6	0	16	1	0	483.01 	-1
6	0	17	1	0	481.792	-1
6	0	18	1	0	481.746	-1
6	0	19	1	0	481.609	-1
6	0	20	1	0	481.6  	-1
6	0	21	1	0	481.585	-1
6	0	22	1	0	483.375	-1
6	0	23	1	0	483.048	-1
6	0	24	1	0	482.348	-1
6	0	25	1	0	482.799	-1
6	0	26	1	0	483.017	-1
6	0	27	1	0	480.608	-1
6	0	28	1	0	481.374	-1
6	0	29	1	0	482.08 	-1
6	0	30	1	0	480.595	-1
6	0	31	1	0	479.341	-1
6	0	32	1	0	482.842	-1
6	0	33	1	0	482.602	-1
6	0	34	1	0	482.252	-1
6	0	35	1	0	483.068	-1
6	0	36	1	0	482.354	-1
6	0	37	1	0	481.748	-1
6	0	38	1	0	484.258	-1
6	0	39	1	0	484.678	-1
6	0	40	1	0	484.336	-1
6	0	41	1	0	484.945	-1
6	0	42	1	0	484.417	-1
6	0	43	1	0	483.211	-1
6	0	44	1	0	481.964	-1
6	0	45	1	0	482.154	-1
6	0	46	1	0	481.613	-1
6	0	47	1	0	480.943	-1
6	0	48	1	0	482.637	-1
6	0	49	1	0	481.518	-1
6	0	50	1	0	481.182	-1
6	0	51	1	0	481.374	-1
6	0	52	1	0	481.116	-1
6	0	53	1	0	482.226	-1
6	0	54	1	0	482.64 	-1
6	0	55	1	0	483.361	-1
6	0	56	1	0	483.464	-1
6	0	57	1	0	481.446	-1
6	0	58	1	0	483.916	-1
6	0	59	1	0	482.796	-1
6	0	60	1	0	481.634	-1
6	0	61	1	0	482.556	-1
6	0	62	1	0	483.379	-1
6	0	63	1	0	480.368	-1
#########################################################
# BVH Tdc                                               #
#########################################################
9	0	0	1	0	500.000	-0.8333
9	0	1	1	0	500.000	-0.8333
9	0	2	1	0	500.000	-0.8333
9	0	3	1	0	500.000	-0.8333
#########################################################
# TOF Adc Up                                            #
#########################################################
7	0	0	0	0	136.157	782.783
7	0	1	0	0	139.706	736.602
7	0	2	0	0	152.152	818.246
7	0	3	0	0	117.679	742.136
7	0	4	0	0	147.449	634.048
7	0	5	0	0	143.414	742.231
7	0	6	0	0	140.276	860.774
7	0	7	0	0	123.19 	886.994
7	0	8	0	0	128.763	789.157
7	0	9	0	0	111.861	491.891
7	0	10	0	0	138.229	663.208
7	0	11	0	0	146.098	699.281
7	0	12	0	0	145.69 	578.718
7	0	13	0	0	120.449	527.972
7	0	14	0	0	131.178	656.229
7	0	15	0	0	111.082	617.647
7	0	16	0	0	118.765	727.337
7	0	17	0	0	114.751	652.967
7	0	18	0	0	130.765	577.995
7	0	19	0	0	104.935	596.54
7	0	20	0	0	143.983	552.735
7	0	21	0	0	97.647 	604.312
7	0	22	0	0	113.34 	826.279
7	0	23	0	0	142.880	701.268
#########################################################
# TOF Adc Down                                          #
#########################################################
7	0	0	0	1	123.232 755.142
7	0	1	0	1	139.192 763.31
7	0	2	0	1	95.427 	794.832
7	0	3	0	1	127.289	864.75
7	0	4	0	1	114.603	751.852
7	0	5	0	1	123.999	939.864
7	0	6	0	1	111.354	848.633
7	0	7	0	1	125.757	814.543
7	0	8	0	1	105.599	718.752
7	0	9	0	1	112.543	666.245
7	0	10	0	1	128.412	580.469
7	0	11	0	1	119.164	713.161
7	0	12	0	1	101.94 	696.469
7	0	13	0	1	149.778	690.59
7	0	14	0	1	108.103	638.502
7	0	15	0	1	137.141	669.503
7	0	16	0	1	113.171	635.023
7	0	17	0	1	130.408	745.235
7	0	18	0	1	136.86 	671.335
7	0	19	0	1	108.846	616.546
7	0	20	0	1	121.855	657.132
7	0	21	0	1	103.861	583.848
7	0	22	0	1	108.231	736.708
7	0	23	0	1	128.304	602.123
#########################################################
# TOF Tdc Up (tmp)                                      #
#########################################################
7	0	0	1	0	298233	-0.0009390020
7	0	1	1	0	298207	-0.0009390020
7	0	2	1	0	295965	-0.0009390020
7	0	3	1	0	298518	-0.0009390020
7	0	4	1	0	298346	-0.0009390020
7	0	5	1	0	295858	-0.0009390020
7	0	6	1	0	294635	-0.0009390020
7	0	7	1	0	295229	-0.0009390020
7	0	8	1	0	296139	-0.0009390020
7	0	9	1	0	296126	-0.0009390020
7	0	10	1	0	296944	-0.0009390020
7	0	11	1	0	295045	-0.0009390020
7	0	12	1	0	295866	-0.0009390020
7	0	13	1	0	294752	-0.0009390020
7	0	14	1	0	294102	-0.0009390020
7	0	15	1	0	295035	-0.0009390020
7	0	16	1	0	296486	-0.0009390020
7	0	17	1	0	297517	-0.0009390020
7	0	18	1	0	296216	-0.0009390020
7	0	19	1	0	296797	-0.0009390020
7	0	20	1	0	298409	-0.0009390020
7	0	21	1	0	296048	-0.0009390020
7	0	22	1	0	298658	-0.0009390020
7	0	23	1	0	297858	-0.0009390020
#########################################################
# TOF Tdc Down (tmp)                                    #
#########################################################
7	0	0	1	1	299285	-0.0009390020
7	0	1	1	1	299851	-0.0009390020
7	0	2	1	1	297240	-0.0009390020
7	0	3	1	1	297756	-0.0009390020
7	0	4	1	1	298630	-0.0009390020
7	0	5	1	1	296418	-0.0009390020
7	0	6	1	1	295086	-0.0009390020
7	0	7	1	1	296995	-0.0009390020
7	0	8	1	1	295891	-0.0009390020
7	0	9	1	1	297642	-0.0009390020
7	0	10	1	1	297580	-0.0009390020
7	0	11	1	1	296742	-0.0009390020
7	0	12	1	1	296994	-0.0009390020
7	0	13	1	1	296892	-0.0009390020
7	0	14	1	1	296261	-0.0009390020
7	0	15	1	1	298158	-0.0009390020
7	0	16	1	1	297258	-0.0009390020
7	0	17	1	1	298066	-0.0009390020
7	0	18	1	1	298302	-0.0009390020
7	0	19	1	1	298718	-0.0009390020
7	0	20	1	1	299711	-0.0009390020
7	0	21	1	1	299009	-0.0009390020
7	0	22	1	1	298658	-0.0009390020
7	0	23	1	1	297858	-0.0009390020
######################################################
### VTOF
######################################################
7	0	0	1	2	3.4	-1
7	0	1	1	2	3.4	-1
7	0	2	1	2	3.4	-1
7	0	3	1	2	3.4	-1
7	0	4	1	2	3.4	-1
7	0	5	1	2	3.4	-1
7	0	6	1	2	3.4	-1
7	0	7	1	2	3.4	-1
7	0	8	1	2	3.4	-1
7	0	9	1	2	3.4	-1
7	0	10	1	2	3.4	-1
7	0	11	1	2	3.4	-1
7	0	12	1	2	3.4	-1
7	0	13	1	2	3.4	-1
7	0	14	1	2	3.4	-1
7	0	15	1	2	3.4	-1
7	0	16	1	2	3.4	-1
7	0	17	1	2	3.4	-1
7	0	18	1	2	3.4	-1
7	0	19	1	2	3.4	-1
7	0	20	1	2	3.4	-1
7	0	21	1	2	3.4	-1
7	0	22	1	2	3.4	-1
7	0	23	1	2	3.4	-1
#########################################################
# LAC Tdc                                               #
#########################################################
12	0	0	1	0	264.632		-0.8333
12	0	1	1	0	264.262		-0.8333
12	0	2	1	0	264.444		-0.8333
12	0	3	1	0	262.44 		-0.8333
12	0	4	1	0	264.591		-0.8333
12	0	5	1	0	262.095		-0.8333
12	0	6	1	0	265.075		-0.8333
12	0	7	1	0	264.418		-0.8333
12	0	8	1	0	265.543		-0.8333
12	0	9	1	0	263.758		-0.8333
12	0	10	1	0	262.765		-0.8333
12	0	11	1	0	264.218		-0.8333
12	0	12	1	0	264.326		-0.8333
12	0	13	1	0	263.626		-0.8333
12	0	14	1	0	261.617		-0.8333
12	0	15	1	0	263.687		-0.8333
12	0	16	1	0	264.802		-0.8333
12	0	17	1	0	263.953		-0.8333
12	0	18	1	0	263.419		-0.8333
12	0	19	1	0	264.283		-0.8333
12	0	20	1	0	264.283		-0.8333
12	0	21	1	0	264.283		-0.8333
12	0	22	1	0	264.283		-0.8333
12	0	23	1	0	264.283		-0.8333
12	0	24	1	0	264.283		-0.8333
12	0	25	1	0	264.283		-0.8333
12	0	26	1	0	264.283		-0.8333
12	0	27	1	0	264.283		-0.8333
12	0	28	1	0	264.283		-0.8333
12	0	29	1	0	264.283		-0.8333
#########################################################
# WC Adc Up                                             #
#########################################################
13	0	0	0	0	277.213    322.613
13	0	1	0	0	142.163    187.563
13	0	2	0	0	291.906    337.306
13	0	3	0	0	162.43     207.83
13	0	4	0	0	263.358    308.758
13	0	5	0	0	180.357    225.757
13	0	6	0	0	205.949    251.349
13	0	7	0	0	279.856    325.256
13	0	8	0	0	249.617    295.017
13	0	9	0	0	290.162    335.562
13	0	10	0	0	242.805    288.205
13	0	11	0	0	88.7676    134.168
13	0	12	0	0	129.023    174.423
13	0	13	0	0	219.54     264.94
13	0	14	0	0	149.984    195.384
13	0	15	0	0	277.992    323.392
13	0	16	0	0	177.264    222.664
13	0	17	0	0	194.297    239.697
13	0	18	0	0	173.874    219.274
13	0	19	0	0	144.632    190.032
#########################################################
# WC Adc Down                                           #
#########################################################
13	0	0	0	1	169.812    215.212
13	0	1	0	1	122.068    167.468
13	0	2	0	1	131.469    176.869
13	0	3	0	1	185.777    231.177
13	0	4	0	1	181.172    226.572
13	0	5	0	1	138.339    183.739
13	0	6	0	1	158.581    203.981
13	0	7	0	1	155.785    201.185
13	0	8	0	1	140.002    185.402
13	0	9	0	1	181.385    226.785
13	0	10	0	1	175.433    220.833
13	0	11	0	1	158.362    203.762
13	0	12	0	1	171.879    217.279
13	0	13	0	1	147.89    193.29
13	0	14	0	1	170.527    215.927
13	0	15	0	1	143.058    188.458
13	0	16	0	1	158.308    203.708
13	0	17	0	1	149.135    194.535
13	0	18	0	1	92.8549    138.255
13	0	19	0	1	142.195    187.595
#########################################################
# WC Tdc Up                                             #
#########################################################
13	0	0	1	0	264.632		-0.8333
13	0	1	1	0	264.262		-0.8333
13	0	2	1	0	264.444		-0.8333
13	0	3	1	0	262.44 		-0.8333
13	0	4	1	0	264.591		-0.8333
13	0	5	1	0	262.095		-0.8333
13	0	6	1	0	265.075		-0.8333
13	0	7	1	0	264.418		-0.8333
13	0	8	1	0	265.543		-0.8333
13	0	9	1	0	263.758		-0.8333
13	0	10	1	0	262.765		-0.8333
13	0	11	1	0	264.218		-0.8333
13	0	12	1	0	264.326		-0.8333
13	0	13	1	0	263.626		-0.8333
13	0	14	1	0	261.617		-0.8333
13	0	15	1	0	263.687		-0.8333
13	0	16	1	0	264.802		-0.8333
13	0	17	1	0	263.953		-0.8333
13	0	18	1	0	263.419		-0.8333
13	0	19	1	0	264.283		-0.8333
#########################################################
# WC Tdc Down                                           #
#########################################################
13	0	0	1	1	266.558		-0.8333
13	0	1	1	1	264.282		-0.8333
13	0	2	1	1	263.876		-0.8333
13	0	3	1	1	264.148		-0.8333
13	0	4	1	1	263.198		-0.8333
13	0	5	1	1	262.901		-0.8333
13	0	6	1	1	266.543		-0.8333
13	0	7	1	1	265.384		-0.8333
13	0	8	1	1	265.255		-0.8333
13	0	9	1	1	263.428		-0.8333
13	0	10	1	1	264.592		-0.8333
13	0	11	1	1	262.015		-0.8333
13	0	12	1	1	264.165		-0.8333
13	0	13	1	1	263.72 		-0.8333
13	0	14	1	1	264.397		-0.8333
13	0	15	1	1	265.34 		-0.8333
13	0	16	1	1	265.74		-0.8333
13	0	17	1	1	265.587		-0.8333
13	0	18	1	1	262.753		-0.8333
13	0	19	1	1	262.756		-0.8333
#########################################################
# WC SUM Adc                                            #
#########################################################
14	0	0	0	0	357.162    379.962
14	0	1	0	0	234.087    256.887
14	0	2	0	0	356.191    378.991
14	0	3	0	0	441.846    464.646
14	0	4	0	0	373.337    396.137
14	0	5	0	0	651.894    674.694
14	0	6	0	0	480.702    503.502
14	0	7	0	0	298.91     321.71
14	0	8	0	0	305.45     328.25
14	0	9	0	0	294.197    316.997
14	0	10	0	0	291.751    314.551
14	0	11	0	0	182.184    204.984
14	0	12	0	0	74.4955    97.2955
14	0	13	0	0	116.605    139.405
14	0	14	0	0	205.58     228.38
14	0	15	0	0	157.466    180.266
14	0	16	0	0	96.0163    118.816
14	0	17	0	0	284.552    307.352
14	0	18	0	0	253.383    276.183
14	0	19	0	0	153.63     176.43
#########################################################
# WC SUM Tdc                                            #
#########################################################
14	0	0	1	0	272.498		-0.8333
14	0	1	1	0	270.587		-0.8333
14	0	2	1	0	271.011		-0.8333
14	0	3	1	0	271.123		-0.8333
14	0	4	1	0	270.28 		-0.8333
14	0	5	1	0	270.162		-0.8333
14	0	6	1	0	271.963		-0.8333
14	0	7	1	0	271.628		-0.8333
14	0	8	1	0	271.599		-0.8333
14	0	9	1	0	270.006		-0.8333
14	0	10	1	0	271.534		-0.8333
14	0	11	1	0	269.025		-0.8333
14	0	12	1	0	269.562		-0.8333
14	0	13	1	0	269    		-0.8333
14	0	14	1	0	269.35 		-0.8333
14	0	15	1	0	271.72 		-0.8333
14	0	16	1	0	269.122		-0.8333
14	0	17	1	0	269.859		-0.8333
14	0	18	1	0	269.613		-0.8333
14	0	19	1	0	268.98 		-0.8333
#########################################################
# BFT-U Tdc                                             #
#########################################################
110	0	0	1	0	670.929 -1
110	0	1	1	0	673.019	-1
110	0	2	1	0	669.932	-1
110	0	3	1	0	673.843	-1
110	0	4	1	0	670.925	-1
110	0	5	1	0	673.44 	-1
110	0	6	1	0	671.278	-1
110	0	7	1	0	674.68 	-1
110	0	8	1	0	670.986	-1
110	0	9	1	0	674.226	-1
110	0	10	1	0	671.62 	-1
110	0	11	1	0	675.192	-1
110	0	12	1	0	670.999	-1
110	0	13	1	0	675.28 	-1
110	0	14	1	0	671.825	-1
110	0	15	1	0	675.091	-1
110	0	16	1	0	672.447	-1
110	0	17	1	0	675.853	-1
110	0	18	1	0	671.629	-1
110	0	19	1	0	672.653	-1
110	0	20	1	0	672.605	-1
110	0	21	1	0	676.004	-1
110	0	22	1	0	671.88 	-1
110	0	23	1	0	674.63 	-1
110	0	24	1	0	673.579	-1
110	0	25	1	0	676.158	-1
110	0	26	1	0	672.298	-1
110	0	27	1	0	674.35 	-1
110	0	28	1	0	671.996	-1
110	0	29	1	0	675.919	-1
110	0	30	1	0	672.018	-1
110	0	31	1	0	674.786	-1
110	0	32	1	0	672.895	-1
110	0	33	1	0	672.848	-1
110	0	34	1	0	671.975	-1
110	0	35	1	0	674.895	-1
110	0	36	1	0	672.439	-1
110	0	37	1	0	676.413	-1
110	0	38	1	0	671.119	-1
110	0	39	1	0	674.064	-1
110	0	40	1	0	671.093	-1
110	0	41	1	0	675.189	-1
110	0	42	1	0	671.176	-1
110	0	43	1	0	674.921	-1
110	0	44	1	0	671.544	-1
110	0	45	1	0	675.346	-1
110	0	46	1	0	671.238	-1
110	0	47	1	0	675.12 	-1
110	0	48	1	0	672.02 	-1
110	0	49	1	0	676.279	-1
110	0	50	1	0	671.766	-1
110	0	51	1	0	674.089	-1
110	0	52	1	0	672.024	-1
110	0	53	1	0	674.674	-1
110	0	54	1	0	671.098	-1
110	0	55	1	0	674.2  	-1
110	0	56	1	0	672.261	-1
110	0	57	1	0	675.632	-1
110	0	58	1	0	671.419	-1
110	0	59	1	0	675.124	-1
110	0	60	1	0	670.574	-1
110	0	61	1	0	673.653	-1
110	0	62	1	0	670.614	-1
110	0	63	1	0	674.19 	-1
110	0	64	1	0	669.734	-1
110	0	65	1	0	671.308	-1
110	0	66	1	0	671.257	-1
110	0	67	1	0	671.237	-1
110	0	68	1	0	670.362	-1
110	0	69	1	0	672.094	-1
110	0	70	1	0	670.084	-1
110	0	71	1	0	672.517	-1
110	0	72	1	0	669.988	-1
110	0	73	1	0	672.046	-1
110	0	74	1	0	671.66 	-1
110	0	75	1	0	672.774	-1
110	0	76	1	0	670.931	-1
110	0	77	1	0	672.411	-1
110	0	78	1	0	671.095	-1
110	0	79	1	0	672.434	-1
110	0	80	1	0	672.146	-1
110	0	81	1	0	673.565	-1
110	0	82	1	0	671.766	-1
110	0	83	1	0	672.901	-1
110	0	84	1	0	672.156	-1
110	0	85	1	0	673.32 	-1
110	0	86	1	0	670.863	-1
110	0	87	1	0	672.978	-1
110	0	88	1	0	672.371	-1
110	0	89	1	0	673.58 	-1
110	0	90	1	0	671.036	-1
110	0	91	1	0	672.242	-1
110	0	92	1	0	672.979	-1
110	0	93	1	0	673.877	-1
110	0	94	1	0	671.491	-1
110	0	95	1	0	672.75 	-1
110	0	96	1	0	672.171	-1
110	0	97	1	0	673.323	-1
110	0	98	1	0	670.991	-1
110	0	99	1	0	672.286	-1
110	0	100	1	0	672.697	-1
110	0	101	1	0	673.507	-1
110	0	102	1	0	671.28 	-1
110	0	103	1	0	672.013	-1
110	0	104	1	0	670.855	-1
110	0	105	1	0	672.857	-1
110	0	106	1	0	671.15 	-1
110	0	107	1	0	672.28 	-1
110	0	108	1	0	671.591	-1
110	0	109	1	0	673.009	-1
110	0	110	1	0	670.501	-1
110	0	111	1	0	671.96 	-1
110	0	112	1	0	672.23 	-1
110	0	113	1	0	673.925	-1
110	0	114	1	0	671.958	-1
110	0	115	1	0	671.773	-1
110	0	116	1	0	672.093	-1
110	0	117	1	0	673.452	-1
110	0	118	1	0	670.358	-1
110	0	119	1	0	671.226	-1
110	0	120	1	0	671.822	-1
110	0	121	1	0	671.998	-1
110	0	122	1	0	671.332	-1
110	0	123	1	0	671.981	-1
110	0	124	1	0	672.075	-1
110	0	125	1	0	669.514	-1
110	0	126	1	0	670.57 	-1
110	0	127	1	0	671.455	-1
110	0	128	1	0	671.466	-1
110	0	129	1	0	671.067	-1
110	0	130	1	0	669.837	-1
110	0	131	1	0	669.523	-1
110	0	132	1	0	672.226	-1
110	0	133	1	0	672.542	-1
110	0	134	1	0	669.452	-1
110	0	135	1	0	670.134	-1
110	0	136	1	0	670.691	-1
110	0	137	1	0	671.333	-1
110	0	138	1	0	670.778	-1
110	0	139	1	0	670.305	-1
110	0	140	1	0	671.458	-1
110	0	141	1	0	670.927	-1
110	0	142	1	0	670.744	-1
110	0	143	1	0	671.041	-1
110	0	144	1	0	672.099	-1
110	0	145	1	0	672.26 	-1
110	0	146	1	0	671.336	-1
110	0	147	1	0	672.429	-1
110	0	148	1	0	671.265	-1
110	0	149	1	0	671.095	-1
110	0	150	1	0	671.253	-1
110	0	151	1	0	671.647	-1
110	0	152	1	0	671.389	-1
110	0	153	1	0	671.231	-1
110	0	154	1	0	671.757	-1
110	0	155	1	0	670.903	-1
110	0	156	1	0	670.033	-1
110	0	157	1	0	670.057	-1
110	0	158	1	0	671.623	-1
110	0	159	1	0	671.943	-1
#########################################################
# BFT-D Tdc                                             #
#########################################################
110	1	0	1	0	669.898	-1
110	1	1	1	0	671.921	-1
110	1	2	1	0	669.699	-1
110	1	3	1	0	672.199	-1
110	1	4	1	0	668.689	-1
110	1	5	1	0	672.011	-1
110	1	6	1	0	670.472	-1
110	1	7	1	0	672.284	-1
110	1	8	1	0	670.351	-1
110	1	9	1	0	672.599	-1
110	1	10	1	0	671.182	-1
110	1	11	1	0	673.694	-1
110	1	12	1	0	670.988	-1
110	1	13	1	0	672.393	-1
110	1	14	1	0	671.374	-1
110	1	15	1	0	672.955	-1
110	1	16	1	0	672.387	-1
110	1	17	1	0	673.484	-1
110	1	18	1	0	671.474	-1
110	1	19	1	0	673.716	-1
110	1	20	1	0	672.135	-1
110	1	21	1	0	674.165	-1
110	1	22	1	0	671.365	-1
110	1	23	1	0	673.084	-1
110	1	24	1	0	672.935	-1
110	1	25	1	0	674.045	-1
110	1	26	1	0	671.688	-1
110	1	27	1	0	673.999	-1
110	1	28	1	0	672.584	-1
110	1	29	1	0	673.929	-1
110	1	30	1	0	671.44 	-1
110	1	31	1	0	672.625	-1
110	1	32	1	0	669.793	-1
110	1	33	1	0	671.875	-1
110	1	34	1	0	670.971	-1
110	1	35	1	0	673.383	-1
110	1	36	1	0	672.627	-1
110	1	37	1	0	672.702	-1
110	1	38	1	0	671.593	-1
110	1	39	1	0	672.773	-1
110	1	40	1	0	671.622	-1
110	1	41	1	0	673.207	-1
110	1	42	1	0	670.557	-1
110	1	43	1	0	672.67 	-1
110	1	44	1	0	671.6  	-1
110	1	45	1	0	672.967	-1
110	1	46	1	0	670.172	-1
110	1	47	1	0	673.263	-1
110	1	48	1	0	672.868	-1
110	1	49	1	0	673.916	-1
110	1	50	1	0	670.573	-1
110	1	51	1	0	672.501	-1
110	1	52	1	0	671.461	-1
110	1	53	1	0	672.841	-1
110	1	54	1	0	670.942	-1
110	1	55	1	0	672.333	-1
110	1	56	1	0	671.704	-1
110	1	57	1	0	673.374	-1
110	1	58	1	0	671.922	-1
110	1	59	1	0	673.112	-1
110	1	60	1	0	670.96 	-1
110	1	61	1	0	672.854	-1
110	1	62	1	0	670.022	-1
110	1	63	1	0	672.131	-1
110	1	64	1	0	670.191	-1
110	1	65	1	0	671.146	-1
110	1	66	1	0	669.563	-1
110	1	67	1	0	670.63 	-1
110	1	68	1	0	669.661	-1
110	1	69	1	0	671.267	-1
110	1	70	1	0	670.985	-1
110	1	71	1	0	672.306	-1
110	1	72	1	0	670.372	-1
110	1	73	1	0	672.331	-1
110	1	74	1	0	670.018	-1
110	1	75	1	0	672.336	-1
110	1	76	1	0	671.494	-1
110	1	77	1	0	672.531	-1
110	1	78	1	0	670.457	-1
110	1	79	1	0	672.313	-1
110	1	80	1	0	672.368	-1
110	1	81	1	0	672.812	-1
110	1	82	1	0	672.305	-1
110	1	83	1	0	672.393	-1
110	1	84	1	0	671.366	-1
110	1	85	1	0	672.497	-1
110	1	86	1	0	670.757	-1
110	1	87	1	0	670.491	-1
110	1	88	1	0	672.553	-1
110	1	89	1	0	672.752	-1
110	1	90	1	0	670.236	-1
110	1	91	1	0	672.07 	-1
110	1	92	1	0	672.509	-1
110	1	93	1	0	673.586	-1
110	1	94	1	0	670.822	-1
110	1	95	1	0	671.739	-1
110	1	96	1	0	671.561	-1
110	1	97	1	0	673.124	-1
110	1	98	1	0	671.082	-1
110	1	99	1	0	671.641	-1
110	1	100	1	0	672.171	-1
110	1	101	1	0	672.803	-1
110	1	102	1	0	670.577	-1
110	1	103	1	0	671.774	-1
110	1	104	1	0	671.267	-1
110	1	105	1	0	672.347	-1
110	1	106	1	0	670.915	-1
110	1	107	1	0	671.162	-1
110	1	108	1	0	672.164	-1
110	1	109	1	0	671.922	-1
110	1	110	1	0	670.238	-1
110	1	111	1	0	672.455	-1
110	1	112	1	0	672.806	-1
110	1	113	1	0	673.661	-1
110	1	114	1	0	670.439	-1
110	1	115	1	0	671.809	-1
110	1	116	1	0	671.471	-1
110	1	117	1	0	672.368	-1
110	1	118	1	0	668.801	-1
110	1	119	1	0	671.314	-1
110	1	120	1	0	671.839	-1
110	1	121	1	0	672.556	-1
110	1	122	1	0	671.344	-1
110	1	123	1	0	672.555	-1
110	1	124	1	0	670.349	-1
110	1	125	1	0	671.63 	-1
110	1	126	1	0	669.875	-1
110	1	127	1	0	671.512	-1
110	1	128	1	0	670.44 	-1
110	1	129	1	0	670.625	-1
110	1	130	1	0	668.353	-1
110	1	131	1	0	669.513	-1
110	1	132	1	0	670.283	-1
110	1	133	1	0	670.492	-1
110	1	134	1	0	669.888	-1
110	1	135	1	0	669.789	-1
110	1	136	1	0	670.328	-1
110	1	137	1	0	670.248	-1
110	1	138	1	0	670.179	-1
110	1	139	1	0	671.187	-1
110	1	140	1	0	669.449	-1
110	1	141	1	0	669.683	-1
110	1	142	1	0	670.955	-1
110	1	143	1	0	671.727	-1
110	1	144	1	0	670.03 	-1
110	1	145	1	0	670.265	-1
110	1	146	1	0	670.69 	-1
110	1	147	1	0	670.854	-1
110	1	148	1	0	668.582	-1
110	1	149	1	0	670.144	-1
110	1	150	1	0	669.85 	-1
110	1	151	1	0	670.466	-1
110	1	152	1	0	669.968	-1
110	1	153	1	0	670.27 	-1
110	1	154	1	0	669.631	-1
110	1	155	1	0	670.119	-1
110	1	156	1	0	668.666	-1
110	1	157	1	0	669.503	-1
110	1	158	1	0	670.278	-1
110	1	159	1	0	671.015	-1
