##
#  file: HodoParam_0
#  date: 2017.04.18
#  note: first version of E07-Phase2
#
#
#######################################################################
# CId   PlId    SegId   AorT    UorD    p0      p1
#
#########################################################
# BH1 Adc Up                                            #
#########################################################
1	0	0	0	0	149.898	468.4084740
1	0	1	0	0	123.172	589.5880516
1	0	2	0	0	118.240	500.8348937
1	0	3	0	0	168.803	472.6114769
1	0	4	0	0	130.649	429.2463218
1	0	5	0	0	112.074	419.1459821
1	0	6	0	0	145.143	404.8564404
1	0	7	0	0	134.169	373.4307889
1	0	8	0	0	138.680	511.8200246
1	0	9	0	0	163.545	664.5544176
1	0	10	0	0	145.843	572.1194842
#########################################################
# BH1 Adc Down                                          #
#########################################################
1	0	0	0	1	123.513	489.7632914
1	0	1	0	1	118.366	534.1579109
1	0	2	0	1	92.258	434.1636969
1	0	3	0	1	142.458	492.4717279
1	0	4	0	1	140.057	232.8478087
1	0	5	0	1	124.378	380.9092793
1	0	6	0	1	162.517	425.4139667
1	0	7	0	1	156.036	292.0422998
1	0	8	0	1	100.596	603.1033200
1	0	9	0	1	129.835	450.0980735
1	0	10	0	1	133.719	460.6466066
#########################################################
# BH1 Tdc Up                                            #
#########################################################
1	0	0	1	0	589.680	0.0346755510
1	0	1	1	0	548.680	0.0369765239
1	0	2	1	0	628.312	0.0371521335
1	0	3	1	0	683.299	0.0371820083
1	0	4	1	0	605.795	0.0371371237
1	0	5	1	0	559.597	0.0375676743
1	0	6	1	0	569.108	0.0377849590
1	0	7	1	0	626.744	0.0362645262
1	0	8	1	0	566.857	0.0362048191
1	0	9	1	0	308.680	0.0363175693
1	0	10	1	0	388.680	0.0363701733
#########################################################
# BH1 Tdc Down                                          #
#########################################################
1	0	0	1	1	581.680	0.0357012623
1	0	1	1	1	508.675	0.0373357559
1	0	2	1	1	663.742	0.0370828268
1	0	3	1	1	717.710	0.0362260386
1	0	4	1	1	615.481	0.0371197478
1	0	5	1	1	763.690	0.0370862128
1	0	6	1	1	762.635	0.0375004478
1	0	7	1	1	784.502	0.0358451616
1	0	8	1	1	778.495	0.0370387805
1	0	9	1	1	428.680	0.0358600835
1	0	10	1	1	587.667	0.0352497893
#########################################################
# BH2 Adc Up                                            #
#########################################################
2	0	0	0	0	144.451	636.3643537
2	0	1	0	0	144.451	636.3643537
2	0	2	0	0	144.451	636.3643537
2	0	3	0	0	144.451	636.3643537
2	0	4	0	0	144.451	636.3643537
2	0	5	0	0	144.451	636.3643537
2	0	6	0	0	144.451	636.3643537
2	0	7	0	0	144.451	636.3643537
#########################################################
# BH2 Adc Down                                          #
#########################################################
2	0	0	0	1	154.649	632.8946933
2	0	1	0	1	154.649	632.8946933
2	0	2	0	1	154.649	632.8946933
2	0	3	0	1	154.649	632.8946933
2	0	4	0	1	154.649	632.8946933
2	0	5	0	1	154.649	632.8946933
2	0	6	0	1	154.649	632.8946933
2	0	7	0	1	154.649	632.8946933
#########################################################
# BH2 Tdc Up                                            #
#########################################################
2	0	0	1	0	536.883	0.0372777574
2	0	1	1	0	536.883	0.0372777574
2	0	2	1	0	536.883	0.0372777574
2	0	3	1	0	536.883	0.0372777574
2	0	4	1	0	536.883	0.0372777574
2	0	5	1	0	536.883	0.0372777574
2	0	6	1	0	536.883	0.0372777574
2	0	7	1	0	536.883	0.0372777574
#########################################################
# BH2 Tdc Down                                          #
#########################################################
2	0	0	1	1	580.835	0.0368882181
2	0	1	1	1	580.835	0.0368882181
2	0	2	1	1	580.835	0.0368882181
2	0	3	1	1	580.835	0.0368882181
2	0	4	1	1	580.835	0.0368882181
2	0	5	1	1	580.835	0.0368882181
2	0	6	1	1	580.835	0.0368882181
2	0	7	1	1	580.835	0.0368882181
#########################################################
# BH2 cable offset                                      #
#########################################################
2       0       0       1       2       0.0000  1.0000
2       0       1       1       2       0.0000  1.0000
2       0       2       1       2       0.0000  1.0000
2       0       3       1       2       0.0000  1.0000
2       0       4       1       2       0.0000  1.0000
2       0       5       1       2       0.0000  1.0000
2       0       6       1       2       0.0000  1.0000
2       0       7       1       2       0.0000  1.0000
#########################################################
# BAC Adc                                               #
#########################################################
3       0       0       0       0       100.00  700.00
3       0       1       0       0       100.00  700.00
#########################################################
# BAC Tdc                                               #
#########################################################
3       0       0       1       0       700.00  0.0378183460
3       0       1       1       0       700.00  0.0368411360
#########################################################
# FBH Tdc Up                                            #
#########################################################
4	0	0	1	0	668.274	1.0000
4	0	1	1	0	667.723	1.0000
4	0	2	1	0	667.718	1.0000
4	0	3	1	0	668.373	1.0000
4	0	4	1	0	667.470	1.0000
4	0	5	1	0	667.580	1.0000
4	0	6	1	0	668.167	1.0000
4	0	7	1	0	667.709	1.0000
4	0	8	1	0	667.435	1.0000
4	0	9	1	0	665.277	1.0000
4	0	10	1	0	667.814	1.0000
4	0	11	1	0	667.795	1.0000
4	0	12	1	0	668.097	1.0000
4	0	13	1	0	668.588	1.0000
4	0	14	1	0	668.308	1.0000
4	0	15	1	0	668.815	1.0000
#########################################################
# FBH Tdc Down                                          #
#########################################################
4	0	0	1	1	668.274	1.0000
4	0	1	1	1	667.723	1.0000
4	0	2	1	1	667.718	1.0000
4	0	3	1	1	668.373	1.0000
4	0	4	1	1	667.470	1.0000
4	0	5	1	1	667.580	1.0000
4	0	6	1	1	668.167	1.0000
4	0	7	1	1	667.709	1.0000
4	0	8	1	1	667.435	1.0000
4	0	9	1	1	665.277	1.0000
4	0	10	1	1	667.814	1.0000
4	0	11	1	1	667.795	1.0000
4	0	12	1	1	668.097	1.0000
4	0	13	1	1	668.588	1.0000
4	0	14	1	1	668.308	1.0000
4	0	15	1	1	668.815	1.0000
#########################################################
# PVAC Adc                                              #
#########################################################
5       0       0       0       0       100.00  700.00
#########################################################
# PVAC Tdc                                              #
#########################################################
5       0       0       1       0       700.00  0.0366199290
#########################################################
# FAC Adc                                               #
#########################################################
6       0       0       0       0       100.00  700.00
#########################################################
# FAC Tdc                                               #
#########################################################
6       0       0       1       0       700.00  0.0371680442
#########################################################
# SAC Adc                                               #
#########################################################
9       0       0       0       0       100.00  700.00
9       0       1       0       0       100.00  700.00
9       0       2       0       0       100.00  700.00
9       0       3       0       0       100.00  700.00
#########################################################
# SAC Tdc                                               #
#########################################################
9       0       0       1       0       700.00  1.0000
9       0       1       1       0       700.00  1.0000
9       0       2       1       0       700.00  1.0000
9       0       3       1       0       700.00  1.0000
#########################################################
# SCH Tdc                                               #
#########################################################
7	0	0	1	0	483.000	1.0000
7	0	1	1	0	483.000	1.0000
7	0	2	1	0	483.000	1.0000
7	0	3	1	0	483.000	1.0000
7	0	4	1	0	483.000	1.0000
7	0	5	1	0	483.000	1.0000
7	0	6	1	0	483.000	1.0000
7	0	7	1	0	483.000	1.0000
7	0	8	1	0	483.000	1.0000
7	0	9	1	0	483.000	1.0000
7	0	10	1	0	483.000	1.0000
7	0	11	1	0	483.000	1.0000
7	0	12	1	0	483.000	1.0000
7	0	13	1	0	483.000	1.0000
7	0	14	1	0	483.000	1.0000
7	0	15	1	0	483.000	1.0000
7	0	16	1	0	483.000	1.0000
7	0	17	1	0	483.000	1.0000
7	0	18	1	0	483.000	1.0000
7	0	19	1	0	483.000	1.0000
7	0	20	1	0	483.000	1.0000
7	0	21	1	0	483.000	1.0000
7	0	22	1	0	483.000	1.0000
7	0	23	1	0	483.000	1.0000
7	0	24	1	0	483.000	1.0000
7	0	25	1	0	483.000	1.0000
7	0	26	1	0	483.000	1.0000
7	0	27	1	0	483.000	1.0000
7	0	28	1	0	483.000	1.0000
7	0	29	1	0	483.000	1.0000
7	0	30	1	0	483.000	1.0000
7	0	31	1	0	483.000	1.0000
7	0	32	1	0	483.000	1.0000
7	0	33	1	0	483.000	1.0000
7	0	34	1	0	483.000	1.0000
7	0	35	1	0	483.000	1.0000
7	0	36	1	0	483.000	1.0000
7	0	37	1	0	483.000	1.0000
7	0	38	1	0	483.000	1.0000
7	0	39	1	0	483.000	1.0000
7	0	40	1	0	483.000	1.0000
7	0	41	1	0	483.000	1.0000
7	0	42	1	0	483.000	1.0000
7	0	43	1	0	483.000	1.0000
7	0	44	1	0	483.000	1.0000
7	0	45	1	0	483.000	1.0000
7	0	46	1	0	483.000	1.0000
7	0	47	1	0	483.000	1.0000
7	0	48	1	0	483.000	1.0000
7	0	49	1	0	483.000	1.0000
7	0	50	1	0	483.000	1.0000
7	0	51	1	0	483.000	1.0000
7	0	52	1	0	483.000	1.0000
7	0	53	1	0	483.000	1.0000
7	0	54	1	0	483.000	1.0000
7	0	55	1	0	483.000	1.0000
7	0	56	1	0	483.000	1.0000
7	0	57	1	0	483.000	1.0000
7	0	58	1	0	483.000	1.0000
7	0	59	1	0	483.000	1.0000
7	0	60	1	0	483.000	1.0000
7	0	61	1	0	483.000	1.0000
7	0	62	1	0	483.000	1.0000
7	0	63	1	0	483.000	1.0000
#########################################################
# TOF Adc Up                                            #
#########################################################
8	0	0	0	0	122.407	1446.9670866
8	0	1	0	0	111.895	1425.5601775
8	0	2	0	0	120.040	1275.4860392
8	0	3	0	0	108.544	595.5651338
8	0	4	0	0	120.822	1569.4501562
8	0	5	0	0	113.672	1167.4817466
8	0	6	0	0	105.801	1191.6842272
8	0	7	0	0	89.997	1360.7625725
8	0	8	0	0	101.415	1092.0138078
8	0	9	0	0	85.609	1339.0675081
8	0	10	0	0	101.951	1062.1052084
8	0	11	0	0	116.689	1205.6858880
8	0	12	0	0	107.925	1298.5009256
8	0	13	0	0	93.578	1192.2878451
8	0	14	0	0	91.442	1190.9420504
8	0	15	0	0	80.633	1147.6541466
8	0	16	0	0	86.044	1169.6881278
8	0	17	0	0	78.801	1397.4226574
8	0	18	0	0	100.140	1219.1946261
8	0	19	0	0	79.529	1323.1004555
8	0	20	0	0	109.888	1286.8543524
8	0	21	0	0	77.775	1213.3226662
8	0	22	0	0	79.771	1459.6737077
8	0	23	0	0	93.502	1540.1400329
#########################################################
# TOF Adc Down                                          #
#########################################################
8	0	0	0	1	143.945	1308.4937883
8	0	1	0	1	117.091	1284.3483385
8	0	2	0	1	91.179	1542.7028709
8	0	3	0	1	105.076	1092.6922207
8	0	4	0	1	88.498	1211.6459493
8	0	5	0	1	68.568	1427.2093587
8	0	6	0	1	81.365	1087.2205026
8	0	7	0	1	97.837	1237.0483044
8	0	8	0	1	85.469	1128.7843327
8	0	9	0	1	75.278	1120.5137446
8	0	10	0	1	105.363	1173.0470195
8	0	11	0	1	79.183	966.7101906
8	0	12	0	1	78.658	1176.9611937
8	0	13	0	1	89.976	874.5074156
8	0	14	0	1	69.555	1135.1046771
8	0	15	0	1	93.064	1088.9089681
8	0	16	0	1	85.279	1147.2297103
8	0	17	0	1	66.204	1151.2251717
8	0	18	0	1	106.507	1355.4328103
8	0	19	0	1	49.700	1336.7688778
8	0	20	0	1	71.096	1312.2620797
8	0	21	0	1	52.259	1332.3861866
8	0	22	0	1	76.606	1317.8869199
8	0	23	0	1	79.915	1423.8208547
#########################################################
# TOF Tdc Up                                            #
#########################################################
8	0	0	1	0	192.774	0.0359635000
8	0	1	1	0	204.191	0.0376975000
8	0	2	1	0	235.288	0.0366926000
8	0	3	1	0	118.229	0.0384747000
8	0	4	1	0	132.064	0.0381912000
8	0	5	1	0	193.118	0.0360265000
8	0	6	1	0	269.867	0.0372921000
8	0	7	1	0	199.043	0.0360393000
8	0	8	1	0	266.114	0.0362141000
8	0	9	1	0	255.342	0.0366947000
8	0	10	1	0	231.877	0.0354704000
8	0	11	1	0	285.849	0.0358955000
8	0	12	1	0	260.487	0.0375408000
8	0	13	1	0	211.959	0.0379835000
8	0	14	1	0	360.324	0.0369105000
8	0	15	1	0	261.835	0.0364363000
8	0	16	1	0	342.721	0.0370827000
8	0	17	1	0	266.480	0.0364045000
8	0	18	1	0	405.846	0.0367035000
8	0	19	1	0	232.228	0.0381665000
8	0	20	1	0	303.826	0.0380630000
8	0	21	1	0	339.263	0.0366858000
8	0	22	1	0	284.195	0.0365514000
8	0	23	1	0	305.988	0.0366392000
#########################################################
# TOF Tdc Down                                          #
#########################################################
8	0	0	1	1	187.187	0.0366338000
8	0	1	1	1	169.417	0.0366964000
8	0	2	1	1	269.545	0.0364120000
8	0	3	1	1	209.757	0.0367904000
8	0	4	1	1	207.142	0.0369847000
8	0	5	1	1	218.058	0.0366622000
8	0	6	1	1	258.849	0.0365852000
8	0	7	1	1	179.105	0.0365835000
8	0	8	1	1	203.885	0.0370811000
8	0	9	1	1	227.799	0.0365879000
8	0	10	1	1	246.856	0.0365447000
8	0	11	1	1	225.830	0.0369319000
8	0	12	1	1	210.465	0.0369111000
8	0	13	1	1	230.130	0.0363976000
8	0	14	1	1	218.414	0.0366817000
8	0	15	1	1	214.587	0.0363325000
8	0	16	1	1	323.259	0.0369948000
8	0	17	1	1	338.136	0.0363123000
8	0	18	1	1	346.942	0.0365024000
8	0	19	1	1	319.841	0.0364443000
8	0	20	1	1	236.195	0.0370977000
8	0	21	1	1	416.431	0.0368422000
8	0	22	1	1	300.146	0.0368949000
8	0	23	1	1	408.132	0.0362808000
#########################################################
# BFT-U Tdc                                             #
#########################################################
110	0	0	1	0	651.500	1.0000
110	0	1	1	0	651.500	1.0000
110	0	2	1	0	651.500	1.0000
110	0	3	1	0	651.500	1.0000
110	0	4	1	0	651.500	1.0000
110	0	5	1	0	651.500	1.0000
110	0	6	1	0	651.500	1.0000
110	0	7	1	0	651.500	1.0000
110	0	8	1	0	651.500	1.0000
110	0	9	1	0	651.500	1.0000
110	0	10	1	0	651.500	1.0000
110	0	11	1	0	651.500	1.0000
110	0	12	1	0	651.500	1.0000
110	0	13	1	0	651.500	1.0000
110	0	14	1	0	651.500	1.0000
110	0	15	1	0	651.500	1.0000
110	0	16	1	0	651.500	1.0000
110	0	17	1	0	651.500	1.0000
110	0	18	1	0	651.500	1.0000
110	0	19	1	0	651.500	1.0000
110	0	20	1	0	651.500	1.0000
110	0	21	1	0	651.500	1.0000
110	0	22	1	0	651.500	1.0000
110	0	23	1	0	651.500	1.0000
110	0	24	1	0	651.500	1.0000
110	0	25	1	0	651.500	1.0000
110	0	26	1	0	651.500	1.0000
110	0	27	1	0	651.500	1.0000
110	0	28	1	0	651.500	1.0000
110	0	29	1	0	651.500	1.0000
110	0	30	1	0	651.500	1.0000
110	0	31	1	0	651.500	1.0000
110	0	32	1	0	651.500	1.0000
110	0	33	1	0	651.500	1.0000
110	0	34	1	0	651.500	1.0000
110	0	35	1	0	651.500	1.0000
110	0	36	1	0	651.500	1.0000
110	0	37	1	0	651.500	1.0000
110	0	38	1	0	651.500	1.0000
110	0	39	1	0	651.500	1.0000
110	0	40	1	0	651.500	1.0000
110	0	41	1	0	651.500	1.0000
110	0	42	1	0	651.500	1.0000
110	0	43	1	0	651.500	1.0000
110	0	44	1	0	651.500	1.0000
110	0	45	1	0	651.500	1.0000
110	0	46	1	0	651.500	1.0000
110	0	47	1	0	651.500	1.0000
110	0	48	1	0	651.500	1.0000
110	0	49	1	0	651.500	1.0000
110	0	50	1	0	651.500	1.0000
110	0	51	1	0	651.500	1.0000
110	0	52	1	0	651.500	1.0000
110	0	53	1	0	651.500	1.0000
110	0	54	1	0	651.500	1.0000
110	0	55	1	0	651.500	1.0000
110	0	56	1	0	651.500	1.0000
110	0	57	1	0	651.500	1.0000
110	0	58	1	0	651.500	1.0000
110	0	59	1	0	651.500	1.0000
110	0	60	1	0	651.500	1.0000
110	0	61	1	0	651.500	1.0000
110	0	62	1	0	651.500	1.0000
110	0	63	1	0	651.500	1.0000
110	0	64	1	0	651.500	1.0000
110	0	65	1	0	651.500	1.0000
110	0	66	1	0	651.500	1.0000
110	0	67	1	0	651.500	1.0000
110	0	68	1	0	651.500	1.0000
110	0	69	1	0	651.500	1.0000
110	0	70	1	0	651.500	1.0000
110	0	71	1	0	651.500	1.0000
110	0	72	1	0	651.500	1.0000
110	0	73	1	0	651.500	1.0000
110	0	74	1	0	651.500	1.0000
110	0	75	1	0	651.500	1.0000
110	0	76	1	0	651.500	1.0000
110	0	77	1	0	651.500	1.0000
110	0	78	1	0	651.500	1.0000
110	0	79	1	0	651.500	1.0000
110	0	80	1	0	651.500	1.0000
110	0	81	1	0	651.500	1.0000
110	0	82	1	0	651.500	1.0000
110	0	83	1	0	651.500	1.0000
110	0	84	1	0	651.500	1.0000
110	0	85	1	0	651.500	1.0000
110	0	86	1	0	651.500	1.0000
110	0	87	1	0	651.500	1.0000
110	0	88	1	0	651.500	1.0000
110	0	89	1	0	651.500	1.0000
110	0	90	1	0	651.500	1.0000
110	0	91	1	0	651.500	1.0000
110	0	92	1	0	651.500	1.0000
110	0	93	1	0	651.500	1.0000
110	0	94	1	0	651.500	1.0000
110	0	95	1	0	651.500	1.0000
110	0	96	1	0	651.500	1.0000
110	0	97	1	0	651.500	1.0000
110	0	98	1	0	651.500	1.0000
110	0	99	1	0	651.500	1.0000
110	0	100	1	0	651.500	1.0000
110	0	101	1	0	651.500	1.0000
110	0	102	1	0	651.500	1.0000
110	0	103	1	0	651.500	1.0000
110	0	104	1	0	651.500	1.0000
110	0	105	1	0	651.500	1.0000
110	0	106	1	0	651.500	1.0000
110	0	107	1	0	651.500	1.0000
110	0	108	1	0	651.500	1.0000
110	0	109	1	0	651.500	1.0000
110	0	110	1	0	651.500	1.0000
110	0	111	1	0	651.500	1.0000
110	0	112	1	0	651.500	1.0000
110	0	113	1	0	651.500	1.0000
110	0	114	1	0	651.500	1.0000
110	0	115	1	0	651.500	1.0000
110	0	116	1	0	651.500	1.0000
110	0	117	1	0	651.500	1.0000
110	0	118	1	0	651.500	1.0000
110	0	119	1	0	651.500	1.0000
110	0	120	1	0	651.500	1.0000
110	0	121	1	0	651.500	1.0000
110	0	122	1	0	651.500	1.0000
110	0	123	1	0	651.500	1.0000
110	0	124	1	0	651.500	1.0000
110	0	125	1	0	651.500	1.0000
110	0	126	1	0	651.500	1.0000
110	0	127	1	0	651.500	1.0000
110	0	128	1	0	651.500	1.0000
110	0	129	1	0	651.500	1.0000
110	0	130	1	0	651.500	1.0000
110	0	131	1	0	651.500	1.0000
110	0	132	1	0	651.500	1.0000
110	0	133	1	0	651.500	1.0000
110	0	134	1	0	651.500	1.0000
110	0	135	1	0	651.500	1.0000
110	0	136	1	0	651.500	1.0000
110	0	137	1	0	651.500	1.0000
110	0	138	1	0	651.500	1.0000
110	0	139	1	0	651.500	1.0000
110	0	140	1	0	651.500	1.0000
110	0	141	1	0	651.500	1.0000
110	0	142	1	0	651.500	1.0000
110	0	143	1	0	651.500	1.0000
110	0	144	1	0	651.500	1.0000
110	0	145	1	0	651.500	1.0000
110	0	146	1	0	651.500	1.0000
110	0	147	1	0	651.500	1.0000
110	0	148	1	0	651.500	1.0000
110	0	149	1	0	651.500	1.0000
110	0	150	1	0	651.500	1.0000
110	0	151	1	0	651.500	1.0000
110	0	152	1	0	651.500	1.0000
110	0	153	1	0	651.500	1.0000
110	0	154	1	0	651.500	1.0000
110	0	155	1	0	651.500	1.0000
110	0	156	1	0	651.500	1.0000
110	0	157	1	0	651.500	1.0000
110	0	158	1	0	651.500	1.0000
110	0	159	1	0	651.500	1.0000
#########################################################
# BFT-D Tdc                                             #
#########################################################
110	1	0	1	0	651.500	1.0000
110	1	1	1	0	651.500	1.0000
110	1	2	1	0	651.500	1.0000
110	1	3	1	0	651.500	1.0000
110	1	4	1	0	651.500	1.0000
110	1	5	1	0	651.500	1.0000
110	1	6	1	0	651.500	1.0000
110	1	7	1	0	651.500	1.0000
110	1	8	1	0	651.500	1.0000
110	1	9	1	0	651.500	1.0000
110	1	10	1	0	651.500	1.0000
110	1	11	1	0	651.500	1.0000
110	1	12	1	0	651.500	1.0000
110	1	13	1	0	651.500	1.0000
110	1	14	1	0	651.500	1.0000
110	1	15	1	0	651.500	1.0000
110	1	16	1	0	651.500	1.0000
110	1	17	1	0	651.500	1.0000
110	1	18	1	0	651.500	1.0000
110	1	19	1	0	651.500	1.0000
110	1	20	1	0	651.500	1.0000
110	1	21	1	0	651.500	1.0000
110	1	22	1	0	651.500	1.0000
110	1	23	1	0	651.500	1.0000
110	1	24	1	0	651.500	1.0000
110	1	25	1	0	651.500	1.0000
110	1	26	1	0	651.500	1.0000
110	1	27	1	0	651.500	1.0000
110	1	28	1	0	651.500	1.0000
110	1	29	1	0	651.500	1.0000
110	1	30	1	0	651.500	1.0000
110	1	31	1	0	651.500	1.0000
110	1	32	1	0	651.500	1.0000
110	1	33	1	0	651.500	1.0000
110	1	34	1	0	651.500	1.0000
110	1	35	1	0	651.500	1.0000
110	1	36	1	0	651.500	1.0000
110	1	37	1	0	651.500	1.0000
110	1	38	1	0	651.500	1.0000
110	1	39	1	0	651.500	1.0000
110	1	40	1	0	651.500	1.0000
110	1	41	1	0	651.500	1.0000
110	1	42	1	0	651.500	1.0000
110	1	43	1	0	651.500	1.0000
110	1	44	1	0	651.500	1.0000
110	1	45	1	0	651.500	1.0000
110	1	46	1	0	651.500	1.0000
110	1	47	1	0	651.500	1.0000
110	1	48	1	0	651.500	1.0000
110	1	49	1	0	651.500	1.0000
110	1	50	1	0	651.500	1.0000
110	1	51	1	0	651.500	1.0000
110	1	52	1	0	651.500	1.0000
110	1	53	1	0	651.500	1.0000
110	1	54	1	0	651.500	1.0000
110	1	55	1	0	651.500	1.0000
110	1	56	1	0	651.500	1.0000
110	1	57	1	0	651.500	1.0000
110	1	58	1	0	651.500	1.0000
110	1	59	1	0	651.500	1.0000
110	1	60	1	0	651.500	1.0000
110	1	61	1	0	651.500	1.0000
110	1	62	1	0	651.500	1.0000
110	1	63	1	0	651.500	1.0000
110	1	64	1	0	651.500	1.0000
110	1	65	1	0	651.500	1.0000
110	1	66	1	0	651.500	1.0000
110	1	67	1	0	651.500	1.0000
110	1	68	1	0	651.500	1.0000
110	1	69	1	0	651.500	1.0000
110	1	70	1	0	651.500	1.0000
110	1	71	1	0	651.500	1.0000
110	1	72	1	0	651.500	1.0000
110	1	73	1	0	651.500	1.0000
110	1	74	1	0	651.500	1.0000
110	1	75	1	0	651.500	1.0000
110	1	76	1	0	651.500	1.0000
110	1	77	1	0	651.500	1.0000
110	1	78	1	0	651.500	1.0000
110	1	79	1	0	651.500	1.0000
110	1	80	1	0	651.500	1.0000
110	1	81	1	0	651.500	1.0000
110	1	82	1	0	651.500	1.0000
110	1	83	1	0	651.500	1.0000
110	1	84	1	0	651.500	1.0000
110	1	85	1	0	651.500	1.0000
110	1	86	1	0	651.500	1.0000
110	1	87	1	0	651.500	1.0000
110	1	88	1	0	651.500	1.0000
110	1	89	1	0	651.500	1.0000
110	1	90	1	0	651.500	1.0000
110	1	91	1	0	651.500	1.0000
110	1	92	1	0	651.500	1.0000
110	1	93	1	0	651.500	1.0000
110	1	94	1	0	651.500	1.0000
110	1	95	1	0	651.500	1.0000
110	1	96	1	0	651.500	1.0000
110	1	97	1	0	651.500	1.0000
110	1	98	1	0	651.500	1.0000
110	1	99	1	0	651.500	1.0000
110	1	100	1	0	651.500	1.0000
110	1	101	1	0	651.500	1.0000
110	1	102	1	0	651.500	1.0000
110	1	103	1	0	651.500	1.0000
110	1	104	1	0	651.500	1.0000
110	1	105	1	0	651.500	1.0000
110	1	106	1	0	651.500	1.0000
110	1	107	1	0	651.500	1.0000
110	1	108	1	0	651.500	1.0000
110	1	109	1	0	651.500	1.0000
110	1	110	1	0	651.500	1.0000
110	1	111	1	0	651.500	1.0000
110	1	112	1	0	651.500	1.0000
110	1	113	1	0	651.500	1.0000
110	1	114	1	0	651.500	1.0000
110	1	115	1	0	651.500	1.0000
110	1	116	1	0	651.500	1.0000
110	1	117	1	0	651.500	1.0000
110	1	118	1	0	651.500	1.0000
110	1	119	1	0	651.500	1.0000
110	1	120	1	0	651.500	1.0000
110	1	121	1	0	651.500	1.0000
110	1	122	1	0	651.500	1.0000
110	1	123	1	0	651.500	1.0000
110	1	124	1	0	651.500	1.0000
110	1	125	1	0	651.500	1.0000
110	1	126	1	0	651.500	1.0000
110	1	127	1	0	651.500	1.0000
110	1	128	1	0	651.500	1.0000
110	1	129	1	0	651.500	1.0000
110	1	130	1	0	651.500	1.0000
110	1	131	1	0	651.500	1.0000
110	1	132	1	0	651.500	1.0000
110	1	133	1	0	651.500	1.0000
110	1	134	1	0	651.500	1.0000
110	1	135	1	0	651.500	1.0000
110	1	136	1	0	651.500	1.0000
110	1	137	1	0	651.500	1.0000
110	1	138	1	0	651.500	1.0000
110	1	139	1	0	651.500	1.0000
110	1	140	1	0	651.500	1.0000
110	1	141	1	0	651.500	1.0000
110	1	142	1	0	651.500	1.0000
110	1	143	1	0	651.500	1.0000
110	1	144	1	0	651.500	1.0000
110	1	145	1	0	651.500	1.0000
110	1	146	1	0	651.500	1.0000
110	1	147	1	0	651.500	1.0000
110	1	148	1	0	651.500	1.0000
110	1	149	1	0	651.500	1.0000
110	1	150	1	0	651.500	1.0000
110	1	151	1	0	651.500	1.0000
110	1	152	1	0	651.500	1.0000
110	1	153	1	0	651.500	1.0000
110	1	154	1	0	651.500	1.0000
110	1	155	1	0	651.500	1.0000
110	1	156	1	0	651.500	1.0000
110	1	157	1	0	651.500	1.0000
110	1	158	1	0	651.500	1.0000
110	1	159	1	0	651.500	1.0000
#########################################################
# SFT-V Tdc                                             #
#########################################################
111	0	0	1	0	564.000	0.8333
111	0	1	1	0	564.000	0.8333
111	0	2	1	0	564.000	0.8333
111	0	3	1	0	564.000	0.8333
111	0	4	1	0	564.000	0.8333
111	0	5	1	0	564.000	0.8333
111	0	6	1	0	564.000	0.8333
111	0	7	1	0	564.000	0.8333
111	0	8	1	0	564.000	0.8333
111	0	9	1	0	564.000	0.8333
111	0	10	1	0	564.000	0.8333
111	0	11	1	0	564.000	0.8333
111	0	12	1	0	564.000	0.8333
111	0	13	1	0	564.000	0.8333
111	0	14	1	0	564.000	0.8333
111	0	15	1	0	564.000	0.8333
111	0	16	1	0	564.000	0.8333
111	0	17	1	0	564.000	0.8333
111	0	18	1	0	564.000	0.8333
111	0	19	1	0	564.000	0.8333
111	0	20	1	0	564.000	0.8333
111	0	21	1	0	564.000	0.8333
111	0	22	1	0	564.000	0.8333
111	0	23	1	0	564.000	0.8333
111	0	24	1	0	564.000	0.8333
111	0	25	1	0	564.000	0.8333
111	0	26	1	0	564.000	0.8333
111	0	27	1	0	564.000	0.8333
111	0	28	1	0	564.000	0.8333
111	0	29	1	0	564.000	0.8333
111	0	30	1	0	564.000	0.8333
111	0	31	1	0	564.000	0.8333
111	0	32	1	0	564.000	0.8333
111	0	33	1	0	564.000	0.8333
111	0	34	1	0	564.000	0.8333
111	0	35	1	0	564.000	0.8333
111	0	36	1	0	564.000	0.8333
111	0	37	1	0	564.000	0.8333
111	0	38	1	0	564.000	0.8333
111	0	39	1	0	564.000	0.8333
111	0	40	1	0	564.000	0.8333
111	0	41	1	0	564.000	0.8333
111	0	42	1	0	564.000	0.8333
111	0	43	1	0	564.000	0.8333
111	0	44	1	0	564.000	0.8333
111	0	45	1	0	564.000	0.8333
111	0	46	1	0	564.000	0.8333
111	0	47	1	0	564.000	0.8333
111	0	48	1	0	564.000	0.8333
111	0	49	1	0	564.000	0.8333
111	0	50	1	0	564.000	0.8333
111	0	51	1	0	564.000	0.8333
111	0	52	1	0	564.000	0.8333
111	0	53	1	0	564.000	0.8333
111	0	54	1	0	564.000	0.8333
111	0	55	1	0	564.000	0.8333
111	0	56	1	0	564.000	0.8333
111	0	57	1	0	564.000	0.8333
111	0	58	1	0	564.000	0.8333
111	0	59	1	0	564.000	0.8333
111	0	60	1	0	564.000	0.8333
111	0	61	1	0	564.000	0.8333
111	0	62	1	0	564.000	0.8333
111	0	63	1	0	564.000	0.8333
111	0	64	1	0	564.000	0.8333
111	0	65	1	0	564.000	0.8333
111	0	66	1	0	564.000	0.8333
111	0	67	1	0	564.000	0.8333
111	0	68	1	0	564.000	0.8333
111	0	69	1	0	564.000	0.8333
111	0	70	1	0	564.000	0.8333
111	0	71	1	0	564.000	0.8333
111	0	72	1	0	564.000	0.8333
111	0	73	1	0	564.000	0.8333
111	0	74	1	0	564.000	0.8333
111	0	75	1	0	564.000	0.8333
111	0	76	1	0	564.000	0.8333
111	0	77	1	0	564.000	0.8333
111	0	78	1	0	564.000	0.8333
111	0	79	1	0	564.000	0.8333
111	0	80	1	0	564.000	0.8333
111	0	81	1	0	564.000	0.8333
111	0	82	1	0	564.000	0.8333
111	0	83	1	0	564.000	0.8333
111	0	84	1	0	564.000	0.8333
111	0	85	1	0	564.000	0.8333
111	0	86	1	0	564.000	0.8333
111	0	87	1	0	564.000	0.8333
111	0	88	1	0	564.000	0.8333
111	0	89	1	0	564.000	0.8333
111	0	90	1	0	564.000	0.8333
111	0	91	1	0	564.000	0.8333
111	0	92	1	0	564.000	0.8333
111	0	93	1	0	564.000	0.8333
111	0	94	1	0	564.000	0.8333
111	0	95	1	0	564.000	0.8333
111	0	96	1	0	564.000	0.8333
111	0	97	1	0	564.000	0.8333
111	0	98	1	0	564.000	0.8333
111	0	99	1	0	564.000	0.8333
111	0	100	1	0	564.000	0.8333
111	0	101	1	0	564.000	0.8333
111	0	102	1	0	564.000	0.8333
111	0	103	1	0	564.000	0.8333
111	0	104	1	0	564.000	0.8333
111	0	105	1	0	564.000	0.8333
111	0	106	1	0	564.000	0.8333
111	0	107	1	0	564.000	0.8333
111	0	108	1	0	564.000	0.8333
111	0	109	1	0	564.000	0.8333
111	0	110	1	0	564.000	0.8333
111	0	111	1	0	564.000	0.8333
111	0	112	1	0	564.000	0.8333
111	0	113	1	0	564.000	0.8333
111	0	114	1	0	564.000	0.8333
111	0	115	1	0	564.000	0.8333
111	0	116	1	0	564.000	0.8333
111	0	117	1	0	564.000	0.8333
111	0	118	1	0	564.000	0.8333
111	0	119	1	0	564.000	0.8333
111	0	120	1	0	564.000	0.8333
111	0	121	1	0	564.000	0.8333
111	0	122	1	0	564.000	0.8333
111	0	123	1	0	564.000	0.8333
111	0	124	1	0	564.000	0.8333
111	0	125	1	0	564.000	0.8333
111	0	126	1	0	564.000	0.8333
111	0	127	1	0	564.000	0.8333
111	0	128	1	0	564.000	0.8333
111	0	129	1	0	564.000	0.8333
111	0	130	1	0	564.000	0.8333
111	0	131	1	0	564.000	0.8333
111	0	132	1	0	564.000	0.8333
111	0	133	1	0	564.000	0.8333
111	0	134	1	0	564.000	0.8333
111	0	135	1	0	564.000	0.8333
111	0	136	1	0	564.000	0.8333
111	0	137	1	0	564.000	0.8333
111	0	138	1	0	564.000	0.8333
111	0	139	1	0	564.000	0.8333
111	0	140	1	0	564.000	0.8333
111	0	141	1	0	564.000	0.8333
111	0	142	1	0	564.000	0.8333
111	0	143	1	0	564.000	0.8333
111	0	144	1	0	564.000	0.8333
111	0	145	1	0	564.000	0.8333
111	0	146	1	0	564.000	0.8333
111	0	147	1	0	564.000	0.8333
111	0	148	1	0	564.000	0.8333
111	0	149	1	0	564.000	0.8333
111	0	150	1	0	564.000	0.8333
111	0	151	1	0	564.000	0.8333
111	0	152	1	0	564.000	0.8333
111	0	153	1	0	564.000	0.8333
111	0	154	1	0	564.000	0.8333
111	0	155	1	0	564.000	0.8333
111	0	156	1	0	564.000	0.8333
111	0	157	1	0	564.000	0.8333
111	0	158	1	0	564.000	0.8333
111	0	159	1	0	564.000	0.8333
111	0	160	1	0	564.000	0.8333
111	0	161	1	0	564.000	0.8333
111	0	162	1	0	564.000	0.8333
111	0	163	1	0	564.000	0.8333
111	0	164	1	0	564.000	0.8333
111	0	165	1	0	564.000	0.8333
111	0	166	1	0	564.000	0.8333
111	0	167	1	0	564.000	0.8333
111	0	168	1	0	564.000	0.8333
111	0	169	1	0	564.000	0.8333
111	0	170	1	0	564.000	0.8333
111	0	171	1	0	564.000	0.8333
111	0	172	1	0	564.000	0.8333
111	0	173	1	0	564.000	0.8333
111	0	174	1	0	564.000	0.8333
111	0	175	1	0	564.000	0.8333
111	0	176	1	0	564.000	0.8333
111	0	177	1	0	564.000	0.8333
111	0	178	1	0	564.000	0.8333
111	0	179	1	0	564.000	0.8333
111	0	180	1	0	564.000	0.8333
111	0	181	1	0	564.000	0.8333
111	0	182	1	0	564.000	0.8333
111	0	183	1	0	564.000	0.8333
111	0	184	1	0	564.000	0.8333
111	0	185	1	0	564.000	0.8333
111	0	186	1	0	564.000	0.8333
111	0	187	1	0	564.000	0.8333
111	0	188	1	0	564.000	0.8333
111	0	189	1	0	564.000	0.8333
111	0	190	1	0	564.000	0.8333
111	0	191	1	0	564.000	0.8333
111	0	192	1	0	564.000	0.8333
111	0	193	1	0	564.000	0.8333
111	0	194	1	0	564.000	0.8333
111	0	195	1	0	564.000	0.8333
111	0	196	1	0	564.000	0.8333
111	0	197	1	0	564.000	0.8333
111	0	198	1	0	564.000	0.8333
111	0	199	1	0	564.000	0.8333
111	0	200	1	0	564.000	0.8333
111	0	201	1	0	564.000	0.8333
111	0	202	1	0	564.000	0.8333
111	0	203	1	0	564.000	0.8333
111	0	204	1	0	564.000	0.8333
111	0	205	1	0	564.000	0.8333
111	0	206	1	0	564.000	0.8333
111	0	207	1	0	564.000	0.8333
111	0	208	1	0	564.000	0.8333
111	0	209	1	0	564.000	0.8333
111	0	210	1	0	564.000	0.8333
111	0	211	1	0	564.000	0.8333
111	0	212	1	0	564.000	0.8333
111	0	213	1	0	564.000	0.8333
111	0	214	1	0	564.000	0.8333
111	0	215	1	0	564.000	0.8333
111	0	216	1	0	564.000	0.8333
111	0	217	1	0	564.000	0.8333
111	0	218	1	0	564.000	0.8333
111	0	219	1	0	564.000	0.8333
111	0	220	1	0	564.000	0.8333
111	0	221	1	0	564.000	0.8333
111	0	222	1	0	564.000	0.8333
111	0	223	1	0	564.000	0.8333
111	0	224	1	0	564.000	0.8333
111	0	225	1	0	564.000	0.8333
111	0	226	1	0	564.000	0.8333
111	0	227	1	0	564.000	0.8333
111	0	228	1	0	564.000	0.8333
111	0	229	1	0	564.000	0.8333
111	0	230	1	0	564.000	0.8333
111	0	231	1	0	564.000	0.8333
111	0	232	1	0	564.000	0.8333
111	0	233	1	0	564.000	0.8333
111	0	234	1	0	564.000	0.8333
111	0	235	1	0	564.000	0.8333
111	0	236	1	0	564.000	0.8333
111	0	237	1	0	564.000	0.8333
111	0	238	1	0	564.000	0.8333
111	0	239	1	0	564.000	0.8333
111	0	240	1	0	564.000	0.8333
111	0	241	1	0	564.000	0.8333
111	0	242	1	0	564.000	0.8333
111	0	243	1	0	564.000	0.8333
111	0	244	1	0	564.000	0.8333
111	0	245	1	0	564.000	0.8333
111	0	246	1	0	564.000	0.8333
111	0	247	1	0	564.000	0.8333
111	0	248	1	0	564.000	0.8333
111	0	249	1	0	564.000	0.8333
111	0	250	1	0	564.000	0.8333
111	0	251	1	0	564.000	0.8333
111	0	252	1	0	564.000	0.8333
111	0	253	1	0	564.000	0.8333
111	0	254	1	0	564.000	0.8333
111	0	255	1	0	564.000	0.8333
111	0	256	1	0	564.000	0.8333
111	0	257	1	0	564.000	0.8333
111	0	258	1	0	564.000	0.8333
111	0	259	1	0	564.000	0.8333
111	0	260	1	0	564.000	0.8333
111	0	261	1	0	564.000	0.8333
111	0	262	1	0	564.000	0.8333
111	0	263	1	0	564.000	0.8333
111	0	264	1	0	564.000	0.8333
111	0	265	1	0	564.000	0.8333
111	0	266	1	0	564.000	0.8333
111	0	267	1	0	564.000	0.8333
111	0	268	1	0	564.000	0.8333
111	0	269	1	0	564.000	0.8333
111	0	270	1	0	564.000	0.8333
111	0	271	1	0	564.000	0.8333
111	0	272	1	0	564.000	0.8333
111	0	273	1	0	564.000	0.8333
111	0	274	1	0	564.000	0.8333
111	0	275	1	0	564.000	0.8333
111	0	276	1	0	564.000	0.8333
111	0	277	1	0	564.000	0.8333
111	0	278	1	0	564.000	0.8333
111	0	279	1	0	564.000	0.8333
111	0	280	1	0	564.000	0.8333
111	0	281	1	0	564.000	0.8333
111	0	282	1	0	564.000	0.8333
111	0	283	1	0	564.000	0.8333
111	0	284	1	0	564.000	0.8333
111	0	285	1	0	564.000	0.8333
111	0	286	1	0	564.000	0.8333
111	0	287	1	0	564.000	0.8333
111	0	288	1	0	564.000	0.8333
111	0	289	1	0	564.000	0.8333
111	0	290	1	0	564.000	0.8333
111	0	291	1	0	564.000	0.8333
111	0	292	1	0	564.000	0.8333
111	0	293	1	0	564.000	0.8333
111	0	294	1	0	564.000	0.8333
111	0	295	1	0	564.000	0.8333
111	0	296	1	0	564.000	0.8333
111	0	297	1	0	564.000	0.8333
111	0	298	1	0	564.000	0.8333
111	0	299	1	0	564.000	0.8333
111	0	300	1	0	564.000	0.8333
111	0	301	1	0	564.000	0.8333
111	0	302	1	0	564.000	0.8333
111	0	303	1	0	564.000	0.8333
111	0	304	1	0	564.000	0.8333
111	0	305	1	0	564.000	0.8333
111	0	306	1	0	564.000	0.8333
111	0	307	1	0	564.000	0.8333
111	0	308	1	0	564.000	0.8333
111	0	309	1	0	564.000	0.8333
111	0	310	1	0	564.000	0.8333
111	0	311	1	0	564.000	0.8333
111	0	312	1	0	564.000	0.8333
111	0	313	1	0	564.000	0.8333
111	0	314	1	0	564.000	0.8333
111	0	315	1	0	564.000	0.8333
111	0	316	1	0	564.000	0.8333
111	0	317	1	0	564.000	0.8333
111	0	318	1	0	564.000	0.8333
111	0	319	1	0	564.000	0.8333
#########################################################
# SFT-U Tdc                                             #
#########################################################
111	1	0	1	0	564.000	0.8333
111	1	1	1	0	564.000	0.8333
111	1	2	1	0	564.000	0.8333
111	1	3	1	0	564.000	0.8333
111	1	4	1	0	564.000	0.8333
111	1	5	1	0	564.000	0.8333
111	1	6	1	0	564.000	0.8333
111	1	7	1	0	564.000	0.8333
111	1	8	1	0	564.000	0.8333
111	1	9	1	0	564.000	0.8333
111	1	10	1	0	564.000	0.8333
111	1	11	1	0	564.000	0.8333
111	1	12	1	0	564.000	0.8333
111	1	13	1	0	564.000	0.8333
111	1	14	1	0	564.000	0.8333
111	1	15	1	0	564.000	0.8333
111	1	16	1	0	564.000	0.8333
111	1	17	1	0	564.000	0.8333
111	1	18	1	0	564.000	0.8333
111	1	19	1	0	564.000	0.8333
111	1	20	1	0	564.000	0.8333
111	1	21	1	0	564.000	0.8333
111	1	22	1	0	564.000	0.8333
111	1	23	1	0	564.000	0.8333
111	1	24	1	0	564.000	0.8333
111	1	25	1	0	564.000	0.8333
111	1	26	1	0	564.000	0.8333
111	1	27	1	0	564.000	0.8333
111	1	28	1	0	564.000	0.8333
111	1	29	1	0	564.000	0.8333
111	1	30	1	0	564.000	0.8333
111	1	31	1	0	564.000	0.8333
111	1	32	1	0	564.000	0.8333
111	1	33	1	0	564.000	0.8333
111	1	34	1	0	564.000	0.8333
111	1	35	1	0	564.000	0.8333
111	1	36	1	0	564.000	0.8333
111	1	37	1	0	564.000	0.8333
111	1	38	1	0	564.000	0.8333
111	1	39	1	0	564.000	0.8333
111	1	40	1	0	564.000	0.8333
111	1	41	1	0	564.000	0.8333
111	1	42	1	0	564.000	0.8333
111	1	43	1	0	564.000	0.8333
111	1	44	1	0	564.000	0.8333
111	1	45	1	0	564.000	0.8333
111	1	46	1	0	564.000	0.8333
111	1	47	1	0	564.000	0.8333
111	1	48	1	0	564.000	0.8333
111	1	49	1	0	564.000	0.8333
111	1	50	1	0	564.000	0.8333
111	1	51	1	0	564.000	0.8333
111	1	52	1	0	564.000	0.8333
111	1	53	1	0	564.000	0.8333
111	1	54	1	0	564.000	0.8333
111	1	55	1	0	564.000	0.8333
111	1	56	1	0	564.000	0.8333
111	1	57	1	0	564.000	0.8333
111	1	58	1	0	564.000	0.8333
111	1	59	1	0	564.000	0.8333
111	1	60	1	0	564.000	0.8333
111	1	61	1	0	564.000	0.8333
111	1	62	1	0	564.000	0.8333
111	1	63	1	0	564.000	0.8333
111	1	64	1	0	564.000	0.8333
111	1	65	1	0	564.000	0.8333
111	1	66	1	0	564.000	0.8333
111	1	67	1	0	564.000	0.8333
111	1	68	1	0	564.000	0.8333
111	1	69	1	0	564.000	0.8333
111	1	70	1	0	564.000	0.8333
111	1	71	1	0	564.000	0.8333
111	1	72	1	0	564.000	0.8333
111	1	73	1	0	564.000	0.8333
111	1	74	1	0	564.000	0.8333
111	1	75	1	0	564.000	0.8333
111	1	76	1	0	564.000	0.8333
111	1	77	1	0	564.000	0.8333
111	1	78	1	0	564.000	0.8333
111	1	79	1	0	564.000	0.8333
111	1	80	1	0	564.000	0.8333
111	1	81	1	0	564.000	0.8333
111	1	82	1	0	564.000	0.8333
111	1	83	1	0	564.000	0.8333
111	1	84	1	0	564.000	0.8333
111	1	85	1	0	564.000	0.8333
111	1	86	1	0	564.000	0.8333
111	1	87	1	0	564.000	0.8333
111	1	88	1	0	564.000	0.8333
111	1	89	1	0	564.000	0.8333
111	1	90	1	0	564.000	0.8333
111	1	91	1	0	564.000	0.8333
111	1	92	1	0	564.000	0.8333
111	1	93	1	0	564.000	0.8333
111	1	94	1	0	564.000	0.8333
111	1	95	1	0	564.000	0.8333
111	1	96	1	0	564.000	0.8333
111	1	97	1	0	564.000	0.8333
111	1	98	1	0	564.000	0.8333
111	1	99	1	0	564.000	0.8333
111	1	100	1	0	564.000	0.8333
111	1	101	1	0	564.000	0.8333
111	1	102	1	0	564.000	0.8333
111	1	103	1	0	564.000	0.8333
111	1	104	1	0	564.000	0.8333
111	1	105	1	0	564.000	0.8333
111	1	106	1	0	564.000	0.8333
111	1	107	1	0	564.000	0.8333
111	1	108	1	0	564.000	0.8333
111	1	109	1	0	564.000	0.8333
111	1	110	1	0	564.000	0.8333
111	1	111	1	0	564.000	0.8333
111	1	112	1	0	564.000	0.8333
111	1	113	1	0	564.000	0.8333
111	1	114	1	0	564.000	0.8333
111	1	115	1	0	564.000	0.8333
111	1	116	1	0	564.000	0.8333
111	1	117	1	0	564.000	0.8333
111	1	118	1	0	564.000	0.8333
111	1	119	1	0	564.000	0.8333
111	1	120	1	0	564.000	0.8333
111	1	121	1	0	564.000	0.8333
111	1	122	1	0	564.000	0.8333
111	1	123	1	0	564.000	0.8333
111	1	124	1	0	564.000	0.8333
111	1	125	1	0	564.000	0.8333
111	1	126	1	0	564.000	0.8333
111	1	127	1	0	564.000	0.8333
111	1	128	1	0	564.000	0.8333
111	1	129	1	0	564.000	0.8333
111	1	130	1	0	564.000	0.8333
111	1	131	1	0	564.000	0.8333
111	1	132	1	0	564.000	0.8333
111	1	133	1	0	564.000	0.8333
111	1	134	1	0	564.000	0.8333
111	1	135	1	0	564.000	0.8333
111	1	136	1	0	564.000	0.8333
111	1	137	1	0	564.000	0.8333
111	1	138	1	0	564.000	0.8333
111	1	139	1	0	564.000	0.8333
111	1	140	1	0	564.000	0.8333
111	1	141	1	0	564.000	0.8333
111	1	142	1	0	564.000	0.8333
111	1	143	1	0	564.000	0.8333
111	1	144	1	0	564.000	0.8333
111	1	145	1	0	564.000	0.8333
111	1	146	1	0	564.000	0.8333
111	1	147	1	0	564.000	0.8333
111	1	148	1	0	564.000	0.8333
111	1	149	1	0	564.000	0.8333
111	1	150	1	0	564.000	0.8333
111	1	151	1	0	564.000	0.8333
111	1	152	1	0	564.000	0.8333
111	1	153	1	0	564.000	0.8333
111	1	154	1	0	564.000	0.8333
111	1	155	1	0	564.000	0.8333
111	1	156	1	0	564.000	0.8333
111	1	157	1	0	564.000	0.8333
111	1	158	1	0	564.000	0.8333
111	1	159	1	0	564.000	0.8333
111	1	160	1	0	564.000	0.8333
111	1	161	1	0	564.000	0.8333
111	1	162	1	0	564.000	0.8333
111	1	163	1	0	564.000	0.8333
111	1	164	1	0	564.000	0.8333
111	1	165	1	0	564.000	0.8333
111	1	166	1	0	564.000	0.8333
111	1	167	1	0	564.000	0.8333
111	1	168	1	0	564.000	0.8333
111	1	169	1	0	564.000	0.8333
111	1	170	1	0	564.000	0.8333
111	1	171	1	0	564.000	0.8333
111	1	172	1	0	564.000	0.8333
111	1	173	1	0	564.000	0.8333
111	1	174	1	0	564.000	0.8333
111	1	175	1	0	564.000	0.8333
111	1	176	1	0	564.000	0.8333
111	1	177	1	0	564.000	0.8333
111	1	178	1	0	564.000	0.8333
111	1	179	1	0	564.000	0.8333
111	1	180	1	0	564.000	0.8333
111	1	181	1	0	564.000	0.8333
111	1	182	1	0	564.000	0.8333
111	1	183	1	0	564.000	0.8333
111	1	184	1	0	564.000	0.8333
111	1	185	1	0	564.000	0.8333
111	1	186	1	0	564.000	0.8333
111	1	187	1	0	564.000	0.8333
111	1	188	1	0	564.000	0.8333
111	1	189	1	0	564.000	0.8333
111	1	190	1	0	564.000	0.8333
111	1	191	1	0	564.000	0.8333
111	1	192	1	0	564.000	0.8333
111	1	193	1	0	564.000	0.8333
111	1	194	1	0	564.000	0.8333
111	1	195	1	0	564.000	0.8333
111	1	196	1	0	564.000	0.8333
111	1	197	1	0	564.000	0.8333
111	1	198	1	0	564.000	0.8333
111	1	199	1	0	564.000	0.8333
111	1	200	1	0	564.000	0.8333
111	1	201	1	0	564.000	0.8333
111	1	202	1	0	564.000	0.8333
111	1	203	1	0	564.000	0.8333
111	1	204	1	0	564.000	0.8333
111	1	205	1	0	564.000	0.8333
111	1	206	1	0	564.000	0.8333
111	1	207	1	0	564.000	0.8333
111	1	208	1	0	564.000	0.8333
111	1	209	1	0	564.000	0.8333
111	1	210	1	0	564.000	0.8333
111	1	211	1	0	564.000	0.8333
111	1	212	1	0	564.000	0.8333
111	1	213	1	0	564.000	0.8333
111	1	214	1	0	564.000	0.8333
111	1	215	1	0	564.000	0.8333
111	1	216	1	0	564.000	0.8333
111	1	217	1	0	564.000	0.8333
111	1	218	1	0	564.000	0.8333
111	1	219	1	0	564.000	0.8333
111	1	220	1	0	564.000	0.8333
111	1	221	1	0	564.000	0.8333
111	1	222	1	0	564.000	0.8333
111	1	223	1	0	564.000	0.8333
111	1	224	1	0	564.000	0.8333
111	1	225	1	0	564.000	0.8333
111	1	226	1	0	564.000	0.8333
111	1	227	1	0	564.000	0.8333
111	1	228	1	0	564.000	0.8333
111	1	229	1	0	564.000	0.8333
111	1	230	1	0	564.000	0.8333
111	1	231	1	0	564.000	0.8333
111	1	232	1	0	564.000	0.8333
111	1	233	1	0	564.000	0.8333
111	1	234	1	0	564.000	0.8333
111	1	235	1	0	564.000	0.8333
111	1	236	1	0	564.000	0.8333
111	1	237	1	0	564.000	0.8333
111	1	238	1	0	564.000	0.8333
111	1	239	1	0	564.000	0.8333
111	1	240	1	0	564.000	0.8333
111	1	241	1	0	564.000	0.8333
111	1	242	1	0	564.000	0.8333
111	1	243	1	0	564.000	0.8333
111	1	244	1	0	564.000	0.8333
111	1	245	1	0	564.000	0.8333
111	1	246	1	0	564.000	0.8333
111	1	247	1	0	564.000	0.8333
111	1	248	1	0	564.000	0.8333
111	1	249	1	0	564.000	0.8333
111	1	250	1	0	564.000	0.8333
111	1	251	1	0	564.000	0.8333
111	1	252	1	0	564.000	0.8333
111	1	253	1	0	564.000	0.8333
111	1	254	1	0	564.000	0.8333
111	1	255	1	0	564.000	0.8333
111	1	256	1	0	564.000	0.8333
111	1	257	1	0	564.000	0.8333
111	1	258	1	0	564.000	0.8333
111	1	259	1	0	564.000	0.8333
111	1	260	1	0	564.000	0.8333
111	1	261	1	0	564.000	0.8333
111	1	262	1	0	564.000	0.8333
111	1	263	1	0	564.000	0.8333
111	1	264	1	0	564.000	0.8333
111	1	265	1	0	564.000	0.8333
111	1	266	1	0	564.000	0.8333
111	1	267	1	0	564.000	0.8333
111	1	268	1	0	564.000	0.8333
111	1	269	1	0	564.000	0.8333
111	1	270	1	0	564.000	0.8333
111	1	271	1	0	564.000	0.8333
111	1	272	1	0	564.000	0.8333
111	1	273	1	0	564.000	0.8333
111	1	274	1	0	564.000	0.8333
111	1	275	1	0	564.000	0.8333
111	1	276	1	0	564.000	0.8333
111	1	277	1	0	564.000	0.8333
111	1	278	1	0	564.000	0.8333
111	1	279	1	0	564.000	0.8333
111	1	280	1	0	564.000	0.8333
111	1	281	1	0	564.000	0.8333
111	1	282	1	0	564.000	0.8333
111	1	283	1	0	564.000	0.8333
111	1	284	1	0	564.000	0.8333
111	1	285	1	0	564.000	0.8333
111	1	286	1	0	564.000	0.8333
111	1	287	1	0	564.000	0.8333
111	1	288	1	0	564.000	0.8333
111	1	289	1	0	564.000	0.8333
111	1	290	1	0	564.000	0.8333
111	1	291	1	0	564.000	0.8333
111	1	292	1	0	564.000	0.8333
111	1	293	1	0	564.000	0.8333
111	1	294	1	0	564.000	0.8333
111	1	295	1	0	564.000	0.8333
111	1	296	1	0	564.000	0.8333
111	1	297	1	0	564.000	0.8333
111	1	298	1	0	564.000	0.8333
111	1	299	1	0	564.000	0.8333
111	1	300	1	0	564.000	0.8333
111	1	301	1	0	564.000	0.8333
111	1	302	1	0	564.000	0.8333
111	1	303	1	0	564.000	0.8333
111	1	304	1	0	564.000	0.8333
111	1	305	1	0	564.000	0.8333
111	1	306	1	0	564.000	0.8333
111	1	307	1	0	564.000	0.8333
111	1	308	1	0	564.000	0.8333
111	1	309	1	0	564.000	0.8333
111	1	310	1	0	564.000	0.8333
111	1	311	1	0	564.000	0.8333
111	1	312	1	0	564.000	0.8333
111	1	313	1	0	564.000	0.8333
111	1	314	1	0	564.000	0.8333
111	1	315	1	0	564.000	0.8333
111	1	316	1	0	564.000	0.8333
111	1	317	1	0	564.000	0.8333
111	1	318	1	0	564.000	0.8333
111	1	319	1	0	564.000	0.8333
#########################################################
# SFT-X1 Tdc                                            #
#########################################################
111	2	0	1	0	564.000	0.8333
111	2	1	1	0	564.000	0.8333
111	2	2	1	0	564.000	0.8333
111	2	3	1	0	564.000	0.8333
111	2	4	1	0	564.000	0.8333
111	2	5	1	0	564.000	0.8333
111	2	6	1	0	564.000	0.8333
111	2	7	1	0	564.000	0.8333
111	2	8	1	0	564.000	0.8333
111	2	9	1	0	564.000	0.8333
111	2	10	1	0	564.000	0.8333
111	2	11	1	0	564.000	0.8333
111	2	12	1	0	564.000	0.8333
111	2	13	1	0	564.000	0.8333
111	2	14	1	0	564.000	0.8333
111	2	15	1	0	564.000	0.8333
111	2	16	1	0	564.000	0.8333
111	2	17	1	0	564.000	0.8333
111	2	18	1	0	564.000	0.8333
111	2	19	1	0	564.000	0.8333
111	2	20	1	0	564.000	0.8333
111	2	21	1	0	564.000	0.8333
111	2	22	1	0	564.000	0.8333
111	2	23	1	0	564.000	0.8333
111	2	24	1	0	564.000	0.8333
111	2	25	1	0	564.000	0.8333
111	2	26	1	0	564.000	0.8333
111	2	27	1	0	564.000	0.8333
111	2	28	1	0	564.000	0.8333
111	2	29	1	0	564.000	0.8333
111	2	30	1	0	564.000	0.8333
111	2	31	1	0	564.000	0.8333
111	2	32	1	0	564.000	0.8333
111	2	33	1	0	564.000	0.8333
111	2	34	1	0	564.000	0.8333
111	2	35	1	0	564.000	0.8333
111	2	36	1	0	564.000	0.8333
111	2	37	1	0	564.000	0.8333
111	2	38	1	0	564.000	0.8333
111	2	39	1	0	564.000	0.8333
111	2	40	1	0	564.000	0.8333
111	2	41	1	0	564.000	0.8333
111	2	42	1	0	564.000	0.8333
111	2	43	1	0	564.000	0.8333
111	2	44	1	0	564.000	0.8333
111	2	45	1	0	564.000	0.8333
111	2	46	1	0	564.000	0.8333
111	2	47	1	0	564.000	0.8333
111	2	48	1	0	564.000	0.8333
111	2	49	1	0	564.000	0.8333
111	2	50	1	0	564.000	0.8333
111	2	51	1	0	564.000	0.8333
111	2	52	1	0	564.000	0.8333
111	2	53	1	0	564.000	0.8333
111	2	54	1	0	564.000	0.8333
111	2	55	1	0	564.000	0.8333
111	2	56	1	0	564.000	0.8333
111	2	57	1	0	564.000	0.8333
111	2	58	1	0	564.000	0.8333
111	2	59	1	0	564.000	0.8333
111	2	60	1	0	564.000	0.8333
111	2	61	1	0	564.000	0.8333
111	2	62	1	0	564.000	0.8333
111	2	63	1	0	564.000	0.8333
111	2	64	1	0	564.000	0.8333
111	2	65	1	0	564.000	0.8333
111	2	66	1	0	564.000	0.8333
111	2	67	1	0	564.000	0.8333
111	2	68	1	0	564.000	0.8333
111	2	69	1	0	564.000	0.8333
111	2	70	1	0	564.000	0.8333
111	2	71	1	0	564.000	0.8333
111	2	72	1	0	564.000	0.8333
111	2	73	1	0	564.000	0.8333
111	2	74	1	0	564.000	0.8333
111	2	75	1	0	564.000	0.8333
111	2	76	1	0	564.000	0.8333
111	2	77	1	0	564.000	0.8333
111	2	78	1	0	564.000	0.8333
111	2	79	1	0	564.000	0.8333
111	2	80	1	0	564.000	0.8333
111	2	81	1	0	564.000	0.8333
111	2	82	1	0	564.000	0.8333
111	2	83	1	0	564.000	0.8333
111	2	84	1	0	564.000	0.8333
111	2	85	1	0	564.000	0.8333
111	2	86	1	0	564.000	0.8333
111	2	87	1	0	564.000	0.8333
111	2	88	1	0	564.000	0.8333
111	2	89	1	0	564.000	0.8333
111	2	90	1	0	564.000	0.8333
111	2	91	1	0	564.000	0.8333
111	2	92	1	0	564.000	0.8333
111	2	93	1	0	564.000	0.8333
111	2	94	1	0	564.000	0.8333
111	2	95	1	0	564.000	0.8333
111	2	96	1	0	564.000	0.8333
111	2	97	1	0	564.000	0.8333
111	2	98	1	0	564.000	0.8333
111	2	99	1	0	564.000	0.8333
111	2	100	1	0	564.000	0.8333
111	2	101	1	0	564.000	0.8333
111	2	102	1	0	564.000	0.8333
111	2	103	1	0	564.000	0.8333
111	2	104	1	0	564.000	0.8333
111	2	105	1	0	564.000	0.8333
111	2	106	1	0	564.000	0.8333
111	2	107	1	0	564.000	0.8333
111	2	108	1	0	564.000	0.8333
111	2	109	1	0	564.000	0.8333
111	2	110	1	0	564.000	0.8333
111	2	111	1	0	564.000	0.8333
111	2	112	1	0	564.000	0.8333
111	2	113	1	0	564.000	0.8333
111	2	114	1	0	564.000	0.8333
111	2	115	1	0	564.000	0.8333
111	2	116	1	0	564.000	0.8333
111	2	117	1	0	564.000	0.8333
111	2	118	1	0	564.000	0.8333
111	2	119	1	0	564.000	0.8333
111	2	120	1	0	564.000	0.8333
111	2	121	1	0	564.000	0.8333
111	2	122	1	0	564.000	0.8333
111	2	123	1	0	564.000	0.8333
111	2	124	1	0	564.000	0.8333
111	2	125	1	0	564.000	0.8333
111	2	126	1	0	564.000	0.8333
111	2	127	1	0	564.000	0.8333
111	2	128	1	0	564.000	0.8333
111	2	129	1	0	564.000	0.8333
111	2	130	1	0	564.000	0.8333
111	2	131	1	0	564.000	0.8333
111	2	132	1	0	564.000	0.8333
111	2	133	1	0	564.000	0.8333
111	2	134	1	0	564.000	0.8333
111	2	135	1	0	564.000	0.8333
111	2	136	1	0	564.000	0.8333
111	2	137	1	0	564.000	0.8333
111	2	138	1	0	564.000	0.8333
111	2	139	1	0	564.000	0.8333
111	2	140	1	0	564.000	0.8333
111	2	141	1	0	564.000	0.8333
111	2	142	1	0	564.000	0.8333
111	2	143	1	0	564.000	0.8333
111	2	144	1	0	564.000	0.8333
111	2	145	1	0	564.000	0.8333
111	2	146	1	0	564.000	0.8333
111	2	147	1	0	564.000	0.8333
111	2	148	1	0	564.000	0.8333
111	2	149	1	0	564.000	0.8333
111	2	150	1	0	564.000	0.8333
111	2	151	1	0	564.000	0.8333
111	2	152	1	0	564.000	0.8333
111	2	153	1	0	564.000	0.8333
111	2	154	1	0	564.000	0.8333
111	2	155	1	0	564.000	0.8333
111	2	156	1	0	564.000	0.8333
111	2	157	1	0	564.000	0.8333
111	2	158	1	0	564.000	0.8333
111	2	159	1	0	564.000	0.8333
111	2	160	1	0	564.000	0.8333
111	2	161	1	0	564.000	0.8333
111	2	162	1	0	564.000	0.8333
111	2	163	1	0	564.000	0.8333
111	2	164	1	0	564.000	0.8333
111	2	165	1	0	564.000	0.8333
111	2	166	1	0	564.000	0.8333
111	2	167	1	0	564.000	0.8333
111	2	168	1	0	564.000	0.8333
111	2	169	1	0	564.000	0.8333
111	2	170	1	0	564.000	0.8333
111	2	171	1	0	564.000	0.8333
111	2	172	1	0	564.000	0.8333
111	2	173	1	0	564.000	0.8333
111	2	174	1	0	564.000	0.8333
111	2	175	1	0	564.000	0.8333
111	2	176	1	0	564.000	0.8333
111	2	177	1	0	564.000	0.8333
111	2	178	1	0	564.000	0.8333
111	2	179	1	0	564.000	0.8333
111	2	180	1	0	564.000	0.8333
111	2	181	1	0	564.000	0.8333
111	2	182	1	0	564.000	0.8333
111	2	183	1	0	564.000	0.8333
111	2	184	1	0	564.000	0.8333
111	2	185	1	0	564.000	0.8333
111	2	186	1	0	564.000	0.8333
111	2	187	1	0	564.000	0.8333
111	2	188	1	0	564.000	0.8333
111	2	189	1	0	564.000	0.8333
111	2	190	1	0	564.000	0.8333
111	2	191	1	0	564.000	0.8333
111	2	192	1	0	564.000	0.8333
111	2	193	1	0	564.000	0.8333
111	2	194	1	0	564.000	0.8333
111	2	195	1	0	564.000	0.8333
111	2	196	1	0	564.000	0.8333
111	2	197	1	0	564.000	0.8333
111	2	198	1	0	564.000	0.8333
111	2	199	1	0	564.000	0.8333
111	2	200	1	0	564.000	0.8333
111	2	201	1	0	564.000	0.8333
111	2	202	1	0	564.000	0.8333
111	2	203	1	0	564.000	0.8333
111	2	204	1	0	564.000	0.8333
111	2	205	1	0	564.000	0.8333
111	2	206	1	0	564.000	0.8333
111	2	207	1	0	564.000	0.8333
111	2	208	1	0	564.000	0.8333
111	2	209	1	0	564.000	0.8333
111	2	210	1	0	564.000	0.8333
111	2	211	1	0	564.000	0.8333
111	2	212	1	0	564.000	0.8333
111	2	213	1	0	564.000	0.8333
111	2	214	1	0	564.000	0.8333
111	2	215	1	0	564.000	0.8333
111	2	216	1	0	564.000	0.8333
111	2	217	1	0	564.000	0.8333
111	2	218	1	0	564.000	0.8333
111	2	219	1	0	564.000	0.8333
111	2	220	1	0	564.000	0.8333
111	2	221	1	0	564.000	0.8333
111	2	222	1	0	564.000	0.8333
111	2	223	1	0	564.000	0.8333
111	2	224	1	0	564.000	0.8333
111	2	225	1	0	564.000	0.8333
111	2	226	1	0	564.000	0.8333
111	2	227	1	0	564.000	0.8333
111	2	228	1	0	564.000	0.8333
111	2	229	1	0	564.000	0.8333
111	2	230	1	0	564.000	0.8333
111	2	231	1	0	564.000	0.8333
111	2	232	1	0	564.000	0.8333
111	2	233	1	0	564.000	0.8333
111	2	234	1	0	564.000	0.8333
111	2	235	1	0	564.000	0.8333
111	2	236	1	0	564.000	0.8333
111	2	237	1	0	564.000	0.8333
111	2	238	1	0	564.000	0.8333
111	2	239	1	0	564.000	0.8333
111	2	240	1	0	564.000	0.8333
111	2	241	1	0	564.000	0.8333
111	2	242	1	0	564.000	0.8333
111	2	243	1	0	564.000	0.8333
111	2	244	1	0	564.000	0.8333
111	2	245	1	0	564.000	0.8333
111	2	246	1	0	564.000	0.8333
111	2	247	1	0	564.000	0.8333
111	2	248	1	0	564.000	0.8333
111	2	249	1	0	564.000	0.8333
111	2	250	1	0	564.000	0.8333
111	2	251	1	0	564.000	0.8333
111	2	252	1	0	564.000	0.8333
111	2	253	1	0	564.000	0.8333
111	2	254	1	0	564.000	0.8333
111	2	255	1	0	564.000	0.8333
#########################################################
# SFT-X2 Tdc                                            #
#########################################################
111	3	0	1	0	564.000	0.8333
111	3	1	1	0	564.000	0.8333
111	3	2	1	0	564.000	0.8333
111	3	3	1	0	564.000	0.8333
111	3	4	1	0	564.000	0.8333
111	3	5	1	0	564.000	0.8333
111	3	6	1	0	564.000	0.8333
111	3	7	1	0	564.000	0.8333
111	3	8	1	0	564.000	0.8333
111	3	9	1	0	564.000	0.8333
111	3	10	1	0	564.000	0.8333
111	3	11	1	0	564.000	0.8333
111	3	12	1	0	564.000	0.8333
111	3	13	1	0	564.000	0.8333
111	3	14	1	0	564.000	0.8333
111	3	15	1	0	564.000	0.8333
111	3	16	1	0	564.000	0.8333
111	3	17	1	0	564.000	0.8333
111	3	18	1	0	564.000	0.8333
111	3	19	1	0	564.000	0.8333
111	3	20	1	0	564.000	0.8333
111	3	21	1	0	564.000	0.8333
111	3	22	1	0	564.000	0.8333
111	3	23	1	0	564.000	0.8333
111	3	24	1	0	564.000	0.8333
111	3	25	1	0	564.000	0.8333
111	3	26	1	0	564.000	0.8333
111	3	27	1	0	564.000	0.8333
111	3	28	1	0	564.000	0.8333
111	3	29	1	0	564.000	0.8333
111	3	30	1	0	564.000	0.8333
111	3	31	1	0	564.000	0.8333
111	3	32	1	0	564.000	0.8333
111	3	33	1	0	564.000	0.8333
111	3	34	1	0	564.000	0.8333
111	3	35	1	0	564.000	0.8333
111	3	36	1	0	564.000	0.8333
111	3	37	1	0	564.000	0.8333
111	3	38	1	0	564.000	0.8333
111	3	39	1	0	564.000	0.8333
111	3	40	1	0	564.000	0.8333
111	3	41	1	0	564.000	0.8333
111	3	42	1	0	564.000	0.8333
111	3	43	1	0	564.000	0.8333
111	3	44	1	0	564.000	0.8333
111	3	45	1	0	564.000	0.8333
111	3	46	1	0	564.000	0.8333
111	3	47	1	0	564.000	0.8333
111	3	48	1	0	564.000	0.8333
111	3	49	1	0	564.000	0.8333
111	3	50	1	0	564.000	0.8333
111	3	51	1	0	564.000	0.8333
111	3	52	1	0	564.000	0.8333
111	3	53	1	0	564.000	0.8333
111	3	54	1	0	564.000	0.8333
111	3	55	1	0	564.000	0.8333
111	3	56	1	0	564.000	0.8333
111	3	57	1	0	564.000	0.8333
111	3	58	1	0	564.000	0.8333
111	3	59	1	0	564.000	0.8333
111	3	60	1	0	564.000	0.8333
111	3	61	1	0	564.000	0.8333
111	3	62	1	0	564.000	0.8333
111	3	63	1	0	564.000	0.8333
111	3	64	1	0	564.000	0.8333
111	3	65	1	0	564.000	0.8333
111	3	66	1	0	564.000	0.8333
111	3	67	1	0	564.000	0.8333
111	3	68	1	0	564.000	0.8333
111	3	69	1	0	564.000	0.8333
111	3	70	1	0	564.000	0.8333
111	3	71	1	0	564.000	0.8333
111	3	72	1	0	564.000	0.8333
111	3	73	1	0	564.000	0.8333
111	3	74	1	0	564.000	0.8333
111	3	75	1	0	564.000	0.8333
111	3	76	1	0	564.000	0.8333
111	3	77	1	0	564.000	0.8333
111	3	78	1	0	564.000	0.8333
111	3	79	1	0	564.000	0.8333
111	3	80	1	0	564.000	0.8333
111	3	81	1	0	564.000	0.8333
111	3	82	1	0	564.000	0.8333
111	3	83	1	0	564.000	0.8333
111	3	84	1	0	564.000	0.8333
111	3	85	1	0	564.000	0.8333
111	3	86	1	0	564.000	0.8333
111	3	87	1	0	564.000	0.8333
111	3	88	1	0	564.000	0.8333
111	3	89	1	0	564.000	0.8333
111	3	90	1	0	564.000	0.8333
111	3	91	1	0	564.000	0.8333
111	3	92	1	0	564.000	0.8333
111	3	93	1	0	564.000	0.8333
111	3	94	1	0	564.000	0.8333
111	3	95	1	0	564.000	0.8333
111	3	96	1	0	564.000	0.8333
111	3	97	1	0	564.000	0.8333
111	3	98	1	0	564.000	0.8333
111	3	99	1	0	564.000	0.8333
111	3	100	1	0	564.000	0.8333
111	3	101	1	0	564.000	0.8333
111	3	102	1	0	564.000	0.8333
111	3	103	1	0	564.000	0.8333
111	3	104	1	0	564.000	0.8333
111	3	105	1	0	564.000	0.8333
111	3	106	1	0	564.000	0.8333
111	3	107	1	0	564.000	0.8333
111	3	108	1	0	564.000	0.8333
111	3	109	1	0	564.000	0.8333
111	3	110	1	0	564.000	0.8333
111	3	111	1	0	564.000	0.8333
111	3	112	1	0	564.000	0.8333
111	3	113	1	0	564.000	0.8333
111	3	114	1	0	564.000	0.8333
111	3	115	1	0	564.000	0.8333
111	3	116	1	0	564.000	0.8333
111	3	117	1	0	564.000	0.8333
111	3	118	1	0	564.000	0.8333
111	3	119	1	0	564.000	0.8333
111	3	120	1	0	564.000	0.8333
111	3	121	1	0	564.000	0.8333
111	3	122	1	0	564.000	0.8333
111	3	123	1	0	564.000	0.8333
111	3	124	1	0	564.000	0.8333
111	3	125	1	0	564.000	0.8333
111	3	126	1	0	564.000	0.8333
111	3	127	1	0	564.000	0.8333
111	3	128	1	0	564.000	0.8333
111	3	129	1	0	564.000	0.8333
111	3	130	1	0	564.000	0.8333
111	3	131	1	0	564.000	0.8333
111	3	132	1	0	564.000	0.8333
111	3	133	1	0	564.000	0.8333
111	3	134	1	0	564.000	0.8333
111	3	135	1	0	564.000	0.8333
111	3	136	1	0	564.000	0.8333
111	3	137	1	0	564.000	0.8333
111	3	138	1	0	564.000	0.8333
111	3	139	1	0	564.000	0.8333
111	3	140	1	0	564.000	0.8333
111	3	141	1	0	564.000	0.8333
111	3	142	1	0	564.000	0.8333
111	3	143	1	0	564.000	0.8333
111	3	144	1	0	564.000	0.8333
111	3	145	1	0	564.000	0.8333
111	3	146	1	0	564.000	0.8333
111	3	147	1	0	564.000	0.8333
111	3	148	1	0	564.000	0.8333
111	3	149	1	0	564.000	0.8333
111	3	150	1	0	564.000	0.8333
111	3	151	1	0	564.000	0.8333
111	3	152	1	0	564.000	0.8333
111	3	153	1	0	564.000	0.8333
111	3	154	1	0	564.000	0.8333
111	3	155	1	0	564.000	0.8333
111	3	156	1	0	564.000	0.8333
111	3	157	1	0	564.000	0.8333
111	3	158	1	0	564.000	0.8333
111	3	159	1	0	564.000	0.8333
111	3	160	1	0	564.000	0.8333
111	3	161	1	0	564.000	0.8333
111	3	162	1	0	564.000	0.8333
111	3	163	1	0	564.000	0.8333
111	3	164	1	0	564.000	0.8333
111	3	165	1	0	564.000	0.8333
111	3	166	1	0	564.000	0.8333
111	3	167	1	0	564.000	0.8333
111	3	168	1	0	564.000	0.8333
111	3	169	1	0	564.000	0.8333
111	3	170	1	0	564.000	0.8333
111	3	171	1	0	564.000	0.8333
111	3	172	1	0	564.000	0.8333
111	3	173	1	0	564.000	0.8333
111	3	174	1	0	564.000	0.8333
111	3	175	1	0	564.000	0.8333
111	3	176	1	0	564.000	0.8333
111	3	177	1	0	564.000	0.8333
111	3	178	1	0	564.000	0.8333
111	3	179	1	0	564.000	0.8333
111	3	180	1	0	564.000	0.8333
111	3	181	1	0	564.000	0.8333
111	3	182	1	0	564.000	0.8333
111	3	183	1	0	564.000	0.8333
111	3	184	1	0	564.000	0.8333
111	3	185	1	0	564.000	0.8333
111	3	186	1	0	564.000	0.8333
111	3	187	1	0	564.000	0.8333
111	3	188	1	0	564.000	0.8333
111	3	189	1	0	564.000	0.8333
111	3	190	1	0	564.000	0.8333
111	3	191	1	0	564.000	0.8333
111	3	192	1	0	564.000	0.8333
111	3	193	1	0	564.000	0.8333
111	3	194	1	0	564.000	0.8333
111	3	195	1	0	564.000	0.8333
111	3	196	1	0	564.000	0.8333
111	3	197	1	0	564.000	0.8333
111	3	198	1	0	564.000	0.8333
111	3	199	1	0	564.000	0.8333
111	3	200	1	0	564.000	0.8333
111	3	201	1	0	564.000	0.8333
111	3	202	1	0	564.000	0.8333
111	3	203	1	0	564.000	0.8333
111	3	204	1	0	564.000	0.8333
111	3	205	1	0	564.000	0.8333
111	3	206	1	0	564.000	0.8333
111	3	207	1	0	564.000	0.8333
111	3	208	1	0	564.000	0.8333
111	3	209	1	0	564.000	0.8333
111	3	210	1	0	564.000	0.8333
111	3	211	1	0	564.000	0.8333
111	3	212	1	0	564.000	0.8333
111	3	213	1	0	564.000	0.8333
111	3	214	1	0	564.000	0.8333
111	3	215	1	0	564.000	0.8333
111	3	216	1	0	564.000	0.8333
111	3	217	1	0	564.000	0.8333
111	3	218	1	0	564.000	0.8333
111	3	219	1	0	564.000	0.8333
111	3	220	1	0	564.000	0.8333
111	3	221	1	0	564.000	0.8333
111	3	222	1	0	564.000	0.8333
111	3	223	1	0	564.000	0.8333
111	3	224	1	0	564.000	0.8333
111	3	225	1	0	564.000	0.8333
111	3	226	1	0	564.000	0.8333
111	3	227	1	0	564.000	0.8333
111	3	228	1	0	564.000	0.8333
111	3	229	1	0	564.000	0.8333
111	3	230	1	0	564.000	0.8333
111	3	231	1	0	564.000	0.8333
111	3	232	1	0	564.000	0.8333
111	3	233	1	0	564.000	0.8333
111	3	234	1	0	564.000	0.8333
111	3	235	1	0	564.000	0.8333
111	3	236	1	0	564.000	0.8333
111	3	237	1	0	564.000	0.8333
111	3	238	1	0	564.000	0.8333
111	3	239	1	0	564.000	0.8333
111	3	240	1	0	564.000	0.8333
111	3	241	1	0	564.000	0.8333
111	3	242	1	0	564.000	0.8333
111	3	243	1	0	564.000	0.8333
111	3	244	1	0	564.000	0.8333
111	3	245	1	0	564.000	0.8333
111	3	246	1	0	564.000	0.8333
111	3	247	1	0	564.000	0.8333
111	3	248	1	0	564.000	0.8333
111	3	249	1	0	564.000	0.8333
111	3	250	1	0	564.000	0.8333
111	3	251	1	0	564.000	0.8333
111	3	252	1	0	564.000	0.8333
111	3	253	1	0	564.000	0.8333
111	3	254	1	0	564.000	0.8333
111	3	255	1	0	564.000	0.8333
#########################################################
# SSDT Adc (Dummy)                                      #
#########################################################
24	0	0	0	0	100.00	700.00
24	0	1	0	0	100.00	700.00
24	0	2	0	0	100.00	700.00
24	0	3	0	0	100.00	700.00
24	0	4	0	0	100.00	700.00
#########################################################
# SSDT Tdc                                              #
#########################################################
24	0	0	1	0	1200.00	0.035
24	0	1	1	0	2700.00	0.035
24	0	2	1	0	2700.00	0.035
24	0	3	1	0	2700.00	0.035
24	0	4	1	0	2700.00	0.035
