##
#  file: HodoParam_0
#  date: 2017.04.18
#  note: first version of E07-Phase2
#
#
#######################################################################
# CId   PlId    SegId   AorT    UorD    p0      p1
#
#########################################################
# BH1 Adc Up                                            #
#########################################################
1	0	0	0	0	78.2323	371.637
1	0	1	0	0	65.8965	416.851
1	0	2	0	0	125.36 	387.433
1	0	3	0	0	96.7696	255.424
1	0	4	0	0	124.354	299.521
1	0	5	0	0	94.6595	283.755
1	0	6	0	0	114.295	292.017
1	0	7	0	0	108.63 	232.584
1	0	8	0	0	142.743	369.845
1	0	9	0	0	116.632	477.882
1	0	10	0	0	78.5211	445.207
#########################################################
# BH1 Adc Down                                          #
#########################################################
1	0	0	0	1	107.589 434.099
1	0	1	0	1	77.4497	411.649
1	0	2	0	1	89.6891	336.943
1	0	3	0	1	100.014	339.987
1	0	4	0	1	148.174	196.876
1	0	5	0	1	109.796	290.88 
1	0	6	0	1	100.784	281.512
1	0	7	0	1	115.068	206.226
1	0	8	0	1	74.7132	457.552
1	0	9	0	1	93.944 	360.952
1	0	10	0	1	114.398	406.504
#########################################################
# BH1 Tdc Up                                            #
#########################################################
1	0	0	1	0	510865  -0.0009390020
1	0	1	1	0	513805	-0.0009390020
1	0	2	1	0	513404	-0.0009390020
1	0	3	1	0	512320	-0.0009390020
1	0	4	1	0	514200	-0.0009390020
1	0	5	1	0	514231	-0.0009390020
1	0	6	1	0	514300	-0.0009390020
1	0	7	1	0	512595	-0.0009390020
1	0	8	1	0	514831	-0.0009390020
1	0	9	1	0	514543	-0.0009390020
1	0	10	1	0	514504	-0.0009390020
#########################################################
# BH1 Tdc Down                                          #
#########################################################
1	0	0	1	1	512251	-0.0009390020
1	0	1	1	1	514227	-0.0009390020
1	0	2	1	1	513977	-0.0009390020
1	0	3	1	1	513437	-0.0009390020
1	0	4	1	1	514219	-0.0009390020
1	0	5	1	1	514487	-0.0009390020
1	0	6	1	1	514793	-0.0009390020
1	0	7	1	1	513511	-0.0009390020
1	0	8	1	1	515132	-0.0009390020
1	0	9	1	1	514588	-0.0009390020
1	0	10	1	1	514545	-0.0009390020
#########################################################
# BH2 Adc                                               #
#########################################################
2	0	0	0	0	174.238280	553.889
2	0	1	0	0	163.003312	716.557
2	0	2	0	0	85.638984	582.008
2	0	3	0	0	88.428233	497.816
2	0	4	0	0	119.589467	653.565
#########################################################
# BH2 Tdc                                               #
#########################################################
2	0	0	1	0	306798	-0.0009390020
2	0	1	1	0	308165	-0.0009390020
2	0	2	1	0	307171	-0.0009390020
2	0	3	1	0	307629	-0.0009390020
2	0	4	1	0	307865	-0.0009390020
#########################################################
# BH2 cable offset                                      #
#########################################################
2	0	0	1	2	-0.930264	1.0000000000
2	0	1	1	2	-1.32957	1.0000000000
2	0	2	1	2	-1.18372	1.0000000000
2	0	3	1	2	-1.12216	1.0000000000
2	0	4	1	2	-1.63109	1.0000000000
#########################################################
# BAC Adc                                               #
#########################################################
3	0	0	0	0	100	500
3	0	1	0	0	100	500
#########################################################
# BAC Tdc                                               #
#########################################################
3	0	0	1	0	1000  -0.8333
3	0	1	1	0	1000  -0.8333
#########################################################
# PVAC Adc                                               #
#########################################################
4	0	0	0	0	100	500
#########################################################
# PVAC Tdc                                               #
#########################################################
4	0	0	1	0	1000  -0.8333
#########################################################
# FAC Adc                                               #
#########################################################
5	0	0	0	0	100	500
#########################################################
# FAC Tdc                                               #
#########################################################
5	0	0	1	0	1000  -0.8333
#########################################################
# SCH Tdc                                               #
#########################################################
6	0	0	1	0	467.47	-1
6	0	1	1	0	467.329	-1
6	0	2	1	0	465.277	-1
6	0	3	1	0	464.983	-1
6	0	4	1	0	465.993	-1
6	0	5	1	0	465.364	-1
6	0	6	1	0	466.187	-1
6	0	7	1	0	466.662	-1
6	0	8	1	0	466.948	-1
6	0	9	1	0	465.215	-1
6	0	10	1	0	464.829	-1
6	0	11	1	0	461.973	-1
6	0	12	1	0	461.823	-1
6	0	13	1	0	462.474	-1
6	0	14	1	0	463.607	-1
6	0	15	1	0	466.058	-1
6	0	16	1	0	469.348	-1
6	0	17	1	0	468.081	-1
6	0	18	1	0	467.999	-1
6	0	19	1	0	467.935	-1
6	0	20	1	0	468.027	-1
6	0	21	1	0	467.938	-1
6	0	22	1	0	470.028	-1
6	0	23	1	0	469.625	-1
6	0	24	1	0	469.059	-1
6	0	25	1	0	469.543	-1
6	0	26	1	0	469.668	-1
6	0	27	1	0	467.758	-1
6	0	28	1	0	467.901	-1
6	0	29	1	0	468.532	-1
6	0	30	1	0	467.123	-1
6	0	31	1	0	465.878	-1
6	0	32	1	0	468.702	-1
6	0	33	1	0	468.511	-1
6	0	34	1	0	468.178	-1
6	0	35	1	0	469.18	-1
6	0	36	1	0	468.586	-1
6	0	37	1	0	468.343	-1
6	0	38	1	0	470.475	-1
6	0	39	1	0	470.733	-1
6	0	40	1	0	470.544	-1
6	0	41	1	0	471.158	-1
6	0	42	1	0	470.378	-1
6	0	43	1	0	468.918	-1
6	0	44	1	0	467.694	-1
6	0	45	1	0	467.895	-1
6	0	46	1	0	467.4	-1
6	0	47	1	0	466.796	-1
6	0	48	1	0	468.048	-1
6	0	49	1	0	467.226	-1
6	0	50	1	0	466.998	-1
6	0	51	1	0	466.765	-1
6	0	52	1	0	466.763	-1
6	0	53	1	0	467.578	-1
6	0	54	1	0	468.42	-1
6	0	55	1	0	469.34	-1
6	0	56	1	0	469.715	-1
6	0	57	1	0	467.021	-1
6	0	58	1	0	469.321	-1
6	0	59	1	0	468.055	-1
6	0	60	1	0	467.157	-1
6	0	61	1	0	467.464	-1
6	0	62	1	0	468.546	-1
6	0	63	1	0	465.261	-1
#########################################################
# TOF Adc Up                                            #
#########################################################
7	0	0	0	0	136.157	782.783
7	0	1	0	0	139.706	736.602
7	0	2	0	0	152.152	818.246
7	0	3	0	0	117.679	742.136
7	0	4	0	0	147.449	634.048
7	0	5	0	0	143.414	742.231
7	0	6	0	0	140.276	860.774
7	0	7	0	0	123.19 	886.994
7	0	8	0	0	128.763	789.157
7	0	9	0	0	111.861	491.891
7	0	10	0	0	138.229	663.208
7	0	11	0	0	146.098	699.281
7	0	12	0	0	145.69 	578.718
7	0	13	0	0	120.449	527.972
7	0	14	0	0	131.178	656.229
7	0	15	0	0	111.082	617.647
7	0	16	0	0	118.765	727.337
7	0	17	0	0	114.751	652.967
7	0	18	0	0	130.765	577.995
7	0	19	0	0	104.935	596.54 
7	0	20	0	0	143.983	552.735
7	0	21	0	0	97.647 	604.312
7	0	22	0	0	113.34 	826.279
7	0	23	0	0	142.880	701.268
#########################################################
# TOF Adc Down                                          #
#########################################################
7	0	0	0	1	123.232 755.142
7	0	1	0	1	139.192 763.31 
7	0	2	0	1	95.427 	794.832
7	0	3	0	1	127.289	864.75 
7	0	4	0	1	114.603	751.852
7	0	5	0	1	123.999	939.864
7	0	6	0	1	111.354	848.633
7	0	7	0	1	125.757	814.543
7	0	8	0	1	105.599	718.752
7	0	9	0	1	112.543	666.245
7	0	10	0	1	128.412	580.469
7	0	11	0	1	119.164	713.161
7	0	12	0	1	101.94 	696.469
7	0	13	0	1	149.778	690.59 
7	0	14	0	1	108.103	638.502
7	0	15	0	1	137.141	669.503
7	0	16	0	1	113.171	635.023
7	0	17	0	1	130.408	745.235
7	0	18	0	1	136.86 	671.335
7	0	19	0	1	108.846	616.546
7	0	20	0	1	121.855	657.132
7	0	21	0	1	103.861	583.848
7	0	22	0	1	108.231	736.708
7	0	23	0	1	128.304	602.123
#########################################################
# TOF Tdc Up                                            #
#########################################################
7	0	0	1	0	329965.189	-0.0009390020
7	0	1	1	0	329369.194	-0.0009390020
7	0	2	1	0	327061.835	-0.0009390020
7	0	3	1	0	325595.919	-0.0009390020
7	0	4	1	0	323951.298	-0.0009390020
7	0	5	1	0	325180.67 	-0.0009390020
7	0	6	1	0	330017.332	-0.0009390020
7	0	7	1	0	325059.045	-0.0009390020
7	0	8	1	0	329427.359	-0.0009390020
7	0	9	1	0	325167.953	-0.0009390020
7	0	10	1	0	325825.412	-0.0009390020
7	0	11	1	0	324385.272	-0.0009390020
7	0	12	1	0	324490.605	-0.0009390020
7	0	13	1	0	325911.183	-0.0009390020
7	0	14	1	0	325125.801	-0.0009390020
7	0	15	1	0	324210.62 	-0.0009390020
7	0	16	1	0	325249.511	-0.0009390020
7	0	17	1	0	326307.908	-0.0009390020
7	0	18	1	0	324616.248	-0.0009390020
7	0	19	1	0	325503.819	-0.0009390020
7	0	20	1	0	327601.919	-0.0009390020
7	0	21	1	0	325594.762	-0.0009390020
7	0	22	1	0	328858.056	-0.0009390020
7	0	23	1	0	326480.848	-0.0009390020
#########################################################
# TOF Tdc Down                                          #
#########################################################
7	0	0	1	1	329953.375	-0.0009390020
7	0	1	1	1	329628.413	-0.0009390020
7	0	2	1	1	327437.556	-0.0009390020
7	0	3	1	1	324062.225	-0.0009390020
7	0	4	1	1	325251.493	-0.0009390020
7	0	5	1	1	325192.989	-0.0009390020
7	0	6	1	1	328038.274	-0.0009390020
7	0	7	1	1	324193.097	-0.0009390020
7	0	8	1	1	331405.63 	-0.0009390020
7	0	9	1	1	326489.393	-0.0009390020
7	0	10	1	1	326027.013	-0.0009390020
7	0	11	1	1	325710.61 	-0.0009390020
7	0	12	1	1	326740.547	-0.0009390020
7	0	13	1	1	324983.319	-0.0009390020
7	0	14	1	1	325817.106	-0.0009390020
7	0	15	1	1	323974.21 	-0.0009390020
7	0	16	1	1	326574.554	-0.0009390020
7	0	17	1	1	327303.108	-0.0009390020
7	0	18	1	1	326040.565	-0.0009390020
7	0	19	1	1	326359.467	-0.0009390020
7	0	20	1	1	328329.051	-0.0009390020
7	0	21	1	1	327874.233	-0.0009390020
7	0	22	1	1	326021.301	-0.0009390020
7	0	23	1	1	327374.096	-0.0009390020
######################################################
### VTOF
######################################################
7	0	0	1	2	3.4	-1
7	0	1	1	2	3.4	-1
7	0	2	1	2	3.4	-1
7	0	3	1	2	3.4	-1
7	0	4	1	2	3.4	-1
7	0	5	1	2	3.4	-1
7	0	6	1	2	3.4	-1
7	0	7	1	2	3.4	-1
7	0	8	1	2	3.4	-1
7	0	9	1	2	3.4	-1
7	0	10	1	2	3.4	-1
7	0	11	1	2	3.4	-1
7	0	12	1	2	3.4	-1
7	0	13	1	2	3.4	-1
7	0	14	1	2	3.4	-1
7	0	15	1	2	3.4	-1
7	0	16	1	2	3.4	-1
7	0	17	1	2	3.4	-1
7	0	18	1	2	3.4	-1
7	0	19	1	2	3.4	-1
7	0	20	1	2	3.4	-1
7	0	21	1	2	3.4	-1
7	0	22	1	2	3.4	-1
7	0	23	1	2	3.4	-1
#########################################################
# WC Adc Up                                             #
#########################################################
13	0	0	0	0	136.157	782.783
13	0	1	0	0	139.706	736.602
13	0	2	0	0	152.152	818.246
13	0	3	0	0	117.679	742.136
13	0	4	0	0	147.449	634.048
13	0	5	0	0	143.414	742.231
13	0	6	0	0	140.276	860.774
13	0	7	0	0	123.19 	886.994
13	0	8	0	0	128.763	789.157
13	0	9	0	0	111.861	491.891
13	0	10	0	0	138.229	663.208
13	0	11	0	0	146.098	699.281
13	0	12	0	0	145.69 	578.718
13	0	13	0	0	120.449	527.972
13	0	14	0	0	131.178	656.229
13	0	15	0	0	111.082	617.647
13	0	16	0	0	118.765	727.337
13	0	17	0	0	114.751	652.967
13	0	18	0	0	130.765	577.995
13	0	19	0	0	104.935	596.54 
#########################################################
# WC Adc Down                                           #
#########################################################
13	0	0	0	1	123.232 755.142
13	0	1	0	1	139.192 763.31 
13	0	2	0	1	95.427 	794.832
13	0	3	0	1	127.289	864.75 
13	0	4	0	1	114.603	751.852
13	0	5	0	1	123.999	939.864
13	0	6	0	1	111.354	848.633
13	0	7	0	1	125.757	814.543
13	0	8	0	1	105.599	718.752
13	0	9	0	1	112.543	666.245
13	0	10	0	1	128.412	580.469
13	0	11	0	1	119.164	713.161
13	0	12	0	1	101.94 	696.469
13	0	13	0	1	149.778	690.59 
13	0	14	0	1	108.103	638.502
13	0	15	0	1	137.141	669.503
13	0	16	0	1	113.171	635.023
13	0	17	0	1	130.408	745.235
13	0	18	0	1	136.86 	671.335
13	0	19	0	1	108.846	616.546
13	0	20	0	1	121.855	657.132
13	0	21	0	1	103.861	583.848
13	0	22	0	1	108.231	736.708
13	0	23	0	1	128.304	602.123
#########################################################
# WC Tdc Up                                             #
#########################################################
13	0	0	1	0	329965.189	-0.0009390020
13	0	1	1	0	329369.194	-0.0009390020
13	0	2	1	0	327061.835	-0.0009390020
13	0	3	1	0	325595.919	-0.0009390020
13	0	4	1	0	323951.298	-0.0009390020
13	0	5	1	0	325180.67 	-0.0009390020
13	0	6	1	0	330017.332	-0.0009390020
13	0	7	1	0	325059.045	-0.0009390020
13	0	8	1	0	329427.359	-0.0009390020
13	0	9	1	0	325167.953	-0.0009390020
13	0	10	1	0	325825.412	-0.0009390020
13	0	11	1	0	324385.272	-0.0009390020
13	0	12	1	0	324490.605	-0.0009390020
13	0	13	1	0	325911.183	-0.0009390020
13	0	14	1	0	325125.801	-0.0009390020
13	0	15	1	0	324210.62 	-0.0009390020
13	0	16	1	0	325249.511	-0.0009390020
13	0	17	1	0	326307.908	-0.0009390020
13	0	18	1	0	324616.248	-0.0009390020
13	0	19	1	0	325503.819	-0.0009390020
13	0	20	1	0	327601.919	-0.0009390020
13	0	21	1	0	325594.762	-0.0009390020
13	0	22	1	0	328858.056	-0.0009390020
13	0	23	1	0	326480.848	-0.0009390020
#########################################################
# WC Tdc Down                                           #
#########################################################
13	0	0	1	1	329953.375	-0.0009390020
13	0	1	1	1	329628.413	-0.0009390020
13	0	2	1	1	327437.556	-0.0009390020
13	0	3	1	1	324062.225	-0.0009390020
13	0	4	1	1	325251.493	-0.0009390020
13	0	5	1	1	325192.989	-0.0009390020
13	0	6	1	1	328038.274	-0.0009390020
13	0	7	1	1	324193.097	-0.0009390020
13	0	8	1	1	331405.63 	-0.0009390020
13	0	9	1	1	326489.393	-0.0009390020
13	0	10	1	1	326027.013	-0.0009390020
13	0	11	1	1	325710.61 	-0.0009390020
13	0	12	1	1	326740.547	-0.0009390020
13	0	13	1	1	324983.319	-0.0009390020
13	0	14	1	1	325817.106	-0.0009390020
13	0	15	1	1	323974.21 	-0.0009390020
13	0	16	1	1	326574.554	-0.0009390020
13	0	17	1	1	327303.108	-0.0009390020
13	0	18	1	1	326040.565	-0.0009390020
13	0	19	1	1	326359.467	-0.0009390020
13	0	20	1	1	328329.051	-0.0009390020
13	0	21	1	1	327874.233	-0.0009390020
13	0	22	1	1	326021.301	-0.0009390020
13	0	23	1	1	327374.096	-0.0009390020
#########################################################
# BFT-U Tdc                                             #
#########################################################
110	0	0	1	0	636.78	-1
110	0	1	1	0	638.235	-1
110	0	2	1	0	635.757	-1
110	0	3	1	0	639.246	-1
110	0	4	1	0	636.344	-1
110	0	5	1	0	638.778	-1
110	0	6	1	0	636.89	-1
110	0	7	1	0	639.972	-1
110	0	8	1	0	636.501	-1
110	0	9	1	0	639.569	-1
110	0	10	1	0	637.004	-1
110	0	11	1	0	640.168	-1
110	0	12	1	0	636.371	-1
110	0	13	1	0	640.297	-1
110	0	14	1	0	637.065	-1
110	0	15	1	0	640.082	-1
110	0	16	1	0	637.639	-1
110	0	17	1	0	640.583	-1
110	0	18	1	0	636.893	-1
110	0	19	1	0	637.408	-1
110	0	20	1	0	637.795	-1
110	0	21	1	0	640.723	-1
110	0	22	1	0	636.764	-1
110	0	23	1	0	639.211	-1
110	0	24	1	0	638.492	-1
110	0	25	1	0	640.868	-1
110	0	26	1	0	637.246	-1
110	0	27	1	0	639.082	-1
110	0	28	1	0	637.176	-1
110	0	29	1	0	640.634	-1
110	0	30	1	0	636.965	-1
110	0	31	1	0	639.67	-1
110	0	32	1	0	637.854	-1
110	0	33	1	0	637.824	-1
110	0	34	1	0	636.893	-1
110	0	35	1	0	639.507	-1
110	0	36	1	0	637.552	-1
110	0	37	1	0	641.047	-1
110	0	38	1	0	636.482	-1
110	0	39	1	0	638.909	-1
110	0	40	1	0	636.476	-1
110	0	41	1	0	640.033	-1
110	0	42	1	0	636.233	-1
110	0	43	1	0	639.686	-1
110	0	44	1	0	636.529	-1
110	0	45	1	0	640.026	-1
110	0	46	1	0	636.037	-1
110	0	47	1	0	639.864	-1
110	0	48	1	0	637.027	-1
110	0	49	1	0	640.917	-1
110	0	50	1	0	636.709	-1
110	0	51	1	0	638.847	-1
110	0	52	1	0	637.034	-1
110	0	53	1	0	639.433	-1
110	0	54	1	0	636.16	-1
110	0	55	1	0	638.999	-1
110	0	56	1	0	637.216	-1
110	0	57	1	0	640.27	-1
110	0	58	1	0	636.907	-1
110	0	59	1	0	639.885	-1
110	0	60	1	0	635.666	-1
110	0	61	1	0	638.42	-1
110	0	62	1	0	635.715	-1
110	0	63	1	0	639.026	-1
110	0	64	1	0	634.723	-1
110	0	65	1	0	636.086	-1
110	0	66	1	0	636.107	-1
110	0	67	1	0	636.129	-1
110	0	68	1	0	635.36	-1
110	0	69	1	0	636.801	-1
110	0	70	1	0	635.117	-1
110	0	71	1	0	637.161	-1
110	0	72	1	0	635.107	-1
110	0	73	1	0	636.71	-1
110	0	74	1	0	636.413	-1
110	0	75	1	0	637.382	-1
110	0	76	1	0	635.9	-1
110	0	77	1	0	637.156	-1
110	0	78	1	0	635.923	-1
110	0	79	1	0	637.061	-1
110	0	80	1	0	637.1	-1
110	0	81	1	0	638.217	-1
110	0	82	1	0	636.687	-1
110	0	83	1	0	637.599	-1
110	0	84	1	0	637.004	-1
110	0	85	1	0	637.942	-1
110	0	86	1	0	635.85	-1
110	0	87	1	0	637.426	-1
110	0	88	1	0	637.262	-1
110	0	89	1	0	638.23	-1
110	0	90	1	0	635.829	-1
110	0	91	1	0	636.898	-1
110	0	92	1	0	638.038	-1
110	0	93	1	0	638.543	-1
110	0	94	1	0	636.3	-1
110	0	95	1	0	637.32	-1
110	0	96	1	0	636.998	-1
110	0	97	1	0	638.059	-1
110	0	98	1	0	635.941	-1
110	0	99	1	0	636.944	-1
110	0	100	1	0	637.548	-1
110	0	101	1	0	638.105	-1
110	0	102	1	0	636.187	-1
110	0	103	1	0	636.658	-1
110	0	104	1	0	636.029	-1
110	0	105	1	0	637.49	-1
110	0	106	1	0	636.103	-1
110	0	107	1	0	636.882	-1
110	0	108	1	0	636.452	-1
110	0	109	1	0	637.723	-1
110	0	110	1	0	635.364	-1
110	0	111	1	0	636.763	-1
110	0	112	1	0	637.243	-1
110	0	113	1	0	638.713	-1
110	0	114	1	0	636.87	-1
110	0	115	1	0	636.612	-1
110	0	116	1	0	636.965	-1
110	0	117	1	0	638.091	-1
110	0	118	1	0	635.559	-1
110	0	119	1	0	636.29	-1
110	0	120	1	0	636.941	-1
110	0	121	1	0	637.12	-1
110	0	122	1	0	636.32	-1
110	0	123	1	0	636.684	-1
110	0	124	1	0	636.779	-1
110	0	125	1	0	634.656	-1
110	0	126	1	0	635.616	-1
110	0	127	1	0	636.267	-1
110	0	128	1	0	636.664	-1
110	0	129	1	0	636.225	-1
110	0	130	1	0	635.03	-1
110	0	131	1	0	634.508	-1
110	0	132	1	0	637.339	-1
110	0	133	1	0	637.478	-1
110	0	134	1	0	634.816	-1
110	0	135	1	0	635.084	-1
110	0	136	1	0	636.229	-1
110	0	137	1	0	636.299	-1
110	0	138	1	0	635.9	-1
110	0	139	1	0	635.082	-1
110	0	140	1	0	636.514	-1
110	0	141	1	0	635.99	-1
110	0	142	1	0	636.032	-1
110	0	143	1	0	635.952	-1
110	0	144	1	0	637.426	-1
110	0	145	1	0	637.241	-1
110	0	146	1	0	636.619	-1
110	0	147	1	0	637.113	-1
110	0	148	1	0	636.379	-1
110	0	149	1	0	636.167	-1
110	0	150	1	0	636.735	-1
110	0	151	1	0	636.803	-1
110	0	152	1	0	636.408	-1
110	0	153	1	0	636.366	-1
110	0	154	1	0	636.708	-1
110	0	155	1	0	636.36	-1
110	0	156	1	0	635.755	-1
110	0	157	1	0	634.993	-1
110	0	158	1	0	636.913	-1
110	0	159	1	0	636.936	-1
#########################################################
# BFT-D Tdc                                             #
#########################################################
110	1	0	1	0	635.903	-1
110	1	1	1	0	636.515	-1
110	1	2	1	0	634.952	-1
110	1	3	1	0	637.432	-1
110	1	4	1	0	635.041	-1
110	1	5	1	0	637.195	-1
110	1	6	1	0	635.947	-1
110	1	7	1	0	637.175	-1
110	1	8	1	0	635.712	-1
110	1	9	1	0	637.652	-1
110	1	10	1	0	636.399	-1
110	1	11	1	0	638.323	-1
110	1	12	1	0	636.606	-1
110	1	13	1	0	637.629	-1
110	1	14	1	0	636.5	-1
110	1	15	1	0	637.734	-1
110	1	16	1	0	637.534	-1
110	1	17	1	0	638.15	-1
110	1	18	1	0	636.457	-1
110	1	19	1	0	638.419	-1
110	1	20	1	0	637.027	-1
110	1	21	1	0	638.523	-1
110	1	22	1	0	636.653	-1
110	1	23	1	0	637.696	-1
110	1	24	1	0	637.694	-1
110	1	25	1	0	638.559	-1
110	1	26	1	0	636.566	-1
110	1	27	1	0	638.345	-1
110	1	28	1	0	637.353	-1
110	1	29	1	0	638.546	-1
110	1	30	1	0	636.166	-1
110	1	31	1	0	637.2	-1
110	1	32	1	0	634.639	-1
110	1	33	1	0	636.452	-1
110	1	34	1	0	636.041	-1
110	1	35	1	0	638.029	-1
110	1	36	1	0	637.557	-1
110	1	37	1	0	637.291	-1
110	1	38	1	0	636.596	-1
110	1	39	1	0	637.366	-1
110	1	40	1	0	636.78	-1
110	1	41	1	0	637.938	-1
110	1	42	1	0	635.621	-1
110	1	43	1	0	637.363	-1
110	1	44	1	0	636.448	-1
110	1	45	1	0	637.608	-1
110	1	46	1	0	635.101	-1
110	1	47	1	0	637.831	-1
110	1	48	1	0	637.785	-1
110	1	49	1	0	638.551	-1
110	1	50	1	0	635.856	-1
110	1	51	1	0	637.108	-1
110	1	52	1	0	636.261	-1
110	1	53	1	0	637.568	-1
110	1	54	1	0	635.921	-1
110	1	55	1	0	637.003	-1
110	1	56	1	0	636.503	-1
110	1	57	1	0	638.024	-1
110	1	58	1	0	636.613	-1
110	1	59	1	0	637.765	-1
110	1	60	1	0	635.846	-1
110	1	61	1	0	637.351	-1
110	1	62	1	0	635.049	-1
110	1	63	1	0	636.831	-1
110	1	64	1	0	634.872	-1
110	1	65	1	0	635.616	-1
110	1	66	1	0	634.515	-1
110	1	67	1	0	635.157	-1
110	1	68	1	0	634.47	-1
110	1	69	1	0	635.691	-1
110	1	70	1	0	635.766	-1
110	1	71	1	0	636.813	-1
110	1	72	1	0	635.137	-1
110	1	73	1	0	636.673	-1
110	1	74	1	0	634.926	-1
110	1	75	1	0	636.874	-1
110	1	76	1	0	636.21	-1
110	1	77	1	0	636.954	-1
110	1	78	1	0	635.202	-1
110	1	79	1	0	636.656	-1
110	1	80	1	0	637.104	-1
110	1	81	1	0	637.304	-1
110	1	82	1	0	637.113	-1
110	1	83	1	0	637.005	-1
110	1	84	1	0	636.078	-1
110	1	85	1	0	636.945	-1
110	1	86	1	0	635.562	-1
110	1	87	1	0	635.728	-1
110	1	88	1	0	637.165	-1
110	1	89	1	0	637.22	-1
110	1	90	1	0	635.324	-1
110	1	91	1	0	636.485	-1
110	1	92	1	0	637.129	-1
110	1	93	1	0	637.94	-1
110	1	94	1	0	635.561	-1
110	1	95	1	0	636.396	-1
110	1	96	1	0	636.226	-1
110	1	97	1	0	637.612	-1
110	1	98	1	0	635.931	-1
110	1	99	1	0	636.251	-1
110	1	100	1	0	636.901	-1
110	1	101	1	0	637.331	-1
110	1	102	1	0	635.396	-1
110	1	103	1	0	636.185	-1
110	1	104	1	0	636.064	-1
110	1	105	1	0	636.719	-1
110	1	106	1	0	635.68	-1
110	1	107	1	0	635.709	-1
110	1	108	1	0	636.891	-1
110	1	109	1	0	636.563	-1
110	1	110	1	0	635.036	-1
110	1	111	1	0	636.91	-1
110	1	112	1	0	637.431	-1
110	1	113	1	0	638.163	-1
110	1	114	1	0	635.295	-1
110	1	115	1	0	636.226	-1
110	1	116	1	0	636.383	-1
110	1	117	1	0	637.041	-1
110	1	118	1	0	634.049	-1
110	1	119	1	0	636.127	-1
110	1	120	1	0	636.651	-1
110	1	121	1	0	637.198	-1
110	1	122	1	0	636.413	-1
110	1	123	1	0	637.125	-1
110	1	124	1	0	635.525	-1
110	1	125	1	0	636.157	-1
110	1	126	1	0	634.9	-1
110	1	127	1	0	636.185	-1
110	1	128	1	0	635.348	-1
110	1	129	1	0	635.263	-1
110	1	130	1	0	633.579	-1
110	1	131	1	0	634.271	-1
110	1	132	1	0	635.288	-1
110	1	133	1	0	635.415	-1
110	1	134	1	0	635.034	-1
110	1	135	1	0	634.636	-1
110	1	136	1	0	635.325	-1
110	1	137	1	0	634.977	-1
110	1	138	1	0	635.144	-1
110	1	139	1	0	635.861	-1
110	1	140	1	0	634.503	-1
110	1	141	1	0	634.485	-1
110	1	142	1	0	635.527	-1
110	1	143	1	0	636.4	-1
110	1	144	1	0	634.795	-1
110	1	145	1	0	635.138	-1
110	1	146	1	0	635.777	-1
110	1	147	1	0	635.68	-1
110	1	148	1	0	633.833	-1
110	1	149	1	0	635.081	-1
110	1	150	1	0	634.99	-1
110	1	151	1	0	635.285	-1
110	1	152	1	0	635.008	-1
110	1	153	1	0	635.37	-1
110	1	154	1	0	634.646	-1
110	1	155	1	0	635.242	-1
110	1	156	1	0	633.994	-1
110	1	157	1	0	634.529	-1
110	1	158	1	0	634.998	-1
110	1	159	1	0	635.775	-1
