##
#  file: HodoParam_0
#  date: 2017.04.18
#  note: first version of E07-Phase2
#
#
#######################################################################
# CId   PlId    SegId   AorT    UorD    p0      p1
#
#########################################################
# BH1 Adc Up                                            #
#########################################################
1	0	0	0	0	154.708	480.197
1	0	1	0	0	123.181	592.634
1	0	2	0	0	123.197	469.024
1	0	3	0	0	167.249	418.803
1	0	4	0	0	141.238	229.436
1	0	5	0	0	113.269	373.538
1	0	6	0	0	151.862	373.676
1	0	7	0	0	132.753	316.367
1	0	8	0	0	137.871	450.995
1	0	9	0	0	157.695	651.585
1	0	10	0	0	145.579	577.65
#########################################################
# BH1 Adc Down                                          #
#########################################################
1	0	0	0	1	123.979	501.901
1	0	1	0	1	109.803	527.369
1	0	2	0	1	86.5179	457.784
1	0	3	0	1	139.326	471.846
1	0	4	0	1	138.182	370.892
1	0	5	0	1	126.023	383.428
1	0	6	0	1	150.854	419.31
1	0	7	0	1	154.408	281.666
1	0	8	0	1	99.8837	593.435
1	0	9	0	1	125.234	468.78
1	0	10	0	1	129.395	471.492
#########################################################
# BH1 Tdc Up                                            #
#########################################################
1	0	0	1	0	243841	-0.000939002
1	0	1	1	0	245827	-0.000939002
1	0	2	1	0	245612	-0.000939002
1	0	3	1	0	244344	-0.000939002
1	0	4	1	0	246195	-0.000939002
1	0	5	1	0	246754	-0.000939002
1	0	6	1	0	247206	-0.000939002
1	0	7	1	0	244530	-0.000939002
1	0	8	1	0	247292	-0.000939002
1	0	9	1	0	243671	-0.000939002
1	0	10	1	0	245962	-0.000939002
#########################################################
# BH1 Tdc Down                                          #
#########################################################
1	0	0	1	1	245556	-0.000939002
1	0	1	1	1	245793	-0.000939002
1	0	2	1	1	246027	-0.000939002
1	0	3	1	1	244770	-0.000939002
1	0	4	1	1	246376	-0.000939002
1	0	5	1	1	246082	-0.000939002
1	0	6	1	1	246021	-0.000939002
1	0	7	1	1	244590	-0.000939002
1	0	8	1	1	246304	-0.000939002
1	0	9	1	1	244605	-0.000939002
1	0	10	1	1	246564	-0.000939002
#########################################################
# BH2 Adc Up                                            #
#########################################################
2	0	0	0	0	93.3066	300.554
2	0	1	0	0	123.013	283.857
2	0	2	0	0	124.186	430.573
2	0	3	0	0	125.228	325.944
2	0	4	0	0	115.489	273.602
2	0	5	0	0	124.84	304.223
2	0	6	0	0	119.677	282.299
2	0	7	0	0	119.651	299.128
#########################################################
# BH2 Adc Down                                          #
#########################################################
2	0	0	0	1	102.064	317.455
2	0	1	0	1	124.666	299.18
2	0	2	0	1	95.668	285.226
2	0	3	0	1	126.376	311.458
2	0	4	0	1	123.093	282.109
2	0	5	0	1	102.184	272.893
2	0	6	0	1	110.316	288.964
2	0	7	0	1	121.982	266.659
#########################################################
# BH2 Tdc Up                                            #
#########################################################
2	0	0	1	0	98684.8	-0.000939002
2	0	1	1	0	100012	-0.000939002
2	0	2	1	0	99079.1	-0.000939002
2	0	3	1	0	100350	-0.000939002
2	0	4	1	0	101375	-0.000939002
2	0	5	1	0	100439	-0.000939002
2	0	6	1	0	101377	-0.000939002
2	0	7	1	0	97589.4	-0.000939002
#########################################################
# BH2 Tdc Down                                          #
#########################################################
2	0	0	1	1	98640.4	-0.000939002
2	0	1	1	1	103406	-0.000939002
2	0	2	1	1	101175	-0.000939002
2	0	3	1	1	100642	-0.000939002
2	0	4	1	1	98920.8	-0.000939002
2	0	5	1	1	99535.2	-0.000939002
2	0	6	1	1	100328	-0.000939002
2	0	7	1	1	101061	-0.000939002
#########################################################
# BH2 cable offset                                      #
#########################################################
2	0	0	1	2	0.3748	1
2	0	1	1	2	-0.0671	1
2	0	2	1	2	-0.0349	1
2	0	3	1	2	-0.1083	1
2	0	4	1	2	0.188	1
2	0	5	1	2	0.1087	1
2	0	6	1	2	0.1648	1
2	0	7	1	2	-0.114	1
#########################################################
# SAC Adc                                               #
#########################################################
9	0	0	0	0	101.739	638.215
9	0	1	0	0	93.9614	552.732
9	0	2	0	0	49.0065	156.395
9	0	3	0	0	70.2059	316.826
#########################################################
# SAC Tdc                                               #
#########################################################
9	0	0	1	0	471.719	-0.8333
9	0	1	1	0	470.325	-0.8333
9	0	2	1	0	473.765	-0.8333
9	0	3	1	0	471.835	-0.8333
#########################################################
# SCH Tdc                                               #
#########################################################
7	0	0	1	0	467.719	-1
7	0	1	1	0	467.719	-1
7	0	2	1	0	467.719	-1
7	0	3	1	0	467.719	-1
7	0	4	1	0	467.719	-1
7	0	5	1	0	467.719	-1
7	0	6	1	0	467.719	-1
7	0	7	1	0	467.719	-1
7	0	8	1	0	467.719	-1
7	0	9	1	0	467.719	-1
7	0	10	1	0	467.719	-1
7	0	11	1	0	467.719	-1
7	0	12	1	0	467.719	-1
7	0	13	1	0	467.719	-1
7	0	14	1	0	467.719	-1
7	0	15	1	0	467.719	-1
7	0	16	1	0	467.719	-1
7	0	17	1	0	467.719	-1
7	0	18	1	0	467.719	-1
7	0	19	1	0	467.719	-1
7	0	20	1	0	467.719	-1
7	0	21	1	0	467.486	-1
7	0	22	1	0	469.857	-1
7	0	23	1	0	469.347	-1
7	0	24	1	0	469.441	-1
7	0	25	1	0	468.791	-1
7	0	26	1	0	468.881	-1
7	0	27	1	0	467.765	-1
7	0	28	1	0	467.447	-1
7	0	29	1	0	467.719	-1
7	0	30	1	0	466.673	-1
7	0	31	1	0	465.976	-1
7	0	32	1	0	469.045	-1
7	0	33	1	0	468.953	-1
7	0	34	1	0	469.436	-1
7	0	35	1	0	469.934	-1
7	0	36	1	0	469.547	-1
7	0	37	1	0	469.477	-1
7	0	38	1	0	471.532	-1
7	0	39	1	0	471.143	-1
7	0	40	1	0	471.217	-1
7	0	41	1	0	470.962	-1
7	0	42	1	0	471.29	-1
7	0	43	1	0	469.408	-1
7	0	44	1	0	468.74	-1
7	0	45	1	0	468.311	-1
7	0	46	1	0	468.161	-1
7	0	47	1	0	466.945	-1
7	0	48	1	0	468.107	-1
7	0	49	1	0	467.705	-1
7	0	50	1	0	468.199	-1
7	0	51	1	0	468.508	-1
7	0	52	1	0	468.209	-1
7	0	53	1	0	468.102	-1
7	0	54	1	0	470.101	-1
7	0	55	1	0	470.187	-1
7	0	56	1	0	470.253	-1
7	0	57	1	0	467.336	-1
7	0	58	1	0	470.056	-1
7	0	59	1	0	467.876	-1
7	0	60	1	0	467.796	-1
7	0	61	1	0	467.917	-1
7	0	62	1	0	469.031	-1
7	0	63	1	0	465.332	-1
#########################################################
# TOF Adc Up                                            #
#########################################################
8	0	0	0	0	115.182	1446.97
8	0	1	0	0	102.059	1425.56
8	0	2	0	0	112.45	1275.49
8	0	3	0	0	95.1499	595.565
8	0	4	0	0	114.923	1569.45
8	0	5	0	0	102.715	1167.48
8	0	6	0	0	98.8182	1191.68
8	0	7	0	0	80.814	1360.76
8	0	8	0	0	92.2272	1092.01
8	0	9	0	0	74.3296	1339.07
8	0	10	0	0	92.9339	1062.11
8	0	11	0	0	105.412	1205.69
8	0	12	0	0	99.0638	1298.5
8	0	13	0	0	79.9906	1192.29
8	0	14	0	0	79.9223	1190.94
8	0	15	0	0	98.3573	1147.65
8	0	16	0	0	74.4637	1169.69
8	0	17	0	0	110.634	1397.42
8	0	18	0	0	85.7002	1219.19
8	0	19	0	0	62.6907	1323.1
8	0	20	0	0	97.2247	1286.85
8	0	21	0	0	60.9529	1213.32
8	0	22	0	0	64.8176	1459.67
8	0	23	0	0	77.4372	1540.14
#########################################################
# TOF Adc Down                                          #
#########################################################
8	0	0	0	1	135.11	1308.49
8	0	1	0	1	107.176	1284.35
8	0	2	0	1	73.0441	1542.7
8	0	3	0	1	92.6812	1092.69
8	0	4	0	1	78.7207	1211.65
8	0	5	0	1	64.1841	1427.21
8	0	6	0	1	70.5687	1087.22
8	0	7	0	1	86.0554	1237.05
8	0	8	0	1	74.5507	1128.78
8	0	9	0	1	60.752	1120.51
8	0	10	0	1	93.5689	1173.05
8	0	11	0	1	101.138	966.71
8	0	12	0	1	67.2206	1176.96
8	0	13	0	1	39.0745	874.507
8	0	14	0	1	112.729	1135.1
8	0	15	0	1	105.68	1088.91
8	0	16	0	1	70.3003	1147.23
8	0	17	0	1	68.4859	1151.23
8	0	18	0	1	91.2793	1355.43
8	0	19	0	1	153.902	1336.77
8	0	20	0	1	116.496	1312.26
8	0	21	0	1	66.0547	1332.39
8	0	22	0	1	61.9333	1317.89
8	0	23	0	1	107.918	1423.82
#########################################################
# TOF Tdc Up                                            #
#########################################################
8	0	0	1	0	945.137	0.0359635
8	0	1	1	0	930.532	0.0376975
8	0	2	1	0	986.483	0.0366926
8	0	3	1	0	961.523	0.0384747
8	0	4	1	0	833.999	0.0381912
8	0	5	1	0	193.118	0.0360265
8	0	6	1	0	993.73	0.0372921
8	0	7	1	0	951.742	0.0360393
8	0	8	1	0	1010.15	0.0362141
8	0	9	1	0	986.282	0.0366947
8	0	10	1	0	979.812	0.0354704
8	0	11	1	0	1037.17	0.0358955
8	0	12	1	0	969.812	0.0375408
8	0	13	1	0	891.322	0.0379835
8	0	14	1	0	1021.81	0.0369105
8	0	15	1	0	988.882	0.0364363
8	0	16	1	0	1065.91	0.0370827
8	0	17	1	0	1008.61	0.0364045
8	0	18	1	0	1134.2	0.0367035
8	0	19	1	0	931.376	0.0381665
8	0	20	1	0	961.384	0.038063
8	0	21	1	0	1079.26	0.0366858
8	0	22	1	0	1027.48	0.0365514
8	0	23	1	0	1052.21	0.0366392
#########################################################
# TOF Tdc Down                                          #
#########################################################
8	0	0	1	1	907.998	0.0366338
8	0	1	1	1	906.647	0.0366964
8	0	2	1	1	1001.02	0.036412
8	0	3	1	1	1000.18	0.0367904
8	0	4	1	1	931.806	0.0369847
8	0	5	1	1	943.134	0.0366622
8	0	6	1	1	940.776	0.0365852
8	0	7	1	1	919.625	0.0365835
8	0	8	1	1	898.437	0.0370811
8	0	9	1	1	952.603	0.0365879
8	0	10	1	1	965.387	0.0365447
8	0	11	1	1	946.798	0.0369319
8	0	12	1	1	923	0.0369111
8	0	13	1	1	949.962	0.0363976
8	0	14	1	1	922.235	0.0366817
8	0	15	1	1	950.602	0.0363325
8	0	16	1	1	1034.19	0.0369948
8	0	17	1	1	1059.63	0.0363123
8	0	18	1	1	1065.6	0.0365024
8	0	19	1	1	1040.2	0.0364443
8	0	20	1	1	966.521	0.0370977
8	0	21	1	1	993.422	0.0368422
8	0	22	1	1	1039.35	0.0368949
8	0	23	1	1	1222.54	0.0362808
######################################################
### VTOF
######################################################
8	0	0	1	2	0	-1
8	0	1	1	2	0	-1
8	0	2	1	2	0	-1
8	0	3	1	2	0	-1
8	0	4	1	2	0	-1
8	0	5	1	2	0	-1
8	0	6	1	2	0	-1
8	0	7	1	2	0	-1
8	0	8	1	2	0	-1
8	0	9	1	2	0	-1
8	0	10	1	2	0	-1
8	0	11	1	2	0	-1
8	0	12	1	2	0	-1
8	0	13	1	2	0	-1
8	0	14	1	2	0	-1
8	0	15	1	2	0	-1
8	0	16	1	2	0	-1
8	0	17	1	2	0	-1
8	0	18	1	2	0	-1
8	0	19	1	2	0	-1
8	0	20	1	2	0	-1
8	0	21	1	2	0	-1
8	0	22	1	2	0	-1
8	0	23	1	2	0	-1
#########################################################
# LC Tdc Mt                                             #
#########################################################
10	0	0	1	0	192.774	-0.8333
10	0	1	1	0	204.191	-0.8333
10	0	2	1	0	235.288	-0.8333
10	0	3	1	0	118.229	-0.8333
10	0	4	1	0	132.064	-0.8333
10	0	5	1	0	193.118	-0.8333
10	0	6	1	0	269.867	-0.8333
10	0	7	1	0	199.043	-0.8333
10	0	8	1	0	266.114	-0.8333
10	0	9	1	0	255.342	-0.8333
10	0	10	1	0	231.877	-0.8333
10	0	11	1	0	285.849	-0.8333
10	0	12	1	0	260.487	-0.8333
10	0	13	1	0	211.959	-0.8333
10	0	14	1	0	360.324	-0.8333
10	0	15	1	0	261.835	-0.8333
10	0	16	1	0	342.721	-0.8333
10	0	17	1	0	266.48	-0.8333
10	0	18	1	0	405.846	-0.8333
10	0	19	1	0	232.228	-0.8333
10	0	20	1	0	303.826	-0.8333
10	0	21	1	0	339.263	-0.8333
10	0	22	1	0	284.195	-0.8333
10	0	23	1	0	305.988	-0.8333
10	0	24	1	0	305.988	-0.8333
10	0	25	1	0	305.988	-0.8333
10	0	26	1	0	305.988	-0.8333
10	0	27	1	0	305.988	-0.8333
#########################################################
# BFT-U Tdc                                             #
#########################################################
110	0	0	1	0	636.374	-1
110	0	1	1	0	636.374	-1
110	0	2	1	0	636.374	-1
110	0	3	1	0	636.374	-1
110	0	4	1	0	636.374	-1
110	0	5	1	0	636.374	-1
110	0	6	1	0	636.374	-1
110	0	7	1	0	636.374	-1
110	0	8	1	0	636.374	-1
110	0	9	1	0	636.374	-1
110	0	10	1	0	636.374	-1
110	0	11	1	0	636.374	-1
110	0	12	1	0	636.374	-1
110	0	13	1	0	636.374	-1
110	0	14	1	0	636.374	-1
110	0	15	1	0	636.374	-1
110	0	16	1	0	636.374	-1
110	0	17	1	0	636.374	-1
110	0	18	1	0	636.374	-1
110	0	19	1	0	636.374	-1
110	0	20	1	0	636.374	-1
110	0	21	1	0	639.413	-1
110	0	22	1	0	636.397	-1
110	0	23	1	0	638.054	-1
110	0	24	1	0	637.35	-1
110	0	25	1	0	639.564	-1
110	0	26	1	0	635.96	-1
110	0	27	1	0	638.057	-1
110	0	28	1	0	635.747	-1
110	0	29	1	0	639.411	-1
110	0	30	1	0	635.224	-1
110	0	31	1	0	637.876	-1
110	0	32	1	0	636.621	-1
110	0	33	1	0	636.678	-1
110	0	34	1	0	635.592	-1
110	0	35	1	0	638.357	-1
110	0	36	1	0	636.299	-1
110	0	37	1	0	639.797	-1
110	0	38	1	0	634.848	-1
110	0	39	1	0	637.512	-1
110	0	40	1	0	634.899	-1
110	0	41	1	0	638.707	-1
110	0	42	1	0	634.93	-1
110	0	43	1	0	638.436	-1
110	0	44	1	0	635.359	-1
110	0	45	1	0	638.917	-1
110	0	46	1	0	635.031	-1
110	0	47	1	0	638.566	-1
110	0	48	1	0	635.592	-1
110	0	49	1	0	639.761	-1
110	0	50	1	0	635.452	-1
110	0	51	1	0	637.653	-1
110	0	52	1	0	635.613	-1
110	0	53	1	0	638.193	-1
110	0	54	1	0	634.857	-1
110	0	55	1	0	637.707	-1
110	0	56	1	0	635.835	-1
110	0	57	1	0	639.115	-1
110	0	58	1	0	635.008	-1
110	0	59	1	0	638.639	-1
110	0	60	1	0	634.419	-1
110	0	61	1	0	637.171	-1
110	0	62	1	0	634.713	-1
110	0	63	1	0	637.667	-1
110	0	64	1	0	634.068	-1
110	0	65	1	0	635.447	-1
110	0	66	1	0	634.938	-1
110	0	67	1	0	634.947	-1
110	0	68	1	0	634.247	-1
110	0	69	1	0	635.628	-1
110	0	70	1	0	633.895	-1
110	0	71	1	0	636.146	-1
110	0	72	1	0	633.933	-1
110	0	73	1	0	635.635	-1
110	0	74	1	0	635.243	-1
110	0	75	1	0	636.311	-1
110	0	76	1	0	634.773	-1
110	0	77	1	0	636.172	-1
110	0	78	1	0	634.781	-1
110	0	79	1	0	636.072	-1
110	0	80	1	0	636.007	-1
110	0	81	1	0	637.169	-1
110	0	82	1	0	635.479	-1
110	0	83	1	0	636.521	-1
110	0	84	1	0	635.95	-1
110	0	85	1	0	636.963	-1
110	0	86	1	0	634.669	-1
110	0	87	1	0	636.479	-1
110	0	88	1	0	636.072	-1
110	0	89	1	0	637.237	-1
110	0	90	1	0	634.704	-1
110	0	91	1	0	635.973	-1
110	0	92	1	0	636.705	-1
110	0	93	1	0	637.451	-1
110	0	94	1	0	634.642	-1
110	0	95	1	0	635.787	-1
110	0	96	1	0	635.732	-1
110	0	97	1	0	637.011	-1
110	0	98	1	0	634.634	-1
110	0	99	1	0	635.846	-1
110	0	100	1	0	636.453	-1
110	0	101	1	0	637.198	-1
110	0	102	1	0	635.15	-1
110	0	103	1	0	635.575	-1
110	0	104	1	0	634.728	-1
110	0	105	1	0	636.444	-1
110	0	106	1	0	635.115	-1
110	0	107	1	0	635.844	-1
110	0	108	1	0	635.359	-1
110	0	109	1	0	636.622	-1
110	0	110	1	0	634.191	-1
110	0	111	1	0	635.875	-1
110	0	112	1	0	635.972	-1
110	0	113	1	0	637.469	-1
110	0	114	1	0	635.573	-1
110	0	115	1	0	635.461	-1
110	0	116	1	0	635.798	-1
110	0	117	1	0	637.087	-1
110	0	118	1	0	634.3	-1
110	0	119	1	0	634.903	-1
110	0	120	1	0	635.678	-1
110	0	121	1	0	636.036	-1
110	0	122	1	0	635.056	-1
110	0	123	1	0	635.5	-1
110	0	124	1	0	635.592	-1
110	0	125	1	0	633.529	-1
110	0	126	1	0	634.322	-1
110	0	127	1	0	635.193	-1
110	0	128	1	0	635.452	-1
110	0	129	1	0	635.035	-1
110	0	130	1	0	633.99	-1
110	0	131	1	0	633.648	-1
110	0	132	1	0	635.955	-1
110	0	133	1	0	636.31	-1
110	0	134	1	0	633.165	-1
110	0	135	1	0	634.022	-1
110	0	136	1	0	634.526	-1
110	0	137	1	0	635.064	-1
110	0	138	1	0	634.393	-1
110	0	139	1	0	633.999	-1
110	0	140	1	0	635.196	-1
110	0	141	1	0	634.796	-1
110	0	142	1	0	634.35	-1
110	0	143	1	0	634.831	-1
110	0	144	1	0	635.987	-1
110	0	145	1	0	635.964	-1
110	0	146	1	0	635.235	-1
110	0	147	1	0	635.784	-1
110	0	148	1	0	634.69	-1
110	0	149	1	0	634.967	-1
110	0	150	1	0	635.298	-1
110	0	151	1	0	635.442	-1
110	0	152	1	0	634.952	-1
110	0	153	1	0	634.979	-1
110	0	154	1	0	635.173	-1
110	0	155	1	0	635.327	-1
110	0	156	1	0	634.017	-1
110	0	157	1	0	633.605	-1
110	0	158	1	0	635.238	-1
110	0	159	1	0	635.486	-1
#########################################################
# BFT-D Tdc                                             #
#########################################################
110	1	0	1	0	635.781	-1
110	1	1	1	0	635.781	-1
110	1	2	1	0	635.781	-1
110	1	3	1	0	635.781	-1
110	1	4	1	0	635.781	-1
110	1	5	1	0	635.781	-1
110	1	6	1	0	635.781	-1
110	1	7	1	0	635.781	-1
110	1	8	1	0	635.781	-1
110	1	9	1	0	635.781	-1
110	1	10	1	0	635.781	-1
110	1	11	1	0	635.781	-1
110	1	12	1	0	635.781	-1
110	1	13	1	0	635.781	-1
110	1	14	1	0	635.781	-1
110	1	15	1	0	635.781	-1
110	1	16	1	0	635.781	-1
110	1	17	1	0	635.781	-1
110	1	18	1	0	635.781	-1
110	1	19	1	0	635.781	-1
110	1	20	1	0	635.781	-1
110	1	21	1	0	637.584	-1
110	1	22	1	0	635.331	-1
110	1	23	1	0	636.549	-1
110	1	24	1	0	636.798	-1
110	1	25	1	0	637.61	-1
110	1	26	1	0	635.34	-1
110	1	27	1	0	637.368	-1
110	1	28	1	0	636.259	-1
110	1	29	1	0	637.452	-1
110	1	30	1	0	634.751	-1
110	1	31	1	0	635.611	-1
110	1	32	1	0	633.674	-1
110	1	33	1	0	635.535	-1
110	1	34	1	0	634.825	-1
110	1	35	1	0	637.014	-1
110	1	36	1	0	636.282	-1
110	1	37	1	0	636.414	-1
110	1	38	1	0	635.248	-1
110	1	39	1	0	636.279	-1
110	1	40	1	0	635.291	-1
110	1	41	1	0	636.862	-1
110	1	42	1	0	634.42	-1
110	1	43	1	0	636.225	-1
110	1	44	1	0	635.34	-1
110	1	45	1	0	636.564	-1
110	1	46	1	0	634.111	-1
110	1	47	1	0	636.754	-1
110	1	48	1	0	636.594	-1
110	1	49	1	0	637.429	-1
110	1	50	1	0	634.376	-1
110	1	51	1	0	636.14	-1
110	1	52	1	0	635.251	-1
110	1	53	1	0	636.542	-1
110	1	54	1	0	634.859	-1
110	1	55	1	0	635.872	-1
110	1	56	1	0	635.464	-1
110	1	57	1	0	637.1	-1
110	1	58	1	0	635.479	-1
110	1	59	1	0	636.745	-1
110	1	60	1	0	634.799	-1
110	1	61	1	0	636.361	-1
110	1	62	1	0	634.45	-1
110	1	63	1	0	635.728	-1
110	1	64	1	0	634.398	-1
110	1	65	1	0	635.364	-1
110	1	66	1	0	633.374	-1
110	1	67	1	0	634.391	-1
110	1	68	1	0	633.424	-1
110	1	69	1	0	634.767	-1
110	1	70	1	0	634.671	-1
110	1	71	1	0	636.047	-1
110	1	72	1	0	634.223	-1
110	1	73	1	0	635.912	-1
110	1	74	1	0	634.096	-1
110	1	75	1	0	636.127	-1
110	1	76	1	0	635.262	-1
110	1	77	1	0	636.259	-1
110	1	78	1	0	634.295	-1
110	1	79	1	0	635.989	-1
110	1	80	1	0	636.228	-1
110	1	81	1	0	636.472	-1
110	1	82	1	0	636.054	-1
110	1	83	1	0	636.141	-1
110	1	84	1	0	635.177	-1
110	1	85	1	0	636.216	-1
110	1	86	1	0	634.638	-1
110	1	87	1	0	634.543	-1
110	1	88	1	0	636.261	-1
110	1	89	1	0	636.471	-1
110	1	90	1	0	634.282	-1
110	1	91	1	0	635.643	-1
110	1	92	1	0	636.268	-1
110	1	93	1	0	637.189	-1
110	1	94	1	0	634.132	-1
110	1	95	1	0	635.142	-1
110	1	96	1	0	635.396	-1
110	1	97	1	0	636.828	-1
110	1	98	1	0	634.835	-1
110	1	99	1	0	635.501	-1
110	1	100	1	0	635.989	-1
110	1	101	1	0	636.637	-1
110	1	102	1	0	634.34	-1
110	1	103	1	0	635.415	-1
110	1	104	1	0	635.065	-1
110	1	105	1	0	636.101	-1
110	1	106	1	0	634.802	-1
110	1	107	1	0	635.065	-1
110	1	108	1	0	635.784	-1
110	1	109	1	0	635.749	-1
110	1	110	1	0	634.021	-1
110	1	111	1	0	636.119	-1
110	1	112	1	0	636.429	-1
110	1	113	1	0	637.396	-1
110	1	114	1	0	634.341	-1
110	1	115	1	0	635.391	-1
110	1	116	1	0	635.337	-1
110	1	117	1	0	636.241	-1
110	1	118	1	0	632.661	-1
110	1	119	1	0	635.154	-1
110	1	120	1	0	635.422	-1
110	1	121	1	0	636.34	-1
110	1	122	1	0	635.044	-1
110	1	123	1	0	636.235	-1
110	1	124	1	0	634.358	-1
110	1	125	1	0	635.292	-1
110	1	126	1	0	633.716	-1
110	1	127	1	0	635.335	-1
110	1	128	1	0	634.186	-1
110	1	129	1	0	634.518	-1
110	1	130	1	0	632.382	-1
110	1	131	1	0	633.338	-1
110	1	132	1	0	634.234	-1
110	1	133	1	0	634.4	-1
110	1	134	1	0	633.775	-1
110	1	135	1	0	633.625	-1
110	1	136	1	0	634.179	-1
110	1	137	1	0	634.167	-1
110	1	138	1	0	633.969	-1
110	1	139	1	0	634.729	-1
110	1	140	1	0	633.39	-1
110	1	141	1	0	633.589	-1
110	1	142	1	0	634.437	-1
110	1	143	1	0	635.276	-1
110	1	144	1	0	633.445	-1
110	1	145	1	0	634.226	-1
110	1	146	1	0	634.328	-1
110	1	147	1	0	634.649	-1
110	1	148	1	0	632.665	-1
110	1	149	1	0	634.052	-1
110	1	150	1	0	633.618	-1
110	1	151	1	0	634.33	-1
110	1	152	1	0	633.724	-1
110	1	153	1	0	634.278	-1
110	1	154	1	0	633.664	-1
110	1	155	1	0	634.219	-1
110	1	156	1	0	632.687	-1
110	1	157	1	0	633.573	-1
110	1	158	1	0	633.141	-1
110	1	159	1	0	634.145	-1
#########################################################
# SFT-V Tdc                                             #
#########################################################
111	0	0	1	0	543.543	-0.8333
111	0	1	1	0	543.552	-0.8333
111	0	2	1	0	542.768	-0.8333
111	0	3	1	0	545.192	-0.8333
111	0	4	1	0	545.05	-0.8333
111	0	5	1	0	545.462	-0.8333
111	0	6	1	0	544.132	-0.8333
111	0	7	1	0	545.807	-0.8333
111	0	8	1	0	546.039	-0.8333
111	0	9	1	0	546.101	-0.8333
111	0	10	1	0	546.185	-0.8333
111	0	11	1	0	545.417	-0.8333
111	0	12	1	0	545.615	-0.8333
111	0	13	1	0	544.658	-0.8333
111	0	14	1	0	545.336	-0.8333
111	0	15	1	0	546.494	-0.8333
111	0	16	1	0	545.385	-0.8333
111	0	17	1	0	545.429	-0.8333
111	0	18	1	0	546.681	-0.8333
111	0	19	1	0	546.321	-0.8333
111	0	20	1	0	545.408	-0.8333
111	0	21	1	0	546.018	-0.8333
111	0	22	1	0	546.228	-0.8333
111	0	23	1	0	545.49	-0.8333
111	0	24	1	0	546.598	-0.8333
111	0	25	1	0	545.571	-0.8333
111	0	26	1	0	545.048	-0.8333
111	0	27	1	0	544.546	-0.8333
111	0	28	1	0	544.724	-0.8333
111	0	29	1	0	544.838	-0.8333
111	0	30	1	0	545.543	-0.8333
111	0	31	1	0	543.002	-0.8333
111	0	32	1	0	542.873	-0.8333
111	0	33	1	0	542.524	-0.8333
111	0	34	1	0	542.54	-0.8333
111	0	35	1	0	544.732	-0.8333
111	0	36	1	0	543.545	-0.8333
111	0	37	1	0	544.7	-0.8333
111	0	38	1	0	544.373	-0.8333
111	0	39	1	0	545.131	-0.8333
111	0	40	1	0	544.972	-0.8333
111	0	41	1	0	545.174	-0.8333
111	0	42	1	0	544.365	-0.8333
111	0	43	1	0	544.711	-0.8333
111	0	44	1	0	545.31	-0.8333
111	0	45	1	0	544.944	-0.8333
111	0	46	1	0	544.207	-0.8333
111	0	47	1	0	544.547	-0.8333
111	0	48	1	0	544.325	-0.8333
111	0	49	1	0	543.763	-0.8333
111	0	50	1	0	545.164	-0.8333
111	0	51	1	0	544.223	-0.8333
111	0	52	1	0	544.654	-0.8333
111	0	53	1	0	545.272	-0.8333
111	0	54	1	0	545.772	-0.8333
111	0	55	1	0	544.489	-0.8333
111	0	56	1	0	546.089	-0.8333
111	0	57	1	0	544.846	-0.8333
111	0	58	1	0	544.609	-0.8333
111	0	59	1	0	544.762	-0.8333
111	0	60	1	0	545.027	-0.8333
111	0	61	1	0	543.684	-0.8333
111	0	62	1	0	544.523	-0.8333
111	0	63	1	0	542.48	-0.8333
111	0	64	1	0	543.277	-0.8333
111	0	65	1	0	543.468	-0.8333
111	0	66	1	0	543.211	-0.8333
111	0	67	1	0	545.769	-0.8333
111	0	68	1	0	544.549	-0.8333
111	0	69	1	0	545.317	-0.8333
111	0	70	1	0	543.352	-0.8333
111	0	71	1	0	544.31	-0.8333
111	0	72	1	0	544.263	-0.8333
111	0	73	1	0	545.493	-0.8333
111	0	74	1	0	544.485	-0.8333
111	0	75	1	0	544.941	-0.8333
111	0	76	1	0	545.045	-0.8333
111	0	77	1	0	544.595	-0.8333
111	0	78	1	0	544.882	-0.8333
111	0	79	1	0	544.679	-0.8333
111	0	80	1	0	544.027	-0.8333
111	0	81	1	0	545.127	-0.8333
111	0	82	1	0	544.68	-0.8333
111	0	83	1	0	545.288	-0.8333
111	0	84	1	0	544.657	-0.8333
111	0	85	1	0	543.961	-0.8333
111	0	86	1	0	544.557	-0.8333
111	0	87	1	0	544.454	-0.8333
111	0	88	1	0	545.169	-0.8333
111	0	89	1	0	544.566	-0.8333
111	0	90	1	0	544.873	-0.8333
111	0	91	1	0	545.396	-0.8333
111	0	92	1	0	545.355	-0.8333
111	0	93	1	0	545.063	-0.8333
111	0	94	1	0	545.362	-0.8333
111	0	95	1	0	543.349	-0.8333
111	0	96	1	0	542.965	-0.8333
111	0	97	1	0	542.317	-0.8333
111	0	98	1	0	542.397	-0.8333
111	0	99	1	0	544.802	-0.8333
111	0	100	1	0	542.772	-0.8333
111	0	101	1	0	544.412	-0.8333
111	0	102	1	0	543.466	-0.8333
111	0	103	1	0	543.462	-0.8333
111	0	104	1	0	544.049	-0.8333
111	0	105	1	0	544.347	-0.8333
111	0	106	1	0	543.029	-0.8333
111	0	107	1	0	544.942	-0.8333
111	0	108	1	0	544.088	-0.8333
111	0	109	1	0	543.552	-0.8333
111	0	110	1	0	544.218	-0.8333
111	0	111	1	0	543.92	-0.8333
111	0	112	1	0	543.472	-0.8333
111	0	113	1	0	544.798	-0.8333
111	0	114	1	0	544.391	-0.8333
111	0	115	1	0	544.335	-0.8333
111	0	116	1	0	544.308	-0.8333
111	0	117	1	0	543.745	-0.8333
111	0	118	1	0	544.374	-0.8333
111	0	119	1	0	544.032	-0.8333
111	0	120	1	0	545.399	-0.8333
111	0	121	1	0	544.297	-0.8333
111	0	122	1	0	543.991	-0.8333
111	0	123	1	0	543.718	-0.8333
111	0	124	1	0	544.547	-0.8333
111	0	125	1	0	543.785	-0.8333
111	0	126	1	0	544.024	-0.8333
111	0	127	1	0	540.231	-0.8333
111	0	128	1	0	539.022	-0.8333
111	0	129	1	0	539.926	-0.8333
111	0	130	1	0	540.015	-0.8333
111	0	131	1	0	541.274	-0.8333
111	0	132	1	0	539.026	-0.8333
111	0	133	1	0	542.374	-0.8333
111	0	134	1	0	540.085	-0.8333
111	0	135	1	0	542.379	-0.8333
111	0	136	1	0	541.229	-0.8333
111	0	137	1	0	542.679	-0.8333
111	0	138	1	0	540.768	-0.8333
111	0	139	1	0	541.419	-0.8333
111	0	140	1	0	541.694	-0.8333
111	0	141	1	0	542.872	-0.8333
111	0	142	1	0	541.785	-0.8333
111	0	143	1	0	542.71	-0.8333
111	0	144	1	0	540.746	-0.8333
111	0	145	1	0	542.649	-0.8333
111	0	146	1	0	542.041	-0.8333
111	0	147	1	0	542.565	-0.8333
111	0	148	1	0	542.482	-0.8333
111	0	149	1	0	542.513	-0.8333
111	0	150	1	0	541.795	-0.8333
111	0	151	1	0	542.352	-0.8333
111	0	152	1	0	541.941	-0.8333
111	0	153	1	0	542.648	-0.8333
111	0	154	1	0	542.556	-0.8333
111	0	155	1	0	541.623	-0.8333
111	0	156	1	0	541.329	-0.8333
111	0	157	1	0	541.125	-0.8333
111	0	158	1	0	543.317	-0.8333
111	0	159	1	0	540.097	-0.8333
111	0	160	1	0	540.27	-0.8333
111	0	161	1	0	541.29	-0.8333
111	0	162	1	0	540.607	-0.8333
111	0	163	1	0	542.94	-0.8333
111	0	164	1	0	540.468	-0.8333
111	0	165	1	0	543.391	-0.8333
111	0	166	1	0	540.346	-0.8333
111	0	167	1	0	542.947	-0.8333
111	0	168	1	0	542.778	-0.8333
111	0	169	1	0	543.386	-0.8333
111	0	170	1	0	541.839	-0.8333
111	0	171	1	0	541.578	-0.8333
111	0	172	1	0	542.444	-0.8333
111	0	173	1	0	543.864	-0.8333
111	0	174	1	0	542.235	-0.8333
111	0	175	1	0	543.259	-0.8333
111	0	176	1	0	541.643	-0.8333
111	0	177	1	0	543.522	-0.8333
111	0	178	1	0	542.769	-0.8333
111	0	179	1	0	543.083	-0.8333
111	0	180	1	0	542.687	-0.8333
111	0	181	1	0	543.245	-0.8333
111	0	182	1	0	542.274	-0.8333
111	0	183	1	0	543.431	-0.8333
111	0	184	1	0	543.165	-0.8333
111	0	185	1	0	543.217	-0.8333
111	0	186	1	0	543.138	-0.8333
111	0	187	1	0	541.94	-0.8333
111	0	188	1	0	541.146	-0.8333
111	0	189	1	0	541.44	-0.8333
111	0	190	1	0	542.839	-0.8333
111	0	191	1	0	540.954	-0.8333
111	0	192	1	0	541.645	-0.8333
111	0	193	1	0	542.07	-0.8333
111	0	194	1	0	541.887	-0.8333
111	0	195	1	0	542.865	-0.8333
111	0	196	1	0	542.407	-0.8333
111	0	197	1	0	543.489	-0.8333
111	0	198	1	0	543.082	-0.8333
111	0	199	1	0	543.201	-0.8333
111	0	200	1	0	543.33	-0.8333
111	0	201	1	0	544.944	-0.8333
111	0	202	1	0	543.882	-0.8333
111	0	203	1	0	543.915	-0.8333
111	0	204	1	0	543.411	-0.8333
111	0	205	1	0	543.681	-0.8333
111	0	206	1	0	542.003	-0.8333
111	0	207	1	0	542.944	-0.8333
111	0	208	1	0	543.862	-0.8333
111	0	209	1	0	544.803	-0.8333
111	0	210	1	0	545.263	-0.8333
111	0	211	1	0	542.116	-0.8333
111	0	212	1	0	545.162	-0.8333
111	0	213	1	0	543.874	-0.8333
111	0	214	1	0	543.59	-0.8333
111	0	215	1	0	543.697	-0.8333
111	0	216	1	0	545.167	-0.8333
111	0	217	1	0	544.464	-0.8333
111	0	218	1	0	544.045	-0.8333
111	0	219	1	0	543.294	-0.8333
111	0	220	1	0	544.256	-0.8333
111	0	221	1	0	542.608	-0.8333
111	0	222	1	0	543.402	-0.8333
111	0	223	1	0	541.659	-0.8333
111	0	224	1	0	541.517	-0.8333
111	0	225	1	0	540.724	-0.8333
111	0	226	1	0	541.641	-0.8333
111	0	227	1	0	542.122	-0.8333
111	0	228	1	0	542.755	-0.8333
111	0	229	1	0	543.177	-0.8333
111	0	230	1	0	543.293	-0.8333
111	0	231	1	0	543.035	-0.8333
111	0	232	1	0	543.67	-0.8333
111	0	233	1	0	543.585	-0.8333
111	0	234	1	0	542.884	-0.8333
111	0	235	1	0	543.755	-0.8333
111	0	236	1	0	544.258	-0.8333
111	0	237	1	0	542.962	-0.8333
111	0	238	1	0	544.74	-0.8333
111	0	239	1	0	543.42	-0.8333
111	0	240	1	0	543.422	-0.8333
111	0	241	1	0	543.46	-0.8333
111	0	242	1	0	547.374	-0.8333
111	0	243	1	0	539.944	-0.8333
111	0	244	1	0	543.738	-0.8333
111	0	245	1	0	544.053	-0.8333
111	0	246	1	0	544	-0.8333
111	0	247	1	0	543.328	-0.8333
111	0	248	1	0	545.271	-0.8333
111	0	249	1	0	544.112	-0.8333
111	0	250	1	0	543.258	-0.8333
111	0	251	1	0	543.205	-0.8333
111	0	252	1	0	543.425	-0.8333
111	0	253	1	0	542.06	-0.8333
111	0	254	1	0	543.257	-0.8333
111	0	255	1	0	540.841	-0.8333
111	0	256	1	0	541.553	-0.8333
111	0	257	1	0	541.795	-0.8333
111	0	258	1	0	541.054	-0.8333
111	0	259	1	0	543.982	-0.8333
111	0	260	1	0	542.358	-0.8333
111	0	261	1	0	542.874	-0.8333
111	0	262	1	0	543.272	-0.8333
111	0	263	1	0	543.476	-0.8333
111	0	264	1	0	543.891	-0.8333
111	0	265	1	0	544.192	-0.8333
111	0	266	1	0	543.547	-0.8333
111	0	267	1	0	544.053	-0.8333
111	0	268	1	0	544.3	-0.8333
111	0	269	1	0	543.689	-0.8333
111	0	270	1	0	543.94	-0.8333
111	0	271	1	0	544.364	-0.8333
111	0	272	1	0	544.14	-0.8333
111	0	273	1	0	545.135	-0.8333
111	0	274	1	0	545.085	-0.8333
111	0	275	1	0	544.697	-0.8333
111	0	276	1	0	544.407	-0.8333
111	0	277	1	0	544.419	-0.8333
111	0	278	1	0	545.113	-0.8333
111	0	279	1	0	544.449	-0.8333
111	0	280	1	0	545.024	-0.8333
111	0	281	1	0	544.407	-0.8333
111	0	282	1	0	545.376	-0.8333
111	0	283	1	0	544.118	-0.8333
111	0	284	1	0	544.873	-0.8333
111	0	285	1	0	544.336	-0.8333
111	0	286	1	0	545.188	-0.8333
111	0	287	1	0	543.61	-0.8333
111	0	288	1	0	542.256	-0.8333
111	0	289	1	0	542.746	-0.8333
111	0	290	1	0	542.449	-0.8333
111	0	291	1	0	545.034	-0.8333
111	0	292	1	0	542.973	-0.8333
111	0	293	1	0	544.301	-0.8333
111	0	294	1	0	542.748	-0.8333
111	0	295	1	0	543.996	-0.8333
111	0	296	1	0	543.549	-0.8333
111	0	297	1	0	544.633	-0.8333
111	0	298	1	0	543.55	-0.8333
111	0	299	1	0	544.335	-0.8333
111	0	300	1	0	544.015	-0.8333
111	0	301	1	0	544.487	-0.8333
111	0	302	1	0	544.531	-0.8333
111	0	303	1	0	545.286	-0.8333
111	0	304	1	0	543.628	-0.8333
111	0	305	1	0	544.701	-0.8333
111	0	306	1	0	544.395	-0.8333
111	0	307	1	0	545.341	-0.8333
111	0	308	1	0	544.412	-0.8333
111	0	309	1	0	544	-0.8333
111	0	310	1	0	543.731	-0.8333
111	0	311	1	0	544.761	-0.8333
111	0	312	1	0	545.801	-0.8333
111	0	313	1	0	545.06	-0.8333
111	0	314	1	0	544.482	-0.8333
111	0	315	1	0	545.093	-0.8333
111	0	316	1	0	544.499	-0.8333
111	0	317	1	0	543.562	-0.8333
111	0	318	1	0	544.833	-0.8333
111	0	319	1	0	537.798	-0.8333
#########################################################
# SFT-U Tdc                                             #
#########################################################
111	1	0	1	0	536.426	-0.8333
111	1	1	1	0	540.786	-0.8333
111	1	2	1	0	541.297	-0.8333
111	1	3	1	0	542.86	-0.8333
111	1	4	1	0	540.779	-0.8333
111	1	5	1	0	543.69	-0.8333
111	1	6	1	0	541.481	-0.8333
111	1	7	1	0	543.989	-0.8333
111	1	8	1	0	543.14	-0.8333
111	1	9	1	0	544.194	-0.8333
111	1	10	1	0	541.793	-0.8333
111	1	11	1	0	543.024	-0.8333
111	1	12	1	0	543.099	-0.8333
111	1	13	1	0	543.253	-0.8333
111	1	14	1	0	542.891	-0.8333
111	1	15	1	0	542.762	-0.8333
111	1	16	1	0	541.781	-0.8333
111	1	17	1	0	542.888	-0.8333
111	1	18	1	0	543.393	-0.8333
111	1	19	1	0	543.114	-0.8333
111	1	20	1	0	543.096	-0.8333
111	1	21	1	0	541.948	-0.8333
111	1	22	1	0	542.182	-0.8333
111	1	23	1	0	542.944	-0.8333
111	1	24	1	0	542.329	-0.8333
111	1	25	1	0	542.18	-0.8333
111	1	26	1	0	542.284	-0.8333
111	1	27	1	0	541.358	-0.8333
111	1	28	1	0	542.434	-0.8333
111	1	29	1	0	541.094	-0.8333
111	1	30	1	0	542.402	-0.8333
111	1	31	1	0	540.126	-0.8333
111	1	32	1	0	544.747	-0.8333
111	1	33	1	0	544.089	-0.8333
111	1	34	1	0	544.058	-0.8333
111	1	35	1	0	545.569	-0.8333
111	1	36	1	0	545.05	-0.8333
111	1	37	1	0	546.245	-0.8333
111	1	38	1	0	545.314	-0.8333
111	1	39	1	0	544.749	-0.8333
111	1	40	1	0	545.505	-0.8333
111	1	41	1	0	546.237	-0.8333
111	1	42	1	0	544.676	-0.8333
111	1	43	1	0	544.994	-0.8333
111	1	44	1	0	545.318	-0.8333
111	1	45	1	0	545.247	-0.8333
111	1	46	1	0	545.23	-0.8333
111	1	47	1	0	545.081	-0.8333
111	1	48	1	0	543.795	-0.8333
111	1	49	1	0	545.363	-0.8333
111	1	50	1	0	545.136	-0.8333
111	1	51	1	0	545.886	-0.8333
111	1	52	1	0	545.612	-0.8333
111	1	53	1	0	545.021	-0.8333
111	1	54	1	0	545.312	-0.8333
111	1	55	1	0	545.156	-0.8333
111	1	56	1	0	545.76	-0.8333
111	1	57	1	0	544.882	-0.8333
111	1	58	1	0	545.354	-0.8333
111	1	59	1	0	544.9	-0.8333
111	1	60	1	0	545.63	-0.8333
111	1	61	1	0	545.013	-0.8333
111	1	62	1	0	544.89	-0.8333
111	1	63	1	0	542.747	-0.8333
111	1	64	1	0	541.702	-0.8333
111	1	65	1	0	542.815	-0.8333
111	1	66	1	0	542.454	-0.8333
111	1	67	1	0	542.963	-0.8333
111	1	68	1	0	541.623	-0.8333
111	1	69	1	0	543.468	-0.8333
111	1	70	1	0	542.036	-0.8333
111	1	71	1	0	542.441	-0.8333
111	1	72	1	0	543.433	-0.8333
111	1	73	1	0	543.808	-0.8333
111	1	74	1	0	542.887	-0.8333
111	1	75	1	0	542.694	-0.8333
111	1	76	1	0	541.804	-0.8333
111	1	77	1	0	542.614	-0.8333
111	1	78	1	0	542.053	-0.8333
111	1	79	1	0	542.438	-0.8333
111	1	80	1	0	543.205	-0.8333
111	1	81	1	0	543.277	-0.8333
111	1	82	1	0	543.513	-0.8333
111	1	83	1	0	543.247	-0.8333
111	1	84	1	0	543.328	-0.8333
111	1	85	1	0	543.371	-0.8333
111	1	86	1	0	543.869	-0.8333
111	1	87	1	0	543.545	-0.8333
111	1	88	1	0	544.022	-0.8333
111	1	89	1	0	543.423	-0.8333
111	1	90	1	0	543.172	-0.8333
111	1	91	1	0	542.586	-0.8333
111	1	92	1	0	543.376	-0.8333
111	1	93	1	0	542.684	-0.8333
111	1	94	1	0	542.981	-0.8333
111	1	95	1	0	543.895	-0.8333
111	1	96	1	0	543.055	-0.8333
111	1	97	1	0	542.199	-0.8333
111	1	98	1	0	543.997	-0.8333
111	1	99	1	0	542.592	-0.8333
111	1	100	1	0	543.767	-0.8333
111	1	101	1	0	543.191	-0.8333
111	1	102	1	0	544.921	-0.8333
111	1	103	1	0	543.237	-0.8333
111	1	104	1	0	544.177	-0.8333
111	1	105	1	0	544.19	-0.8333
111	1	106	1	0	543.892	-0.8333
111	1	107	1	0	543.808	-0.8333
111	1	108	1	0	544.201	-0.8333
111	1	109	1	0	544.509	-0.8333
111	1	110	1	0	544.48	-0.8333
111	1	111	1	0	544.125	-0.8333
111	1	112	1	0	543.981	-0.8333
111	1	113	1	0	543.85	-0.8333
111	1	114	1	0	544.859	-0.8333
111	1	115	1	0	545.48	-0.8333
111	1	116	1	0	544.061	-0.8333
111	1	117	1	0	544.233	-0.8333
111	1	118	1	0	540.498	-0.8333
111	1	119	1	0	544.871	-0.8333
111	1	120	1	0	544.081	-0.8333
111	1	121	1	0	545.515	-0.8333
111	1	122	1	0	545.172	-0.8333
111	1	123	1	0	543.974	-0.8333
111	1	124	1	0	542.647	-0.8333
111	1	125	1	0	543.827	-0.8333
111	1	126	1	0	541.641	-0.8333
111	1	127	1	0	543.955	-0.8333
111	1	128	1	0	541.372	-0.8333
111	1	129	1	0	541.08	-0.8333
111	1	130	1	0	542.329	-0.8333
111	1	131	1	0	542.878	-0.8333
111	1	132	1	0	541.823	-0.8333
111	1	133	1	0	543.679	-0.8333
111	1	134	1	0	543.198	-0.8333
111	1	135	1	0	543.721	-0.8333
111	1	136	1	0	543.558	-0.8333
111	1	137	1	0	545.376	-0.8333
111	1	138	1	0	544.633	-0.8333
111	1	139	1	0	544.188	-0.8333
111	1	140	1	0	543.906	-0.8333
111	1	141	1	0	544.479	-0.8333
111	1	142	1	0	544.012	-0.8333
111	1	143	1	0	543.82	-0.8333
111	1	144	1	0	545.708	-0.8333
111	1	145	1	0	545.153	-0.8333
111	1	146	1	0	546.392	-0.8333
111	1	147	1	0	544.99	-0.8333
111	1	148	1	0	546.617	-0.8333
111	1	149	1	0	545.814	-0.8333
111	1	150	1	0	544.951	-0.8333
111	1	151	1	0	545.509	-0.8333
111	1	152	1	0	545.916	-0.8333
111	1	153	1	0	546.045	-0.8333
111	1	154	1	0	546.515	-0.8333
111	1	155	1	0	545.655	-0.8333
111	1	156	1	0	546.109	-0.8333
111	1	157	1	0	544.948	-0.8333
111	1	158	1	0	544.942	-0.8333
111	1	159	1	0	544.038	-0.8333
111	1	160	1	0	542.122	-0.8333
111	1	161	1	0	542.619	-0.8333
111	1	162	1	0	543.054	-0.8333
111	1	163	1	0	543.612	-0.8333
111	1	164	1	0	543.276	-0.8333
111	1	165	1	0	543.325	-0.8333
111	1	166	1	0	543.396	-0.8333
111	1	167	1	0	542.374	-0.8333
111	1	168	1	0	543.834	-0.8333
111	1	169	1	0	543.919	-0.8333
111	1	170	1	0	544.951	-0.8333
111	1	171	1	0	542.338	-0.8333
111	1	172	1	0	543.609	-0.8333
111	1	173	1	0	542.441	-0.8333
111	1	174	1	0	542.816	-0.8333
111	1	175	1	0	542.046	-0.8333
111	1	176	1	0	543.496	-0.8333
111	1	177	1	0	543.857	-0.8333
111	1	178	1	0	544.833	-0.8333
111	1	179	1	0	543.792	-0.8333
111	1	180	1	0	545.249	-0.8333
111	1	181	1	0	543.789	-0.8333
111	1	182	1	0	543.652	-0.8333
111	1	183	1	0	543.034	-0.8333
111	1	184	1	0	544.742	-0.8333
111	1	185	1	0	543.446	-0.8333
111	1	186	1	0	544.328	-0.8333
111	1	187	1	0	543.244	-0.8333
111	1	188	1	0	544.859	-0.8333
111	1	189	1	0	543.423	-0.8333
111	1	190	1	0	543.533	-0.8333
111	1	191	1	0	542.266	-0.8333
111	1	192	1	0	539.516	-0.8333
111	1	193	1	0	540.504	-0.8333
111	1	194	1	0	540.189	-0.8333
111	1	195	1	0	542.957	-0.8333
111	1	196	1	0	538.914	-0.8333
111	1	197	1	0	543.513	-0.8333
111	1	198	1	0	540.34	-0.8333
111	1	199	1	0	542.979	-0.8333
111	1	200	1	0	541.623	-0.8333
111	1	201	1	0	543.383	-0.8333
111	1	202	1	0	541.363	-0.8333
111	1	203	1	0	541.967	-0.8333
111	1	204	1	0	541.357	-0.8333
111	1	205	1	0	542.765	-0.8333
111	1	206	1	0	541.959	-0.8333
111	1	207	1	0	542.401	-0.8333
111	1	208	1	0	540.915	-0.8333
111	1	209	1	0	542.729	-0.8333
111	1	210	1	0	541.969	-0.8333
111	1	211	1	0	543.007	-0.8333
111	1	212	1	0	542.104	-0.8333
111	1	213	1	0	541.955	-0.8333
111	1	214	1	0	541.537	-0.8333
111	1	215	1	0	542.993	-0.8333
111	1	216	1	0	542.331	-0.8333
111	1	217	1	0	542.768	-0.8333
111	1	218	1	0	542.299	-0.8333
111	1	219	1	0	541.725	-0.8333
111	1	220	1	0	541.792	-0.8333
111	1	221	1	0	540.883	-0.8333
111	1	222	1	0	543.087	-0.8333
111	1	223	1	0	540.486	-0.8333
111	1	224	1	0	539.038	-0.8333
111	1	225	1	0	539.415	-0.8333
111	1	226	1	0	539.645	-0.8333
111	1	227	1	0	541.569	-0.8333
111	1	228	1	0	538.904	-0.8333
111	1	229	1	0	542.081	-0.8333
111	1	230	1	0	539.204	-0.8333
111	1	231	1	0	542.102	-0.8333
111	1	232	1	0	541.317	-0.8333
111	1	233	1	0	542.207	-0.8333
111	1	234	1	0	540.356	-0.8333
111	1	235	1	0	541.432	-0.8333
111	1	236	1	0	540.798	-0.8333
111	1	237	1	0	542.134	-0.8333
111	1	238	1	0	541.178	-0.8333
111	1	239	1	0	542.506	-0.8333
111	1	240	1	0	540.126	-0.8333
111	1	241	1	0	542.322	-0.8333
111	1	242	1	0	541.391	-0.8333
111	1	243	1	0	542.321	-0.8333
111	1	244	1	0	541.709	-0.8333
111	1	245	1	0	541.697	-0.8333
111	1	246	1	0	540.83	-0.8333
111	1	247	1	0	542.339	-0.8333
111	1	248	1	0	541.687	-0.8333
111	1	249	1	0	543.154	-0.8333
111	1	250	1	0	542.552	-0.8333
111	1	251	1	0	541.91	-0.8333
111	1	252	1	0	541.58	-0.8333
111	1	253	1	0	544	-0.8333
111	1	254	1	0	542.529	-0.8333
111	1	255	1	0	540.196	-0.8333
111	1	256	1	0	542.95	-0.8333
111	1	257	1	0	543.999	-0.8333
111	1	258	1	0	543.101	-0.8333
111	1	259	1	0	545.196	-0.8333
111	1	260	1	0	543.28	-0.8333
111	1	261	1	0	545.311	-0.8333
111	1	262	1	0	543.429	-0.8333
111	1	263	1	0	545.02	-0.8333
111	1	264	1	0	544.53	-0.8333
111	1	265	1	0	545.84	-0.8333
111	1	266	1	0	543.699	-0.8333
111	1	267	1	0	544.736	-0.8333
111	1	268	1	0	544.915	-0.8333
111	1	269	1	0	545.607	-0.8333
111	1	270	1	0	543.914	-0.8333
111	1	271	1	0	545.179	-0.8333
111	1	272	1	0	543.972	-0.8333
111	1	273	1	0	545.031	-0.8333
111	1	274	1	0	543.934	-0.8333
111	1	275	1	0	545.825	-0.8333
111	1	276	1	0	544.053	-0.8333
111	1	277	1	0	545.576	-0.8333
111	1	278	1	0	544.136	-0.8333
111	1	279	1	0	545.069	-0.8333
111	1	280	1	0	545.428	-0.8333
111	1	281	1	0	545.43	-0.8333
111	1	282	1	0	544.969	-0.8333
111	1	283	1	0	545.087	-0.8333
111	1	284	1	0	544.752	-0.8333
111	1	285	1	0	544.541	-0.8333
111	1	286	1	0	544.281	-0.8333
111	1	287	1	0	542.415	-0.8333
111	1	288	1	0	543.393	-0.8333
111	1	289	1	0	544.066	-0.8333
111	1	290	1	0	544.83	-0.8333
111	1	291	1	0	545.581	-0.8333
111	1	292	1	0	544.577	-0.8333
111	1	293	1	0	545.924	-0.8333
111	1	294	1	0	544.642	-0.8333
111	1	295	1	0	546.135	-0.8333
111	1	296	1	0	545.438	-0.8333
111	1	297	1	0	546.651	-0.8333
111	1	298	1	0	545.767	-0.8333
111	1	299	1	0	545.134	-0.8333
111	1	300	1	0	545.128	-0.8333
111	1	301	1	0	544.642	-0.8333
111	1	302	1	0	545.872	-0.8333
111	1	303	1	0	544.749	-0.8333
111	1	304	1	0	546.961	-0.8333
111	1	305	1	0	547.035	-0.8333
111	1	306	1	0	547.118	-0.8333
111	1	307	1	0	546.767	-0.8333
111	1	308	1	0	547.297	-0.8333
111	1	309	1	0	546.81	-0.8333
111	1	310	1	0	545.855	-0.8333
111	1	311	1	0	546.23	-0.8333
111	1	312	1	0	547.264	-0.8333
111	1	313	1	0	547.384	-0.8333
111	1	314	1	0	546.909	-0.8333
111	1	315	1	0	546.247	-0.8333
111	1	316	1	0	546.765	-0.8333
111	1	317	1	0	545.491	-0.8333
111	1	318	1	0	545.892	-0.8333
111	1	319	1	0	544.422	-0.8333
#########################################################
# SFT-X1 Tdc                                            #
#########################################################
111	2	0	1	0	542.588	-0.8333
111	2	1	1	0	542.258	-0.8333
111	2	2	1	0	543.322	-0.8333
111	2	3	1	0	544.435	-0.8333
111	2	4	1	0	543.446	-0.8333
111	2	5	1	0	544.259	-0.8333
111	2	6	1	0	543.125	-0.8333
111	2	7	1	0	544.78	-0.8333
111	2	8	1	0	544.459	-0.8333
111	2	9	1	0	545.418	-0.8333
111	2	10	1	0	543.535	-0.8333
111	2	11	1	0	544.917	-0.8333
111	2	12	1	0	544.998	-0.8333
111	2	13	1	0	544.929	-0.8333
111	2	14	1	0	544.785	-0.8333
111	2	15	1	0	544.27	-0.8333
111	2	16	1	0	543.567	-0.8333
111	2	17	1	0	544.633	-0.8333
111	2	18	1	0	545.006	-0.8333
111	2	19	1	0	545.188	-0.8333
111	2	20	1	0	544.839	-0.8333
111	2	21	1	0	544.132	-0.8333
111	2	22	1	0	544.865	-0.8333
111	2	23	1	0	544.855	-0.8333
111	2	24	1	0	545.436	-0.8333
111	2	25	1	0	544.819	-0.8333
111	2	26	1	0	544.143	-0.8333
111	2	27	1	0	544.253	-0.8333
111	2	28	1	0	543.756	-0.8333
111	2	29	1	0	544.06	-0.8333
111	2	30	1	0	543.741	-0.8333
111	2	31	1	0	543.503	-0.8333
111	2	32	1	0	541.809	-0.8333
111	2	33	1	0	542.275	-0.8333
111	2	34	1	0	541.761	-0.8333
111	2	35	1	0	543.25	-0.8333
111	2	36	1	0	543.697	-0.8333
111	2	37	1	0	543.858	-0.8333
111	2	38	1	0	542.693	-0.8333
111	2	39	1	0	542.705	-0.8333
111	2	40	1	0	543.429	-0.8333
111	2	41	1	0	544.042	-0.8333
111	2	42	1	0	543.565	-0.8333
111	2	43	1	0	543.851	-0.8333
111	2	44	1	0	543.747	-0.8333
111	2	45	1	0	544.035	-0.8333
111	2	46	1	0	543.277	-0.8333
111	2	47	1	0	543.748	-0.8333
111	2	48	1	0	542.803	-0.8333
111	2	49	1	0	543.855	-0.8333
111	2	50	1	0	543.899	-0.8333
111	2	51	1	0	544.257	-0.8333
111	2	52	1	0	543.835	-0.8333
111	2	53	1	0	543.384	-0.8333
111	2	54	1	0	543.257	-0.8333
111	2	55	1	0	543.447	-0.8333
111	2	56	1	0	544.041	-0.8333
111	2	57	1	0	543.883	-0.8333
111	2	58	1	0	542.976	-0.8333
111	2	59	1	0	544.187	-0.8333
111	2	60	1	0	544.839	-0.8333
111	2	61	1	0	542.81	-0.8333
111	2	62	1	0	543.604	-0.8333
111	2	63	1	0	541.46	-0.8333
111	2	64	1	0	542.712	-0.8333
111	2	65	1	0	543.163	-0.8333
111	2	66	1	0	542.066	-0.8333
111	2	67	1	0	544.082	-0.8333
111	2	68	1	0	544.417	-0.8333
111	2	69	1	0	545.693	-0.8333
111	2	70	1	0	544.008	-0.8333
111	2	71	1	0	544.218	-0.8333
111	2	72	1	0	543.162	-0.8333
111	2	73	1	0	544.938	-0.8333
111	2	74	1	0	544.052	-0.8333
111	2	75	1	0	544.816	-0.8333
111	2	76	1	0	544.505	-0.8333
111	2	77	1	0	544.713	-0.8333
111	2	78	1	0	544.207	-0.8333
111	2	79	1	0	544.491	-0.8333
111	2	80	1	0	544.053	-0.8333
111	2	81	1	0	544.71	-0.8333
111	2	82	1	0	544.97	-0.8333
111	2	83	1	0	545.096	-0.8333
111	2	84	1	0	545.294	-0.8333
111	2	85	1	0	544.283	-0.8333
111	2	86	1	0	544.314	-0.8333
111	2	87	1	0	544.018	-0.8333
111	2	88	1	0	545.26	-0.8333
111	2	89	1	0	544.761	-0.8333
111	2	90	1	0	545.073	-0.8333
111	2	91	1	0	545.034	-0.8333
111	2	92	1	0	544.392	-0.8333
111	2	93	1	0	543.956	-0.8333
111	2	94	1	0	544.703	-0.8333
111	2	95	1	0	543.36	-0.8333
111	2	96	1	0	541.278	-0.8333
111	2	97	1	0	542.045	-0.8333
111	2	98	1	0	542.287	-0.8333
111	2	99	1	0	542.742	-0.8333
111	2	100	1	0	541.621	-0.8333
111	2	101	1	0	542.576	-0.8333
111	2	102	1	0	541.945	-0.8333
111	2	103	1	0	542.223	-0.8333
111	2	104	1	0	542.869	-0.8333
111	2	105	1	0	543.011	-0.8333
111	2	106	1	0	543.239	-0.8333
111	2	107	1	0	542.082	-0.8333
111	2	108	1	0	542.773	-0.8333
111	2	109	1	0	541.582	-0.8333
111	2	110	1	0	541.904	-0.8333
111	2	111	1	0	541.528	-0.8333
111	2	112	1	0	542.281	-0.8333
111	2	113	1	0	542.955	-0.8333
111	2	114	1	0	543.837	-0.8333
111	2	115	1	0	543.617	-0.8333
111	2	116	1	0	544.633	-0.8333
111	2	117	1	0	541.883	-0.8333
111	2	118	1	0	543.334	-0.8333
111	2	119	1	0	542.24	-0.8333
111	2	120	1	0	545.618	-0.8333
111	2	121	1	0	542.694	-0.8333
111	2	122	1	0	543.837	-0.8333
111	2	123	1	0	541.989	-0.8333
111	2	124	1	0	543.983	-0.8333
111	2	125	1	0	541.858	-0.8333
111	2	126	1	0	543.395	-0.8333
111	2	127	1	0	540.886	-0.8333
111	2	128	1	0	541.747	-0.8333
111	2	129	1	0	542.768	-0.8333
111	2	130	1	0	542.676	-0.8333
111	2	131	1	0	542.857	-0.8333
111	2	132	1	0	542.002	-0.8333
111	2	133	1	0	543.832	-0.8333
111	2	134	1	0	543.547	-0.8333
111	2	135	1	0	543.223	-0.8333
111	2	136	1	0	542.966	-0.8333
111	2	137	1	0	544.486	-0.8333
111	2	138	1	0	543.177	-0.8333
111	2	139	1	0	542.938	-0.8333
111	2	140	1	0	543.219	-0.8333
111	2	141	1	0	542.565	-0.8333
111	2	142	1	0	541.846	-0.8333
111	2	143	1	0	542.554	-0.8333
111	2	144	1	0	543.673	-0.8333
111	2	145	1	0	543.978	-0.8333
111	2	146	1	0	544.813	-0.8333
111	2	147	1	0	543.633	-0.8333
111	2	148	1	0	544.64	-0.8333
111	2	149	1	0	542.915	-0.8333
111	2	150	1	0	543.674	-0.8333
111	2	151	1	0	542.776	-0.8333
111	2	152	1	0	544.725	-0.8333
111	2	153	1	0	543.585	-0.8333
111	2	154	1	0	544.659	-0.8333
111	2	155	1	0	543.434	-0.8333
111	2	156	1	0	543.961	-0.8333
111	2	157	1	0	542.195	-0.8333
111	2	158	1	0	544.003	-0.8333
111	2	159	1	0	542.151	-0.8333
111	2	160	1	0	541.34	-0.8333
111	2	161	1	0	541.321	-0.8333
111	2	162	1	0	541.258	-0.8333
111	2	163	1	0	542.471	-0.8333
111	2	164	1	0	542.007	-0.8333
111	2	165	1	0	542.338	-0.8333
111	2	166	1	0	541.654	-0.8333
111	2	167	1	0	542.377	-0.8333
111	2	168	1	0	542.62	-0.8333
111	2	169	1	0	544.15	-0.8333
111	2	170	1	0	541.538	-0.8333
111	2	171	1	0	542.746	-0.8333
111	2	172	1	0	542.569	-0.8333
111	2	173	1	0	542.739	-0.8333
111	2	174	1	0	541.893	-0.8333
111	2	175	1	0	542.789	-0.8333
111	2	176	1	0	541.868	-0.8333
111	2	177	1	0	542.248	-0.8333
111	2	178	1	0	542.793	-0.8333
111	2	179	1	0	541.648	-0.8333
111	2	180	1	0	543.674	-0.8333
111	2	181	1	0	541.699	-0.8333
111	2	182	1	0	542.091	-0.8333
111	2	183	1	0	542.588	-0.8333
111	2	184	1	0	543.85	-0.8333
111	2	185	1	0	543.499	-0.8333
111	2	186	1	0	542.447	-0.8333
111	2	187	1	0	543.433	-0.8333
111	2	188	1	0	541.972	-0.8333
111	2	189	1	0	542.48	-0.8333
111	2	190	1	0	542.566	-0.8333
111	2	191	1	0	541.171	-0.8333
111	2	192	1	0	545.584	-0.8333
111	2	193	1	0	544.255	-0.8333
111	2	194	1	0	544.144	-0.8333
111	2	195	1	0	545.633	-0.8333
111	2	196	1	0	543.964	-0.8333
111	2	197	1	0	545.995	-0.8333
111	2	198	1	0	544.611	-0.8333
111	2	199	1	0	544.91	-0.8333
111	2	200	1	0	544.135	-0.8333
111	2	201	1	0	545.886	-0.8333
111	2	202	1	0	544.683	-0.8333
111	2	203	1	0	545.793	-0.8333
111	2	204	1	0	544.778	-0.8333
111	2	205	1	0	545.929	-0.8333
111	2	206	1	0	545.566	-0.8333
111	2	207	1	0	545.012	-0.8333
111	2	208	1	0	544.418	-0.8333
111	2	209	1	0	545.517	-0.8333
111	2	210	1	0	545.141	-0.8333
111	2	211	1	0	546.271	-0.8333
111	2	212	1	0	545.343	-0.8333
111	2	213	1	0	544.526	-0.8333
111	2	214	1	0	544.354	-0.8333
111	2	215	1	0	544.837	-0.8333
111	2	216	1	0	545.982	-0.8333
111	2	217	1	0	544.457	-0.8333
111	2	218	1	0	544.996	-0.8333
111	2	219	1	0	544.74	-0.8333
111	2	220	1	0	545.531	-0.8333
111	2	221	1	0	544.242	-0.8333
111	2	222	1	0	544.912	-0.8333
111	2	223	1	0	543.049	-0.8333
111	2	224	1	0	540.437	-0.8333
111	2	225	1	0	539.559	-0.8333
111	2	226	1	0	539.482	-0.8333
111	2	227	1	0	541.342	-0.8333
111	2	228	1	0	541.203	-0.8333
111	2	229	1	0	541.746	-0.8333
111	2	230	1	0	541.714	-0.8333
111	2	231	1	0	540.984	-0.8333
111	2	232	1	0	542.053	-0.8333
111	2	233	1	0	541.659	-0.8333
111	2	234	1	0	542.379	-0.8333
111	2	235	1	0	540.593	-0.8333
111	2	236	1	0	541.619	-0.8333
111	2	237	1	0	540.32	-0.8333
111	2	238	1	0	539.267	-0.8333
111	2	239	1	0	540.55	-0.8333
111	2	240	1	0	541.709	-0.8333
111	2	241	1	0	542.253	-0.8333
111	2	242	1	0	543.404	-0.8333
111	2	243	1	0	541.017	-0.8333
111	2	244	1	0	543.878	-0.8333
111	2	245	1	0	541.474	-0.8333
111	2	246	1	0	541.837	-0.8333
111	2	247	1	0	541.404	-0.8333
111	2	248	1	0	543.875	-0.8333
111	2	249	1	0	542.448	-0.8333
111	2	250	1	0	542.038	-0.8333
111	2	251	1	0	541.805	-0.8333
111	2	252	1	0	542.472	-0.8333
111	2	253	1	0	541.53	-0.8333
111	2	254	1	0	544	-0.8333
111	2	255	1	0	540.73	-0.8333
#########################################################
# SFT-X2 Tdc                                            #
#########################################################
111	3	0	1	0	541.434	-0.8333
111	3	1	1	0	542.279	-0.8333
111	3	2	1	0	541.115	-0.8333
111	3	3	1	0	543.3	-0.8333
111	3	4	1	0	540.599	-0.8333
111	3	5	1	0	544.254	-0.8333
111	3	6	1	0	542.552	-0.8333
111	3	7	1	0	543.901	-0.8333
111	3	8	1	0	542.821	-0.8333
111	3	9	1	0	543.157	-0.8333
111	3	10	1	0	543.255	-0.8333
111	3	11	1	0	543.923	-0.8333
111	3	12	1	0	543.322	-0.8333
111	3	13	1	0	543.674	-0.8333
111	3	14	1	0	543.4	-0.8333
111	3	15	1	0	543.417	-0.8333
111	3	16	1	0	542.422	-0.8333
111	3	17	1	0	543.985	-0.8333
111	3	18	1	0	543.951	-0.8333
111	3	19	1	0	543.689	-0.8333
111	3	20	1	0	544.127	-0.8333
111	3	21	1	0	542.96	-0.8333
111	3	22	1	0	543.673	-0.8333
111	3	23	1	0	542.947	-0.8333
111	3	24	1	0	544.46	-0.8333
111	3	25	1	0	543.14	-0.8333
111	3	26	1	0	543.168	-0.8333
111	3	27	1	0	543.259	-0.8333
111	3	28	1	0	543.58	-0.8333
111	3	29	1	0	543.736	-0.8333
111	3	30	1	0	543.616	-0.8333
111	3	31	1	0	541.824	-0.8333
111	3	32	1	0	539.123	-0.8333
111	3	33	1	0	540.942	-0.8333
111	3	34	1	0	539.669	-0.8333
111	3	35	1	0	541.127	-0.8333
111	3	36	1	0	538.788	-0.8333
111	3	37	1	0	542.086	-0.8333
111	3	38	1	0	539.119	-0.8333
111	3	39	1	0	541.706	-0.8333
111	3	40	1	0	541.118	-0.8333
111	3	41	1	0	541.636	-0.8333
111	3	42	1	0	540.047	-0.8333
111	3	43	1	0	541.595	-0.8333
111	3	44	1	0	541.051	-0.8333
111	3	45	1	0	542.062	-0.8333
111	3	46	1	0	540.745	-0.8333
111	3	47	1	0	540.189	-0.8333
111	3	48	1	0	540.892	-0.8333
111	3	49	1	0	541.477	-0.8333
111	3	50	1	0	541.565	-0.8333
111	3	51	1	0	541.91	-0.8333
111	3	52	1	0	541.673	-0.8333
111	3	53	1	0	541.415	-0.8333
111	3	54	1	0	541.567	-0.8333
111	3	55	1	0	541.399	-0.8333
111	3	56	1	0	542.112	-0.8333
111	3	57	1	0	541.932	-0.8333
111	3	58	1	0	542.83	-0.8333
111	3	59	1	0	540.602	-0.8333
111	3	60	1	0	541.512	-0.8333
111	3	61	1	0	540.891	-0.8333
111	3	62	1	0	542.03	-0.8333
111	3	63	1	0	540.387	-0.8333
111	3	64	1	0	539.359	-0.8333
111	3	65	1	0	540.765	-0.8333
111	3	66	1	0	540.032	-0.8333
111	3	67	1	0	541.539	-0.8333
111	3	68	1	0	539.702	-0.8333
111	3	69	1	0	542.871	-0.8333
111	3	70	1	0	539.792	-0.8333
111	3	71	1	0	542.79	-0.8333
111	3	72	1	0	540.767	-0.8333
111	3	73	1	0	542.3	-0.8333
111	3	74	1	0	540.875	-0.8333
111	3	75	1	0	541.585	-0.8333
111	3	76	1	0	541.947	-0.8333
111	3	77	1	0	542.225	-0.8333
111	3	78	1	0	542.07	-0.8333
111	3	79	1	0	541.92	-0.8333
111	3	80	1	0	540.885	-0.8333
111	3	81	1	0	542.645	-0.8333
111	3	82	1	0	542.877	-0.8333
111	3	83	1	0	542.368	-0.8333
111	3	84	1	0	543.365	-0.8333
111	3	85	1	0	541.585	-0.8333
111	3	86	1	0	541.8	-0.8333
111	3	87	1	0	542.704	-0.8333
111	3	88	1	0	542.842	-0.8333
111	3	89	1	0	541.962	-0.8333
111	3	90	1	0	542.687	-0.8333
111	3	91	1	0	541.64	-0.8333
111	3	92	1	0	542.721	-0.8333
111	3	93	1	0	541.543	-0.8333
111	3	94	1	0	542.679	-0.8333
111	3	95	1	0	541.819	-0.8333
111	3	96	1	0	540.66	-0.8333
111	3	97	1	0	541.025	-0.8333
111	3	98	1	0	540.542	-0.8333
111	3	99	1	0	542.116	-0.8333
111	3	100	1	0	540.42	-0.8333
111	3	101	1	0	542.747	-0.8333
111	3	102	1	0	541.727	-0.8333
111	3	103	1	0	542.563	-0.8333
111	3	104	1	0	542.609	-0.8333
111	3	105	1	0	543.104	-0.8333
111	3	106	1	0	542.413	-0.8333
111	3	107	1	0	542.844	-0.8333
111	3	108	1	0	543.588	-0.8333
111	3	109	1	0	542.888	-0.8333
111	3	110	1	0	543.297	-0.8333
111	3	111	1	0	542.401	-0.8333
111	3	112	1	0	542.87	-0.8333
111	3	113	1	0	542.422	-0.8333
111	3	114	1	0	543.85	-0.8333
111	3	115	1	0	542.41	-0.8333
111	3	116	1	0	542.923	-0.8333
111	3	117	1	0	541.865	-0.8333
111	3	118	1	0	543.474	-0.8333
111	3	119	1	0	541.941	-0.8333
111	3	120	1	0	543.975	-0.8333
111	3	121	1	0	541.546	-0.8333
111	3	122	1	0	543.117	-0.8333
111	3	123	1	0	541.802	-0.8333
111	3	124	1	0	543.175	-0.8333
111	3	125	1	0	541.578	-0.8333
111	3	126	1	0	542.665	-0.8333
111	3	127	1	0	540.062	-0.8333
111	3	128	1	0	542.589	-0.8333
111	3	129	1	0	542.449	-0.8333
111	3	130	1	0	542.274	-0.8333
111	3	131	1	0	543.339	-0.8333
111	3	132	1	0	542.933	-0.8333
111	3	133	1	0	543.867	-0.8333
111	3	134	1	0	543.237	-0.8333
111	3	135	1	0	544.531	-0.8333
111	3	136	1	0	543.964	-0.8333
111	3	137	1	0	544.89	-0.8333
111	3	138	1	0	543.709	-0.8333
111	3	139	1	0	544.658	-0.8333
111	3	140	1	0	543.768	-0.8333
111	3	141	1	0	544.645	-0.8333
111	3	142	1	0	544.089	-0.8333
111	3	143	1	0	544.409	-0.8333
111	3	144	1	0	542.912	-0.8333
111	3	145	1	0	544.106	-0.8333
111	3	146	1	0	545.567	-0.8333
111	3	147	1	0	543.879	-0.8333
111	3	148	1	0	544.904	-0.8333
111	3	149	1	0	544.066	-0.8333
111	3	150	1	0	544.152	-0.8333
111	3	151	1	0	543.229	-0.8333
111	3	152	1	0	545.145	-0.8333
111	3	153	1	0	544.047	-0.8333
111	3	154	1	0	545.256	-0.8333
111	3	155	1	0	543.449	-0.8333
111	3	156	1	0	543.584	-0.8333
111	3	157	1	0	542.918	-0.8333
111	3	158	1	0	543.356	-0.8333
111	3	159	1	0	542.064	-0.8333
111	3	160	1	0	539.42	-0.8333
111	3	161	1	0	539.426	-0.8333
111	3	162	1	0	538.847	-0.8333
111	3	163	1	0	540.263	-0.8333
111	3	164	1	0	538.237	-0.8333
111	3	165	1	0	541.656	-0.8333
111	3	166	1	0	538.406	-0.8333
111	3	167	1	0	541.321	-0.8333
111	3	168	1	0	540.543	-0.8333
111	3	169	1	0	542.117	-0.8333
111	3	170	1	0	540.048	-0.8333
111	3	171	1	0	540.764	-0.8333
111	3	172	1	0	540.676	-0.8333
111	3	173	1	0	541.394	-0.8333
111	3	174	1	0	540.443	-0.8333
111	3	175	1	0	539.947	-0.8333
111	3	176	1	0	539.343	-0.8333
111	3	177	1	0	540.864	-0.8333
111	3	178	1	0	541.394	-0.8333
111	3	179	1	0	541.221	-0.8333
111	3	180	1	0	541.89	-0.8333
111	3	181	1	0	540.043	-0.8333
111	3	182	1	0	540.732	-0.8333
111	3	183	1	0	539.788	-0.8333
111	3	184	1	0	541.023	-0.8333
111	3	185	1	0	540.675	-0.8333
111	3	186	1	0	542.366	-0.8333
111	3	187	1	0	539.244	-0.8333
111	3	188	1	0	539.903	-0.8333
111	3	189	1	0	539.67	-0.8333
111	3	190	1	0	541.056	-0.8333
111	3	191	1	0	540.886	-0.8333
111	3	192	1	0	543.339	-0.8333
111	3	193	1	0	542.882	-0.8333
111	3	194	1	0	543.244	-0.8333
111	3	195	1	0	544.527	-0.8333
111	3	196	1	0	542.28	-0.8333
111	3	197	1	0	545.35	-0.8333
111	3	198	1	0	542.752	-0.8333
111	3	199	1	0	545.818	-0.8333
111	3	200	1	0	544.912	-0.8333
111	3	201	1	0	544.546	-0.8333
111	3	202	1	0	543.837	-0.8333
111	3	203	1	0	544.285	-0.8333
111	3	204	1	0	544.065	-0.8333
111	3	205	1	0	544.419	-0.8333
111	3	206	1	0	544.005	-0.8333
111	3	207	1	0	543.992	-0.8333
111	3	208	1	0	542.921	-0.8333
111	3	209	1	0	544.775	-0.8333
111	3	210	1	0	544.603	-0.8333
111	3	211	1	0	545.079	-0.8333
111	3	212	1	0	545.144	-0.8333
111	3	213	1	0	544.174	-0.8333
111	3	214	1	0	544.343	-0.8333
111	3	215	1	0	545.319	-0.8333
111	3	216	1	0	545.287	-0.8333
111	3	217	1	0	545.493	-0.8333
111	3	218	1	0	545.503	-0.8333
111	3	219	1	0	544.305	-0.8333
111	3	220	1	0	542.955	-0.8333
111	3	221	1	0	543.081	-0.8333
111	3	222	1	0	545.07	-0.8333
111	3	223	1	0	543.066	-0.8333
111	3	224	1	0	542.853	-0.8333
111	3	225	1	0	543.452	-0.8333
111	3	226	1	0	544.419	-0.8333
111	3	227	1	0	544.154	-0.8333
111	3	228	1	0	544.192	-0.8333
111	3	229	1	0	544.848	-0.8333
111	3	230	1	0	545.043	-0.8333
111	3	231	1	0	544.316	-0.8333
111	3	232	1	0	544.918	-0.8333
111	3	233	1	0	544.947	-0.8333
111	3	234	1	0	545.463	-0.8333
111	3	235	1	0	543.518	-0.8333
111	3	236	1	0	544.022	-0.8333
111	3	237	1	0	543.682	-0.8333
111	3	238	1	0	543.184	-0.8333
111	3	239	1	0	543.382	-0.8333
111	3	240	1	0	544.899	-0.8333
111	3	241	1	0	544.318	-0.8333
111	3	242	1	0	545.815	-0.8333
111	3	243	1	0	544.472	-0.8333
111	3	244	1	0	545.61	-0.8333
111	3	245	1	0	543.425	-0.8333
111	3	246	1	0	544.607	-0.8333
111	3	247	1	0	543.074	-0.8333
111	3	248	1	0	546.937	-0.8333
111	3	249	1	0	544.176	-0.8333
111	3	250	1	0	545.436	-0.8333
111	3	251	1	0	544.893	-0.8333
111	3	252	1	0	545.377	-0.8333
111	3	253	1	0	543.794	-0.8333
111	3	254	1	0	543.619	-0.8333
111	3	255	1	0	542.57	-0.8333
