##
#  file: DCDriftParam_0
#  date: 2016.06.15
#  note: first version
#
#
#######################################################################
# Id	WireId	Type	NParam	p0	p1	...
### SDC1
1	0	6	6	0.0000e+00	2.6593e-02	2.1584e-03	-5.2672e-05	4.5974e-07	-1.4746e-09
2	0	6	6	0.0000e+00	2.7706e-02	2.2331e-03	-5.7842e-05	5.4685e-07	-1.9303e-09
3	0	6	6	0.0000e+00	2.8761e-02	2.1556e-03	-5.5793e-05	5.2336e-07	-1.8310e-09
4	0	6	6	0.0000e+00	2.9293e-02	2.0910e-03	-5.3481e-05	4.9091e-07	-1.6730e-09
5	0	6	6	0.0000e+00	1.8617e-02	2.5679e-03	-6.1842e-05	5.5944e-07	-1.8908e-09
6	0	6	6	0.0000e+00	1.8818e-02	2.5256e-03	-6.0266e-05	5.4002e-07	-1.8174e-09
### SFT
7	0	6	6	0.0000e+00	0		0		0		0
8	0	6	6	0.0000e+00	0		0		0		0
9	0	6	6	0.0000e+00	0		0		0		0
### SDC2
31	0	6	6	0.0000e+00	4.1679e-02	8.5729e-04	-1.2590e-05	4.3750e-08	-7.6868e-12
32	0	6	6	0.0000e+00	4.1891e-02	8.5642e-04	-1.4276e-05	7.4524e-08	-1.4938e-10
33	0	6	6	0.0000e+00	4.4013e-02	6.6326e-04	-1.0816e-05	5.4342e-08	-1.2159e-10
34	0	6	6	0.0000e+00	4.3965e-02	5.9495e-04	-7.7308e-06	1.4464e-08	3.7715e-11
### SDC3
35	0	6	6	0.0000e+00	4.4080e-02	4.4410e-04	-5.5180e-06	2.7224e-08	-5.1014e-11
36	0	6	6	0.0000e+00	4.4087e-02	4.2358e-04	-5.3716e-06	2.7060e-08	-5.1366e-11
37	0	6	6	0.0000e+00	4.7521e-02	3.6372e-04	-4.4616e-06	2.1011e-08	-3.8538e-11
38	0	6	6	0.0000e+00	4.8686e-02	3.6342e-04	-4.5268e-06	2.1307e-08	-3.8996e-11
### BC3
113	0	6	6	0.0000e+00	4.5141e-02	8.8454e-04	4.5315e-05	-4.1809e-06	5.9372e-08
114	0	6	6	0.0000e+00	3.2793e-02	1.7068e-03	9.1274e-06	-2.8485e-06	4.0224e-08
115	0	6	6	0.0000e+00	3.4480e-02	1.3978e-03	4.5272e-05	-4.4012e-06	6.1094e-08
116	0	6	6	0.0000e+00	2.3399e-02	2.4099e-03	-1.1724e-05	-2.4930e-06	3.7089e-08
117	0	6	6	0.0000e+00	4.4203e-02	1.9783e-04	1.0073e-04	-5.5156e-06	6.9037e-08
118	0	6	6	0.0000e+00	5.9682e-03	2.7547e-03	-4.3906e-07	-2.5043e-06	3.1831e-08
### BC4
119	0	6	6	0.0000e+00	1.8290e-02	3.2653e-03	-7.6112e-05	-3.6308e-07	1.2326e-08
120	0	6	6	0.0000e+00	-5.0873e-04	3.6157e-03	-4.4633e-05	-1.4303e-06	2.1535e-08
121	0	6	6	0.0000e+00	2.0279e-02	2.5894e-03	-2.4746e-05	-1.8448e-06	2.7116e-08
122	0	6	6	0.0000e+00	7.7666e-03	4.1679e-03	-1.3732e-04	1.8970e-06	-1.6278e-08
123	0	6	6	0.0000e+00	2.5660e-02	1.7810e-03	2.4512e-05	-3.1760e-06	4.0175e-08
124	0	6	6	0.0000e+00	1.0704e-02	3.1493e-03	-5.5994e-05	-5.1268e-07	7.9914e-09
