#
# DC DriftParam for SKS 
#
# BDC
#
101  0  6  6  -616.65  6.892557e-02  -1.171057e-03  2.179487e-05  -2.384215e-07  9.330678e-10  
102  0  6  6  -616.30  7.304507e-02  -1.249636e-03  2.123748e-05  -2.201449e-07  8.435220e-10  
103  0  6  6  -623.94  7.802253e-02  -1.802885e-03  3.747085e-05  -3.990273e-07  1.511546e-09  
104  0  6  6  -622.99  7.599931e-02  -1.592361e-03  3.203269e-05  -3.450747e-07  1.325915e-09  
105  0  6  6  -615.91  8.101487e-02  -1.881489e-03  3.799728e-05  -3.977194e-07  1.494724e-09  
106  0  6  6  -628.16  7.220914e-02  -1.691543e-03  3.838027e-05  -4.276042e-07  1.652852e-09  
#				
107  0  6  6  -609.35  5.940484e-02  -6.636339e-04  1.155412e-05  -1.476635e-07  6.377313e-10  
108  0  6  6  -609.47  6.721298e-02  -9.808505e-04  1.688838e-05  -1.901271e-07  7.680919e-10  
109  0  6  6  -610.28  7.316041e-02  -1.488601e-03  2.966835e-05  -3.180087e-07  1.216177e-09  
110  0  6  6  -614.34  6.745657e-02  -1.178769e-03  2.302551e-05  -2.553844e-07  1.001628e-09  
111  0  6  6  -622.86  6.088303e-02  -3.454808e-04  1.569490e-07  -2.006220e-08  1.696667e-10  
112  0  6  6  -622.17  5.566572e-02  -1.899446e-04  -1.105867e-06  -2.083051e-08  1.999897e-10  
#
113  0  6  6  -729.00  8.140983e-02  -1.316332e-03  1.774221e-05  -1.627027e-07  6.027404e-10  
114  0  6  6  -731.00  7.395407e-02  -8.556639e-04  7.489173e-06  -6.612664e-08  2.764693e-10  
115  0  6  6  -715.00  6.314125e-02  -6.951792e-04  1.026713e-05  -1.278931e-07  5.627171e-10  
116  0  6  6  -722.00  6.344530e-02  -7.039865e-04  1.034793e-05  -1.282499e-07  5.638055e-10  
117  0  6  6  -717.00  6.225926e-02  -5.306599e-04  5.265087e-06  -7.350316e-08  3.636597e-10  
118  0  6  6  -717.00  5.725197e-02  -3.718165e-04  3.801358e-06  -7.215502e-08  3.874567e-10  
#			     
119  0  6  6  -731.00  6.027712e-02  -7.409370e-04  1.404156e-05  -1.780846e-07  7.614048e-10  
120  0  6  6  -731.00  7.323252e-02  -1.308060e-03  2.351185e-05  -2.489569e-07  9.607060e-10  
121  0  6  6  -725.00  6.740921e-02  -8.384761e-04  1.174325e-05  -1.315391e-07  5.521911e-10  
122  0  6  6  -725.00  7.175405e-02  -1.160149e-03  1.953579e-05  -2.080957e-07  8.165877e-10  
123  0  6  6  -733.00  6.703152e-02  -1.006324e-03  1.731592e-05  -1.914735e-07  7.654030e-10  
124  0  6  6  -733.00  7.098945e-02  -1.019373e-03  1.455977e-05  -1.480968e-07  5.811130e-10  
#
# SDC1
1   0  6  6  0.00 -7.951693e-03 5.919140e-03 -2.638340e-04 6.959249e-06 -8.776217e-08
2   0  6  6  0.00  1.007216e-03 6.340542e-03 -3.705437e-04 1.136348e-05 -1.420421e-07
3   0  6  6  0.00  4.203746e-02 1.732716e-03 -1.112927e-04 5.144925e-06 -1.032521e-07
4   0  6  6  0.00  2.458666e-02 4.486505e-03 -2.390754e-04 6.615698e-06 -9.066314e-08
#
# SDC2
5   0  6  6  0.00  1.343268e-02 5.881450e-03 -2.902432e-04 6.260060e-06 -5.040547e-08
6   0  6  6  0.00  1.829371e-02 3.896224e-03 -1.656568e-04 3.404359e-06 -2.799719e-08
7   0  6  6  0.00  3.312673e-02 3.168853e-03 -1.627975e-04 3.785848e-06 -3.335015e-08
8   0  6  6  0.00  2.644198e-02 3.453548e-03 -1.588910e-04 3.454884e-06 -2.945883e-08
9   0  6  6  0.00  3.133446e-02 2.772875e-03 -1.318385e-04 3.114980e-06 -2.882990e-08
10  0  6  6  0.00  1.143525e-02 4.815405e-03 -2.119434e-04 4.467464e-06 -3.698645e-08
#
# SDC3
31  0  6  6  0.00  6.216303e-02 -1.914686e-05 -1.420032e-06 9.422923e-09 -1.930791e-11
32  0  6  6  0.00  6.617590e-02 -1.635425e-04 5.387041e-08 3.363209e-09 -1.043245e-11
33  0  6  6  0.00  6.271631e-02 -5.352547e-05 -1.039637e-06 7.838679e-09 -1.703586e-11
34  0  6  6  0.00  6.167463e-02 -2.186152e-05 -1.439967e-06 9.918595e-09 -2.069396e-11
35  0  6  6  0.00  6.483041e-02 -6.566165e-05 -1.232034e-06 9.615779e-09 -2.080510e-11
36  0  6  6  0.00  6.097224e-02 -2.593166e-06 -1.660105e-06 1.091966e-08 -2.225887e-11
#
# SDC4
37  0  6  6  0.00  5.324586e-02 2.320099e-04 -3.952086e-06 2.024892e-08 -3.588567e-11
38  0  6  6  0.00  5.341005e-02 2.305012e-04 -3.898960e-06 1.972956e-08 -3.463312e-11
39  0  6  6  0.00  5.014287e-02 2.876385e-04 -4.304946e-06 2.096552e-08 -3.582730e-11
40  0  6  6  0.00  4.688963e-02 3.944420e-04 -5.272872e-06 2.471371e-08 -4.137407e-11
41  0  6  6  0.00  4.423323e-02 4.752721e-04 -6.121179e-06 2.824514e-08 -4.641136e-11
42  0  6  6  0.00  6.184287e-02 -2.207561e-05 -1.496002e-06 1.023283e-08 -2.100161e-11
#
