##
#  file: DCDriftParam_0
#  date: 2016.06.15
#  note: first version
#
#
#######################################################################
# Id	WireId	Type	NParam	p0	p1	...
### SFT
1	0	6	6	0.0000e+00	0		0		0		0
2	0	6	6	0.0000e+00	0		0		0		0
3	0	6	6	0.0000e+00	0		0		0		0
### SDC1
4	0	6	6	0.0000e+00	4.1578e-02	1.2781e-03	-2.3997e-05	2.4935e-08	8.4590e-10
5	0	6	6	0.0000e+00	4.0969e-02	1.3126e-03	-2.5442e-05	5.0831e-08	6.9504e-10
6	0	6	6	0.0000e+00	4.2220e-02	1.2002e-03	-2.2028e-05	7.4901e-09	8.9267e-10
7	0	6	6	0.0000e+00	4.1096e-02	1.3057e-03	-2.5387e-05	5.2096e-08	6.8096e-10
8	0	6	6	0.0000e+00	4.0549e-02	1.3908e-03	-2.8577e-05	9.7100e-08	4.6374e-10
9	0	6	6	0.0000e+00	4.1934e-02	1.2463e-03	-2.3541e-05	2.6692e-08	8.0583e-10
### SDC2
31	0	6	6	0.0000e+00	4.1679e-02	8.5729e-04	-1.2590e-05	4.3750e-08	-7.6868e-12
32	0	6	6	0.0000e+00	4.1891e-02	8.5642e-04	-1.4276e-05	7.4524e-08	-1.4938e-10
33	0	6	6	0.0000e+00	4.4013e-02	6.6326e-04	-1.0816e-05	5.4342e-08	-1.2159e-10
34	0	6	6	0.0000e+00	4.3965e-02	5.9495e-04	-7.7308e-06	1.4464e-08	3.7715e-11
### SDC3
35	0	6	6	0.0000e+00	4.4080e-02	4.4410e-04	-5.5180e-06	2.7224e-08	-5.1014e-11
36	0	6	6	0.0000e+00	4.4087e-02	4.2358e-04	-5.3716e-06	2.7060e-08	-5.1366e-11
37	0	6	6	0.0000e+00	4.7521e-02	3.6372e-04	-4.4616e-06	2.1011e-08	-3.8538e-11
38	0	6	6	0.0000e+00	4.8686e-02	3.6342e-04	-4.5268e-06	2.1307e-08	-3.8996e-11
### BC3
113	0	6	6	0.0000e+00	5.2255e-02	-8.7032e-04	1.5424e-04	-6.5993e-06	7.6525e-08
114	0	6	6	0.0000e+00	5.5426e-02	-1.4783e-03	2.1571e-04	-9.0173e-06	1.0752e-07
115	0	6	6	0.0000e+00	5.2248e-02	-5.6500e-04	1.6952e-04	-8.4061e-06	1.0862e-07
116	0	6	6	0.0000e+00	5.3075e-02	-7.5149e-04	1.8209e-04	-8.7521e-06	1.1204e-07
117	0	6	6	0.0000e+00	5.3414e-02	-6.5879e-04	1.6230e-04	-7.8108e-06	9.8900e-08
118	0	6	6	0.0000e+00	5.2025e-02	-3.4463e-04	1.5820e-04	-8.3650e-06	1.1170e-07
### BC4
119	0	6	6	0.0000e+00	5.5228e-02	-8.7031e-04	1.6650e-04	-7.6640e-06	9.4982e-08
120	0	6	6	0.0000e+00	5.4702e-02	-8.6938e-04	1.7900e-04	-8.3997e-06	1.0615e-07
121	0	6	6	0.0000e+00	5.7017e-02	-1.2959e-03	2.1865e-04	-9.8796e-06	1.2448e-07
122	0	6	6	0.0000e+00	5.4107e-02	-1.0024e-03	1.9082e-04	-8.6678e-06	1.0765e-07
123	0	6	6	0.0000e+00	5.2888e-02	-9.3166e-04	2.1021e-04	-9.9314e-06	1.2713e-07
124	0	6	6	0.0000e+00	5.4402e-02	-1.2631e-03	2.2914e-04	-1.0317e-05	1.2937e-07
