##
#  file: DCDriftParam_05047
#  date: 2021-05-11 14:47:56
#  note: first version
#        DCDriftParam SdcIn ... done
#        DCDriftParam BcOut ... done
#
#
#######################################################################
# Id	WireId	Type	NParam	p0	p1	...
### SDC1
1 	0 	6	6 	0.0000e+00 	7.3432e-03 	1.0743e-03 	-1.7878e-05 	1.1345e-07 	-1.4607e-10
2 	0 	6 	6 	0.0000e+00 	1.6835e-02 	-1.7537e-04 	2.1203e-05 	-3.2196e-07 	1.4559e-09
3 	0 	6 	6 	0.0000e+00 	8.7456e-03 	2.5265e-03 	-7.5586e-05 	9.0956e-07 	-3.9004e-09
4 	0 	6 	6 	0.0000e+00 	3.7232e-02 	1.7845e-04 	-7.3757e-06     6.4292e-08 	-1.2353e-10
5 	0 	6 	6 	0.0000e+00      2.4812e-02      4.9971e-04      -1.9160e-05     2.7723e-07      -1.2969e-09
6 	0       6       6       0.0000e+00      2.8471e-02      5.7490e-04      -1.8356e-05     2.2961e-07      -1.0025e-09
### SDC2
7	0 	6 	6 	0.0000e+00 	-6.6617e-04 	1.4018e-03 	-3.2810e-05 	3.4760e-07 	-1.3581e-09
8 	0 	6 	6 	0.0000e+00 	9.2917e-03 	1.5821e-04 	6.1252e-06 	-1.0736e-07 	4.5031e-10
9 	0 	6 	6 	0.0000e+00 	1.7930e-02 	8.2513e-04 	-2.2293e-05 	2.2605e-07 	-8.0287e-10
10      0       6 	6 	0.0000e+00 	2.6015e-02 	3.7505e-04 	-1.3028e-05     1.4280e-07 	-5.0874e-10
### SDC3
31	0	6	6	0.0000e+00	5.2153e-02	 5.3970e-05	 4.0806e-06	-1.0905e-07	 5.3145e-10
32	0	6	6	0.0000e+00	6.1100e-02	-2.4605e-04	 6.9752e-06	-1.1462e-07	 5.0858e-10
33	0	6	6	0.0000e+00	6.3541e-02	-2.8958e-04	 6.9528e-06	-9.7088e-08	 3.7395e-10
34	0	6	6	0.0000e+00	5.3082e-02	-4.7651e-05	 9.5142e-06	-1.7463e-07	 7.6350e-10
### SDC4
35	0	6	6	0.0000e+00	4.8558e-02	 6.0409e-04	-9.3008e-06	 2.4389e-08	 5.0487e-11
36	0	6	6	0.0000e+00	4.9976e-02	 5.7338e-04	-9.0221e-06	 2.3608e-08	 4.3609e-11
37	0	6	6	0.0000e+00	4.6269e-02	 5.1955e-04	-7.6387e-06	 2.0211e-08	 2.2873e-11
38	0	6	6	0.0000e+00	5.0104e-02	 3.8835e-04	-4.3769e-06	-1.8641e-08	 1.7803e-10
### SDC5
39	0	6	6	0.0000e+00	5.6989e-02	 1.6426e-04	-1.0532e-06	-4.4039e-08	 2.5962e-10
40	0	6	6	0.0000e+00	4.3349e-02	 5.6774e-04	-6.5058e-06	-8.6343e-09	 1.8211e-10
41	0	6	6	0.0000e+00	5.2586e-02	 3.0348e-04	-4.0429e-06	-1.1033e-08	 1.2915e-10
42	0	6	6	0.0000e+00	5.7370e-02	 8.9908e-05	 6.7203e-07	-6.1181e-08	 3.2265e-10
### BC3
113 	0 	6 	6 	0.0000e+00 	3.4032e-02 	2.6187e-03 	-1.3703e-04 	2.3466e-06 	-1.3958e-08
114 	0 	6 	6 	0.0000e+00 	3.7051e-02 	2.5387e-03 	-1.4087e-04 	2.5009e-06 	-1.5331e-08
115 	0 	6 	6 	0.0000e+00 	3.5588e-02 	3.2059e-03 	-1.7115e-04 	2.9709e-06 	-1.7726e-08
116 	0 	6 	6 	0.0000e+00 	3.8223e-02 	2.8406e-03 	-1.6203e-04     2.9533e-06 	-1.8494e-08
117 	0 	6 	6 	0.0000e+00      4.3767e-02      2.2689e-03      -1.3760e-04     2.4843e-06      -1.5238e-08
118 	0       6       6       0.0000e+00      3.8352e-02      3.5240e-03      -1.9689e-04     3.5261e-06      -2.1528e-08
### BC4
119 	0       6       6       0.0000e+00      4.8814e-02      2.0454e-03      -1.3440e-04     2.4688e-06      -1.5233e-08
120 	0       6       6       0.0000e+00      4.0321e-02      2.6163e-03      -1.4982e-04     2.6660e-06      -1.6218e-08
121 	0 	6 	6 	0.0000e+00 	4.1104e-02 	2.0673e-03 	-1.2333e-04 	2.2403e-06 	-1.3995e-08
122 	0 	6 	6 	0.0000e+00 	3.4309e-02 	2.8619e-03 	-1.5356e-04 	2.7120e-06 	-1.6612e-08
123 	0 	6 	6 	0.0000e+00 	3.9618e-02 	2.9698e-03 	-1.7114e-04 	3.1110e-06 	-1.9305e-08
124 	0 	6 	6 	0.0000e+00 	3.6204e-02 	3.2885e-03 	-1.7835e-04     3.1339e-06 	-1.8892e-08


