##
#  file: DCDriftParam_0
#  date: 2016.06.15
#  note: first version
#
#
#######################################################################
# Id	WireId	Type	NParam	p0	p1	...
### SDC1
1       0       6       6       0.0000e+00     3.449901e-02     -1.035862e-04     7.128236e-06     -9.974652e-08     4.366633e-10
2       0       6       6       0.0000e+00     3.547639e-02     -1.852008e-04     1.032507e-05     -1.569456e-07     8.043633e-10
3       0       6       6       0.0000e+00     3.600531e-02     -2.236751e-04     1.038774e-05     -1.433892e-07     6.887075e-10
4       0       6       6       0.0000e+00     3.674084e-02     -3.008379e-04     1.343205e-05     -1.985909e-07     1.060750e-09
5       0       6       6       0.0000e+00     3.289576e-02     4.162570e-05     2.607988e-06     -4.204083e-08     1.797801e-10
6       0       6       6       0.0000e+00     3.272894e-02     3.833917e-05     3.425609e-06     -6.102269e-08     2.994605e-10
### SFT
7	0	6	6	0.0000e+00	0		0		0		0
8	0	6	6	0.0000e+00	0		0		0		0
9	0	6	6	0.0000e+00	0		0		0		0
### SDC2
31       0       6       6       0.0000e+00     2.453957e-02     3.130837e-05     1.537402e-05     -2.281591e-07     9.189899e-10
32       0       6       6       0.0000e+00     2.866545e-02     9.182933e-05     1.225845e-05     -2.024699e-07     8.728176e-10
33       0       6       6       0.0000e+00     2.882507e-02     3.818516e-04     3.457312e-06     -1.096081e-07     5.320197e-10
34       0       6       6       0.0000e+00     2.238789e-02     6.382312e-04     -2.277545e-06     -4.210395e-08     2.364217e-10
### SDC3
35       0       6       6       0.0000e+00     2.127199e-02     5.390985e-04     -5.072372e-06     2.021926e-08     -2.947829e-11
36       0       6       6       0.0000e+00     2.273427e-02     5.221464e-04     -4.922765e-06     1.949983e-08     -2.828354e-11
37       0       6       6       0.0000e+00     2.212499e-02     5.093989e-04     -4.657060e-06     1.803910e-08     -2.570948e-11
38       0       6       6       0.0000e+00     1.813354e-02     5.735692e-04     -5.043551e-06     1.918493e-08     -2.718747e-11
### BC3
113       0       6       6       0.0000e+00     3.534358e-02     5.580117e-06     7.731831e-05     -3.298317e-06     3.789224e-08
114       0       6       6       0.0000e+00     3.635413e-02     7.644641e-04     -9.591321e-06     2.507206e-07     -1.276127e-08
115       0       6       6       0.0000e+00     5.874906e-02     -5.407762e-03     5.562461e-04     -2.080805e-05     2.617429e-07
116       0       6       6       0.0000e+00     5.643088e-02     -4.582951e-03     4.748079e-04     -1.762615e-05     2.185227e-07
117       0       6       6       0.0000e+00     4.341858e-02     -1.015528e-03     1.317689e-04     -4.525548e-06     4.647375e-08
118       0       6       6       0.0000e+00     4.340529e-02     -1.408887e-03     1.715920e-04     -5.761075e-06     5.808936e-08
### BC4
119       0       6       6       0.0000e+00     4.638682e-02     -1.936540e-03     2.412550e-04     -9.299342e-06     1.147058e-07
120       0       6       6       0.0000e+00     3.937705e-02     1.029536e-04     3.877076e-05     -1.150029e-06     1.018314e-09
121       0       6       6       0.0000e+00     5.586161e-02     -4.458564e-03     4.634759e-04     -1.720887e-05     2.132905e-07
122       0       6       6       0.0000e+00     5.443394e-02     -4.104103e-03     4.284868e-04     -1.581657e-05     1.943691e-07
123       0       6       6       0.0000e+00     4.095338e-02     -3.261651e-04     7.215704e-05     -2.163781e-06     1.162990e-08
124       0       6       6       0.0000e+00     3.935802e-02     3.460436e-04     -3.448154e-06     9.775833e-07     -3.206505e-08
