#
# DC DriftParam for SKS 
#
# BC1
101  0  6  6   0.00 0.00 0.00 0.00 0.00 0.00  
102  0  6  6   0.00 0.00 0.00 0.00 0.00 0.00  
103  0  6  6   0.00 0.00 0.00 0.00 0.00 0.00  
104  0  6  6   0.00 0.00 0.00 0.00 0.00 0.00  
105  0  6  6   0.00 0.00 0.00 0.00 0.00 0.00  
106  0  6  6   0.00 0.00 0.00 0.00 0.00 0.00
#
# BC2				
107  0  6  6   0.00 0.00 0.00 0.00 0.00 0.00
108  0  6  6   0.00 0.00 0.00 0.00 0.00 0.00
109  0  6  6   0.00 0.00 0.00 0.00 0.00 0.00
110  0  6  6   0.00 0.00 0.00 0.00 0.00 0.00
111  0  6  6   0.00 0.00 0.00 0.00 0.00 0.00
112  0  6  6   0.00 0.00 0.00 0.00 0.00 0.00
#
# BC3
113  0  6  6   0.00  2.61405e-02 3.50272e-03 -1.60411e-04 2.47186e-06 -1.30139e-08
114  0  6  6   0.00  3.19634e-02 2.97254e-03 -1.45496e-04 2.30411e-06 -1.23639e-08
115  0  6  6   0.00  2.38713e-02 3.68111e-03 -1.66747e-04 2.57663e-06 -1.36372e-08
116  0  6  6   0.00  2.22940e-02 3.83205e-03 -1.71514e-04 2.64156e-06 -1.39646e-08
117  0  6  6   0.00  3.72561e-02 2.65020e-03 -1.38610e-04 2.24538e-06 -1.22096e-08
118  0  6  6   0.00  7.06446e-03 5.03548e-03 -2.05257e-04 3.04953e-06 -1.57750e-08
#		     
# BC4
119  0  6  6   0.00  -1.724352e-02 5.450625e-03 -1.418470e-04 1.417029e-06 -5.028309e-09
120  0  6  6   0.00  -6.146335e-03 4.805740e-03 -1.273432e-04 1.272836e-06 -4.499606e-09
121  0  6  6   0.00  -6.964996e-03 4.910985e-03 -1.319795e-04 1.343462e-06 -4.843943e-09 
122  0  6  6   0.00  -1.709413e-02 5.236748e-03 -1.343264e-04 1.328220e-06 -4.678658e-09 
123  0  6  6   0.00  -1.391955e-02 5.042572e-03 -1.296712e-04 1.278454e-06 -4.483457e-09
124  0  6  6   0.00  -1.713681e-02 5.130361e-03 -1.288909e-04 1.246032e-06 -4.288580e-09
#
# SDC1
1   0  6  6  0.00  7.983247e-03 6.189828e-03 -4.167973e-04 1.468206e-05 -2.052327e-07
2   0  6  6  0.00  6.791063e-03 6.610841e-03 -4.037993e-04 1.213042e-05 -1.485343e-07
3   0  6  6  0.00  1.434400e-02 5.721568e-03 -3.729047e-04 1.227436e-05 -1.640851e-07
4   0  6  6  0.00  1.001678e-02 6.408178e-03 -4.306251e-04 1.465883e-05 -1.995750e-07
#
# SDC2
5   0  6  6  0.00  3.733647e-02 2.496222e-03 -1.244817e-04 2.748615e-06 -2.316094e-08
6   0  6  6  0.00  3.189457e-02 2.538254e-03 -1.036450e-04 1.951429e-06 -1.504521e-08
7   0  6  6  0.00  3.315244e-02 3.132588e-03 -1.585933e-04 3.513516e-06 -2.927111e-08
8   0  6  6  0.00  2.683954e-02 3.601340e-03 -1.727772e-04 3.694195e-06 -2.994461e-08
9   0  6  6  0.00  3.103491e-02 3.098277e-03 -1.554211e-04 3.517852e-06 -3.000574e-08
10  0  6  6  0.00  2.763693e-02 3.240506e-03 -1.491238e-04 3.176522e-06 -2.630170e-08
#
# SDC3
31  0  6  6  0.00  5.778453e-02 3.735615e-05 -1.800229e-06 1.168414e-08 -2.488458e-11
32  0  6  6  0.00  6.174255e-02 -7.799714e-05 -7.704134e-07 7.819646e-09 -1.951382e-11
33  0  6  6  0.00  5.931281e-02 -5.702514e-06 -1.530960e-06 1.130396e-08 -2.527482e-11
34  0  6  6  0.00  6.456962e-02 -1.268826e-04 -5.243129e-07 7.580934e-09 -2.008638e-11
35  0  6  6  0.00  6.094924e-02 -6.482732e-05 -7.864669e-07 7.491039e-09 -1.859940e-11
36  0  6  6  0.00  6.213232e-02 -1.133676e-04 -3.648344e-07 6.242012e-09 -1.754757e-11
#
# SDC4
37  0  6  6  0.00  5.865595e-02 -4.250325e-05 -9.671368e-07 8.251434e-09 -1.961680e-11
38  0  6  6  0.00  6.037271e-02 -6.915568e-05 -7.876092e-07 7.696592e-09 -1.897866e-11
39  0  6  6  0.00  5.996214e-02 -7.967860e-05 -4.745933e-07 5.779310e-09 -1.555773e-11
40  0  6  6  0.00  5.798441e-02 -4.884269e-06 -1.343204e-06 9.741690e-09 -2.176933e-11
41  0  6  6  0.00  5.949795e-02 -6.598549e-05 -6.895105e-07 6.944606e-09 -1.752476e-11
42  0  6  6  0.00  5.814591e-02 -3.699510e-05 -9.816025e-07 8.151849e-09 -1.922715e-11
#
