##
#  file: DCDriftParam_03085
#  date: 2020.12.16
#  note:
#
#
#######################################################################
# Id	WireId	Type	NParam	p0	p1	...
### SDC1
1	0	6	6	0.0000e+00	3.1436e-02	8.2017e-03	-3.1981e-04	4.3570e-06	-2.0392e-08
2	0	6	6	0.0000e+00	-4.0814e-03	1.0482e-02	-3.7281e-04	4.8896e-06	-2.2354e-08
3	0	6	6	0.0000e+00	-2.6717e-03	1.0425e-02	-3.7343e-04	4.9235e-06	-2.2611e-08
4	0	6	6	0.0000e+00	-2.7867e-02	1.1893e-02	-4.0374e-04	5.1826e-06	-2.3366e-08
5	0	6	6	0.0000e+00	1.6787e-02	9.2562e-03	-3.4719e-04	4.6651e-06	-2.1669e-08
6	0	6	6	0.0000e+00	-7.9167e-02	1.3945e-02	-4.2342e-04	5.0716e-06	-2.1664e-08
### SDC2
7	0	6	6	0.0000e+00	4.5484e-02	 8.1895e-04	 -1.4274e-05	 7.3826e-08	 -1.2830e-10
8	0	6	6	0.0000e+00	4.5595e-02 	 7.3759e-04 	 -1.2906e-05	 6.5939e-08	 -1.1297e-10
9	0	6	6	0.0000e+00	5.0768e-02 	 5.4137e-04 	 -1.0493e-05	 5.3680e-08	 -9.0740e-11
10	0	6	6	0.0000e+00	4.8403e-02 	 6.0402e-04 	 -1.0988e-05	 5.5166e-08	 -9.1974e-11
### SDC3
31	0	6	6	0.0000e+00	1.1100e-01 	 -3.2436e-03 	 9.1393e-05 	 -1.1231e-06 	 4.6958e-09
32	0	6	6	0.0000e+00	7.0779e-02 	 -5.0672e-04 	 1.6514e-05 	 -2.6364e-07 	 1.2292e-09
33	0	6	6	0.0000e+00	9.1244e-02 	 -1.9722e-03 	 5.2745e-05 	 -6.2364e-07 	 2.4625e-09
34	0	6	6	0.0000e+00	9.8703e-02 	 -2.4197e-03 	 6.5293e-05 	 -7.7787e-07 	 3.1256e-09
### SDC4
35	0	6	6	0.0000e+00	6.8937e-02 	 -1.5246e-04 	 1.1865e-07 	 3.4976e-09 	 -1.4484e-11
36	0	6	6	0.0000e+00	7.1539e-02 	 -2.3649e-04 	 1.0766e-06 	 -9.7017e-10 	 -7.1401e-12
37	0	6	6	0.0000e+00	7.4356e-02 	 -3.7242e-04 	 2.8725e-06 	 -1.0330e-08 	 9.9915e-12
38	0	6	6	0.0000e+00	7.3168e-02 	 -2.0205e-04 	 7.3922e-07 	 -7.4029e-10 	 -5.1864e-12
### BC3
113	0	6	6	0.0000e+00	2.0539e-02	2.0882e-03	9.4617e-06	-3.0018e-06	4.2040e-08
114	0	6	6	0.0000e+00	2.1429e-02	-4.1710e-04	2.3729e-04	-1.0404e-05	1.2647e-07
115	0	6	6	0.0000e+00	3.9356e-02	-4.6167e-03	5.7355e-04	-2.1453e-05	2.5432e-07
116	0	6	6	0.0000e+00	3.8952e-02	-5.1459e-03	5.8024e-04	-2.0269e-05	2.2671e-07
117	0	6	6	0.0000e+00	4.6238e-02	-5.7117e-03	6.7693e-04	-2.5629e-05	3.1103e-07
118	0	6	6	0.0000e+00	2.1952e-02	-1.6438e-03	1.7853e-04	-3.0203e-06	-1.3009e-08
### BC4
119	0	6	6	0.0000e+00	3.5594e-02	-3.7129e-03	4.9131e-04	-1.8247e-05	2.1027e-07
120	0	6	6	0.0000e+00	1.8019e-02	-1.4365e-03	2.3074e-04	-6.6279e-06	4.6926e-08
121	0	6	6	0.0000e+00	3.7414e-02	-5.2554e-03	5.7013e-04	-1.9032e-05	2.0234e-07
122	0	6	6	0.0000e+00	1.8844e-02	-1.6938e-03	2.4292e-04	-6.7797e-06	4.6802e-08
123	0	6	6	0.0000e+00	6.9216e-03	4.4988e-04	1.9310e-04	-8.6460e-06	1.0071e-07
124	0	6	6	0.0000e+00	6.4346e-04	7.8711e-04	1.1010e-04	-4.0193e-06	3.0907e-08
