##
#  file: DCDriftParam_0
#  date: 2016.05.25
#  note: first version
#
#
#######################################################################
# Id	WireId	Type	NParam	p0	p1	...
### SDC1
1	0	6	6	0.0000e+00	2.2982e-02	2.2299e-03	-4.8714e-05	3.5642e-07	-8.5422e-10
2	0	6	6	0.0000e+00	2.3872e-02	2.3123e-03	-5.3171e-05	4.2151e-07	-1.1532e-09
3	0	6	6	0.0000e+00	2.5125e-02	1.9977e-03	-4.1306e-05	2.6501e-07	-4.6413e-10
4	0	6	6	0.0000e+00	1.9389e-02	2.3869e-03	-5.0628e-05	3.5771e-07	-7.9107e-10
5	0	6	6	0.0000e+00	2.4767e-02	2.1677e-03	-4.7197e-05	3.3338e-07	-7.2826e-10
6	0	6	6	0.0000e+00	4.7177e-03	3.5249e-03	-8.1882e-05	7.1598e-07	-2.2482e-09
### SDC2
31	0	6	6	0.0000e+00	4.9300e-02	7.0603e-04	-9.4421e-06	2.6254e-09	1.6858e-10
32	0	6	6	0.0000e+00	5.9365e-02	3.1037e-04	-6.4414e-06	1.5514e-08	3.2313e-11
33	0	6	6	0.0000e+00	6.8480e-02	-7.0100e-05	-5.5722e-07	-2.5788e-08	1.4458e-10
34	0	6	6	0.0000e+00	6.1589e-02	2.2992e-04	-4.7622e-06	-1.9922e-09	9.7774e-11
### SDC3
35	0	6	6	0.0000e+00	6.4966e-02	5.0792e-04	-8.3711e-06	4.2502e-08	-7.6337e-11
36	0	6	6	0.0000e+00	6.4827e-02	7.7209e-04	-1.3912e-05	7.8021e-08	-1.4825e-10
37	0	6	6	0.0000e+00	3.2337e-02	7.4890e-04	-7.6020e-06	3.3044e-08	-5.7912e-11
38	0	6	6	0.0000e+00	2.4475e-02	9.6110e-04	-9.9703e-06	4.3727e-08	-7.4059e-11
### BC3
113	0	6	6	0.000e+00	0.000e+00	0.000e+00	0.000e+00	0.000e+00	0.000e+00
114	0	6	6	0.000e+00	0.000e+00	0.000e+00	0.000e+00	0.000e+00	0.000e+00
115	0	6	6	0.000e+00	7.177e-02	-4.551e-03	3.588e-04	-1.172e-05	1.247e-07
116	0	6	6	0.000e+00	7.204e-02	-4.132e-03	3.144e-04	-1.007e-05	1.040e-07
117	0	6	6	0.000e+00	7.784e-02	-4.129e-03	2.690e-04	-8.455e-06	8.999e-08
118	0	6	6	0.000e+00	8.132e-02	-4.880e-03	3.145e-04	-9.052e-06	8.672e-08
### BC4
119	0	6	6	0.000e+00	6.457e-02	-3.417e-03	2.969e-04	-1.039e-05	1.147e-07
120	0	6	6	0.000e+00	7.815e-02	-6.574e-03	5.176e-04	-1.645e-05	1.742e-07
121	0	6	6	0.000e+00	7.550e-02	-5.514e-03	4.407e-04	-1.457e-05	1.592e-07
122	0	6	6	0.000e+00	7.695e-02	-5.602e-03	4.252e-04	-1.353e-05	1.435e-07
123	0	6	6	0.000e+00	3.855e-02	2.872e-04	6.684e-05	-3.333e-06	3.399e-08
124	0	6	6	0.000e+00	6.782e-02	-3.156e-03	2.734e-04	-9.674e-06	1.079e-07
