##
#  file: DCDriftParam_0
#  date: 2016.06.15
#  note: first version
#
#
#######################################################################
# Id	WireId	Type	NParam	p0	p1	...
### SDC1
1	0	6	6	0.0000e+00	2.6724e-02	2.1395e-03	-5.2019e-05	4.5048e-07	-1.4271e-09
2	0	6	6	0.0000e+00	2.8304e-02	2.1230e-03	-5.3132e-05	4.7281e-07	-1.5394e-09
3	0	6	6	0.0000e+00	2.8973e-02	2.0626e-03	-5.1197e-05	4.4542e-07	-1.3970e-09
4	0	6	6	0.0000e+00	2.7446e-02	2.2426e-03	-5.7987e-05	5.4673e-07	-1.9184e-09
5	0	6	6	0.0000e+00	1.8666e-02	2.4811e-03	-5.8771e-05	5.2265e-07	-1.7440e-09
6	0	6	6	0.0000e+00	1.8472e-02	2.6748e-03	-6.6856e-05	6.3957e-07	-2.3158e-09
### SFT
7	0	6	6	0.0000e+00	0		0		0		0
8	0	6	6	0.0000e+00	0		0		0		0
9	0	6	6	0.0000e+00	0		0		0		0
### SDC2
31	0	6	6	0.0000e+00	4.1679e-02	8.5729e-04	-1.2590e-05	4.3750e-08	-7.6868e-12
32	0	6	6	0.0000e+00	4.1891e-02	8.5642e-04	-1.4276e-05	7.4524e-08	-1.4938e-10
33	0	6	6	0.0000e+00	4.4013e-02	6.6326e-04	-1.0816e-05	5.4342e-08	-1.2159e-10
34	0	6	6	0.0000e+00	4.3965e-02	5.9495e-04	-7.7308e-06	1.4464e-08	3.7715e-11
### SDC3
35	0	6	6	0.0000e+00	4.4080e-02	4.4410e-04	-5.5180e-06	2.7224e-08	-5.1014e-11
36	0	6	6	0.0000e+00	4.4087e-02	4.2358e-04	-5.3716e-06	2.7060e-08	-5.1366e-11
37	0	6	6	0.0000e+00	4.7521e-02	3.6372e-04	-4.4616e-06	2.1011e-08	-3.8538e-11
38	0	6	6	0.0000e+00	4.8686e-02	3.6342e-04	-4.5268e-06	2.1307e-08	-3.8996e-11
### BC3
113	0	6	6	0.0000e+00	3.5148e-02	2.0145e-03	-1.0316e-05	-2.8121e-06	4.6225e-08
114	0	6	6	0.0000e+00	1.7436e-02	3.2639e-03	-5.5002e-05	-1.6188e-06	3.1519e-08
115	0	6	6	0.0000e+00	1.9076e-02	2.8408e-03	-1.2991e-05	-3.1953e-06	5.0998e-08
116	0	6	6	0.0000e+00	9.0649e-03	3.1340e-03	-1.4775e-05	-2.8424e-06	4.2296e-08
117	0	6	6	0.0000e+00	2.5698e-02	2.2966e-03	-3.6120e-06	-2.9384e-06	4.4238e-08
118	0	6	6	0.0000e+00	3.0036e-03	1.6880e-03	1.0154e-04	-5.5589e-06	6.2672e-08
### BC4
119	0	6	6	0.0000e+00	8.1651e-03	3.8278e-03	-8.5822e-05	-3.1206e-07	1.2453e-08
120	0	6	6	0.0000e+00	-3.4984e-03	2.8382e-03	2.6155e-05	-3.4416e-06	4.1265e-08
121	0	6	6	0.0000e+00	7.5090e-03	3.2160e-03	-2.1663e-05	-2.4744e-06	3.6548e-08
122	0	6	6	0.0000e+00	-2.0821e-04	3.3545e-03	-2.1383e-05	-2.1621e-06	2.9316e-08
123	0	6	6	0.0000e+00	8.8737e-03	2.8701e-03	6.5595e-06	-3.3659e-06	4.6141e-08
124	0	6	6	0.0000e+00	4.3037e-04	2.6413e-03	3.1200e-05	-3.4925e-06	4.0614e-08
