1	0	6	6	0	0.0496303	0.000738367	7.09271e-06	-9.07657e-07	9.43619e-09	
2	0	6	6	0	0.0575526	0.000345948	1.01065e-05	-7.74074e-07	7.43355e-09	
3	0	6	6	0	0.0553365	0.000129429	1.61387e-05	-6.32361e-07	4.30797e-09	
4	0	6	6	0	0.0580885	2.15989e-05	1.71768e-05	-6.15535e-07	3.86303e-09	
5	0	6	6	0	0.0563039	0.000253992	1.43586e-05	-7.32005e-07	5.6812e-09	
6	0	6	6	0	0.0546603	0.00016176	1.71106e-05	-6.72341e-07	4.38639e-09	
7	0	6	6	0	0.0534531	-0.00011626	2.22485e-05	-5.1957e-07	1.79759e-09	
8	0	6	6	0	0.053282	-0.000146692	2.30336e-05	-5.05731e-07	1.45805e-09	
9	0	6	6	0	0.0542682	-0.000227433	2.38379e-05	-4.78035e-07	1.05645e-09	
10	0	6	6	0	0.0546129	-0.000216493	2.37781e-05	-4.87089e-07	1.08002e-09	
31	0	6	6	82.433	0.0668476	-0.000233506	5.65122e-07	2.12309e-09	-9.60643e-12	
32	0	6	6	77.1373	0.0655967	-0.000194416	2.60886e-07	2.0201e-09	-7.51582e-12	
33	0	6	6	79.8979	0.0722467	-0.000360475	2.05283e-06	-7.06482e-09	9.59545e-12	
34	0	6	6	81.6332	0.0669627	-0.000203105	1.35486e-07	4.13351e-09	-1.27653e-11	
35	0	6	6	83.7621	0.0681247	-0.000218568	3.03831e-07	3.48069e-09	-1.21585e-11	
36	0	6	6	82.5378	0.0697413	-0.000285982	1.18123e-06	-1.25653e-09	-3.38332e-12	
37	0	6	6	102.029	0.0648441	-0.000142195	-6.51983e-07	7.65556e-09	-1.76134e-11	
38	0	6	6	113.773	0.065747	-0.000138104	-6.94786e-07	8.08485e-09	-1.9177e-11	
39	0	6	6	109.657	0.0661962	-0.000167472	-4.51532e-07	6.90212e-09	-1.66125e-11	
40	0	6	6	106.348	0.0644315	-0.000140062	-6.21697e-07	7.27715e-09	-1.66236e-11	
41	0	6	6	107.411	0.0657677	-0.000136971	-6.89885e-07	7.85135e-09	-1.83442e-11	
42	0	6	6	109.387	0.0666653	-0.000233468	4.75256e-07	2.30414e-09	-8.92146e-12	
113	0	6	6	0.000e+00	4.767e-02	5.114e-04	1.180e-05	-1.498e-06	1.595e-08
114	0	6	6	0.000e+00	4.720e-02	6.828e-04	7.810e-06	-1.655e-06	2.027e-08
115	0	6	6	0.000e+00	5.692e-02	2.468e-04	3.323e-06	-1.481e-06	2.129e-08
116	0	6	6	0.000e+00	5.739e-02	1.543e-04	6.912e-06	-1.379e-06	1.742e-08
117	0	6	6	0.000e+00	5.662e-02	7.472e-05	1.018e-05	-1.336e-06	1.546e-08
118	0	6	6	0.000e+00	6.189e-02	1.233e-04	-2.011e-06	-1.463e-06	2.504e-08
119	0	6	6	0.000e+00	5.432e-02	-1.174e-05	1.684e-05	-1.177e-06	9.247e-09
120	0	6	6	0.000e+00	5.774e-02	-4.867e-05	1.243e-05	-1.191e-06	1.207e-08
121	0	6	6	0.000e+00	6.289e-02	-1.795e-04	7.106e-06	-1.197e-06	1.591e-08
122	0	6	6	1.000e+00	5.842e-02	1.057e-04	5.148e-06	-1.380e-06	1.884e-08
123	0	6	6	1.000e+00	4.838e-02	1.093e-03	-1.090e-05	-2.020e-06	3.540e-08
124	0	6	6	0.000e+00	5.817e-02	6.168e-04	-1.050e-05	-1.822e-06	3.405e-08
