##
#  file: DCDriftParam_05047
#  date: 2021-05-11 14:47:56
#  note: first version
#        DCDriftParam SdcIn ... done
#        DCDriftParam BcOut ... done
#
#
#######################################################################
# Id	WireId	Type	NParam	p0	p1	...
### SDC1
1 	0 	6	6 	0.0000e+00 	7.3432e-03 	1.0743e-03 	-1.7878e-05 	1.1345e-07 	-1.4607e-10
2 	0 	6 	6 	0.0000e+00 	1.6835e-02 	-1.7537e-04 	2.1203e-05 	-3.2196e-07 	1.4559e-09
3 	0 	6 	6 	0.0000e+00 	8.7456e-03 	2.5265e-03 	-7.5586e-05 	9.0956e-07 	-3.9004e-09
4 	0 	6 	6 	0.0000e+00 	3.7232e-02 	1.7845e-04 	-7.3757e-06     6.4292e-08 	-1.2353e-10
5 	0 	6 	6 	0.0000e+00      2.4812e-02      4.9971e-04      -1.9160e-05     2.7723e-07      -1.2969e-09
6 	0       6       6       0.0000e+00      2.8471e-02      5.7490e-04      -1.8356e-05     2.2961e-07      -1.0025e-09
### SDC2
7	0 	6 	6 	0.0000e+00 	-6.6617e-04 	1.4018e-03 	-3.2810e-05 	3.4760e-07 	-1.3581e-09
8 	0 	6 	6 	0.0000e+00 	9.2917e-03 	1.5821e-04 	6.1252e-06 	-1.0736e-07 	4.5031e-10
9 	0 	6 	6 	0.0000e+00 	1.7930e-02 	8.2513e-04 	-2.2293e-05 	2.2605e-07 	-8.0287e-10
10      0       6 	6 	0.0000e+00 	2.6015e-02 	3.7505e-04 	-1.3028e-05     1.4280e-07 	-5.0874e-10
### SDC3
31	0	6	6	0.0000e+00	5.2153e-02	 5.3970e-05	 4.0806e-06	-1.0905e-07	 5.3145e-10
32	0	6	6	0.0000e+00	6.1100e-02	-2.4605e-04	 6.9752e-06	-1.1462e-07	 5.0858e-10
33	0	6	6	0.0000e+00	6.3541e-02	-2.8958e-04	 6.9528e-06	-9.7088e-08	 3.7395e-10
34	0	6	6	0.0000e+00	5.3082e-02	-4.7651e-05	 9.5142e-06	-1.7463e-07	 7.6350e-10
### SDC4
35	0	6	6	0.0000e+00	4.8558e-02	 6.0409e-04	-9.3008e-06	 2.4389e-08	 5.0487e-11
36	0	6	6	0.0000e+00	4.9976e-02	 5.7338e-04	-9.0221e-06	 2.3608e-08	 4.3609e-11
37	0	6	6	0.0000e+00	4.6269e-02	 5.1955e-04	-7.6387e-06	 2.0211e-08	 2.2873e-11
38	0	6	6	0.0000e+00	5.0104e-02	 3.8835e-04	-4.3769e-06	-1.8641e-08	 1.7803e-10
### SDC5
39	0	6	6	0.0000e+00	5.6989e-02	 1.6426e-04	-1.0532e-06	-4.4039e-08	 2.5962e-10
40	0	6	6	0.0000e+00	4.3349e-02	 5.6774e-04	-6.5058e-06	-8.6343e-09	 1.8211e-10
41	0	6	6	0.0000e+00	5.2586e-02	 3.0348e-04	-4.0429e-06	-1.1033e-08	 1.2915e-10
42	0	6	6	0.0000e+00	5.7370e-02	 8.9908e-05	 6.7203e-07	-6.1181e-08	 3.2265e-10
### BC3
113	0	6	6	0.0000e+00	2.5708e-02	2.3464e-03	-1.0449e-04	1.6033e-06	-8.6375e-09
114	0	6	6	0.0000e+00	1.6892e-02 	3.0367e-03 	-1.2486e-04 	1.8799e-06 	-1.0094e-08
115	0	6	6	0.0000e+00	1.5927e-02 	3.6596e-03 	-1.5287e-04     2.3166e-06      -1.2400e-08
116	0	6	6	0.0000e+00	7.2441e-03      4.1545e-03      -1.6337e-04     2.4138e-06      -1.2726e-08
117	0	6	6	0.0000e+00	2.6591e-02      3.0254e-03      -1.4009e-04     2.2299e-06      -1.2379e-08
118	0	6	6	0.0000e+00     -1.3591e-02      5.1816e-03      -1.7170e-04     2.2017e-06      -1.0059e-08
### BC4
119	0	6	6	0.0000e+00	3.8077e-02      1.9604e-03      -1.0644e-04     1.7604e-06      -9.9399e-09
120	0	6	6	0.0000e+00	3.4267e-02      2.1023e-03      -1.0927e-04     1.7938e-06      -1.0098e-08
121	0	6	6	0.0000e+00	5.0208e-02      7.3049e-04      -6.5661e-05     1.2032e-06      -7.2419e-09
122	0	6	6	0.0000e+00	5.3027e-02      5.5816e-04      -6.1206e-05 	1.1376e-06 	-6.8221e-09
123	0	6	6	0.0000e+00	4.8396e-02 	1.0993e-03      -8.0786e-05     1.4368e-06      -8.4997e-09
124	0	6	6	0.0000e+00	4.3076e-02      1.5738e-03      -9.4861e-05     1.6056e-06      -9.1930e-09




