##
#  file: DCDriftParam_0
#  date: 2016.06.15
#  note: first version
#
#
#######################################################################
# Id	WireId	Type	NParam	p0	p1	...
### SDC1
1	0	6	6	0.0000e+00	4.1578e-02	1.2781e-03	-2.3997e-05	2.4935e-08	8.4590e-10
2	0	6	6	0.0000e+00	4.0969e-02	1.3126e-03	-2.5442e-05	5.0831e-08	6.9504e-10
3	0	6	6	0.0000e+00	4.2220e-02	1.2002e-03	-2.2028e-05	7.4901e-09	8.9267e-10
4	0	6	6	0.0000e+00	4.1096e-02	1.3057e-03	-2.5387e-05	5.2096e-08	6.8096e-10
5	0	6	6	0.0000e+00	4.0549e-02	1.3908e-03	-2.8577e-05	9.7100e-08	4.6374e-10
6	0	6	6	0.0000e+00	4.1934e-02	1.2463e-03	-2.3541e-05	2.6692e-08	8.0583e-10
### SFT
7	0	6	6	0.0000e+00	0		0		0		0
8	0	6	6	0.0000e+00	0		0		0		0
9	0	6	6	0.0000e+00	0		0		0		0
### SDC2
31	0	6	6	0.0000e+00	4.1679e-02	8.5729e-04	-1.2590e-05	4.3750e-08	-7.6868e-12
32	0	6	6	0.0000e+00	4.1891e-02	8.5642e-04	-1.4276e-05	7.4524e-08	-1.4938e-10
33	0	6	6	0.0000e+00	4.4013e-02	6.6326e-04	-1.0816e-05	5.4342e-08	-1.2159e-10
34	0	6	6	0.0000e+00	4.3965e-02	5.9495e-04	-7.7308e-06	1.4464e-08	3.7715e-11
### SDC3
35	0	6	6	0.0000e+00	4.4080e-02	4.4410e-04	-5.5180e-06	2.7224e-08	-5.1014e-11
36	0	6	6	0.0000e+00	4.4087e-02	4.2358e-04	-5.3716e-06	2.7060e-08	-5.1366e-11
37	0	6	6	0.0000e+00	4.7521e-02	3.6372e-04	-4.4616e-06	2.1011e-08	-3.8538e-11
38	0	6	6	0.0000e+00	4.8686e-02	3.6342e-04	-4.5268e-06	2.1307e-08	-3.8996e-11
### BC3
113  0  6  6  0.0000e+00 7.543180e-02 -1.812573e-03 1.426050e-04 -6.358176e-06 8.320298e-08
114  0  6  6  0.0000e+00 9.176821e-02 -3.601950e-03 2.207130e-04 -7.845478e-06 9.258126e-08
115  0  6  6  0.0000e+00 9.129381e-02 -9.125024e-03 8.254060e-04 -3.021741e-05 3.688964e-07
116  0  6  6  0.0000e+00 4.375754e-02 1.388582e-04 1.642512e-04 -9.761040e-06 1.380212e-07
117  0  6  6  0.0000e+00 4.918546e-02 -6.477889e-04 1.633815e-04 -7.827885e-06 9.607393e-08
118  0  6  6  0.0000e+00 8.197292e-02 -9.063275e-03 9.045371e-04 -3.455133e-05 4.337334e-07
### BC4
119  0  6  6  0.0000e+00 5.462087e-02 -7.072100e-04 1.569829e-04 -7.978190e-06 1.046245e-07
120  0  6  6  0.0000e+00 5.425312e-02 -6.804731e-04 1.682794e-04 -8.844941e-06 1.210151e-07
121  0  6  6  0.0000e+00 6.938230e-02 -1.936160e-03 2.110732e-04 -9.688351e-06 1.295589e-07
122  0  6  6  0.0000e+00 5.805375e-02 -8.855954e-04 1.746371e-04 -9.051458e-06 1.240018e-07
123  0  6  6  0.0000e+00 7.328258e-02 -2.151096e-03 2.035863e-04 -9.295684e-06 1.274055e-07
124  0  6  6  0.0000e+00 7.620770e-02 -2.693762e-03 2.294336e-04 -9.563276e-06 1.247971e-07
