##
#  file: DCDriftParam_0
#  date: 2016.06.15
#  note: first version
#
#
#######################################################################
# Id	WireId	Type	NParam	p0	p1	...
### SDC1
1	0	6	6	0.0000e+00	5.3207e-02	9.5129e-04	-2.1519e-05	2.4328e-08	8.2222e-10
2	0	6	6	0.0000e+00	5.1284e-02	9.4612e-04	-1.9403e-05	-1.2877e-08	1.0137e-09
3	0	6	6	0.0000e+00	5.2523e-02	8.3108e-04	-1.5561e-05	-6.3961e-08	1.2465e-09
4	0	6	6	0.0000e+00	5.2924e-02	1.0067e-03	-2.3415e-05	4.9384e-08	7.0336e-10
5	0	6	6	0.0000e+00	5.2374e-02	1.0137e-03	-2.2900e-05	3.6205e-08	7.8829e-10
6	0	6	6	0.0000e+00	4.8307e-02	1.1607e-03	-2.4796e-05	4.7411e-08	7.5577e-10
### SDC2
31	0	6	6	0.0000e+00	3.9843e-02	1.0484e-03	-1.7759e-05	9.6664e-08	-1.9263e-10
32	0	6	6	0.0000e+00	4.0231e-02	1.0122e-03	-1.8407e-05	1.1662e-07	-2.9634e-10
33	0	6	6	0.0000e+00	4.2647e-02	8.1774e-04	-1.4815e-05	9.2903e-08	-2.4842e-10
34	0	6	6	0.0000e+00	4.0747e-02	8.6907e-04	-1.4510e-05	8.0173e-08	-1.8345e-10
### SDC3
35	0	6	6	0.0000e+00	5.1053e-02	3.0548e-04	-4.4248e-06	2.3282e-08	-4.5632e-11
36	0	6	6	0.0000e+00	4.8301e-02	3.5298e-04	-4.9102e-06	2.5616e-08	-4.9502e-11
37	0	6	6	0.0000e+00	5.2776e-02	2.6364e-04	-3.6836e-06	1.8112e-08	-3.4290e-11
38	0	6	6	0.0000e+00	5.3190e-02	2.8226e-04	-4.0101e-06	1.9846e-08	-3.7353e-11
### BC3
113	0	6	6	0.0000e+00	3.9441e-02	9.9681e-04	1.7517e-05	-2.0303e-06	2.2557e-08
114	0	6	6	0.0000e+00	3.8154e-02	1.0540e-03	3.5713e-05	-3.1490e-06	3.9199e-08
115	0	6	6	0.0000e+00	3.5364e-02	1.2428e-03	6.4283e-05	-5.1165e-06	6.9581e-08
116	0	6	6	0.0000e+00	3.5872e-02	1.1607e-03	6.5940e-05	-5.0287e-06	6.7293e-08
117	0	6	6	0.0000e+00	3.6539e-02	1.4332e-03	2.8372e-05	-3.5466e-06	4.8804e-08
118	0	6	6	0.0000e+00	3.2766e-02	1.5248e-03	5.7999e-05	-5.2595e-06	7.3952e-08
### BC4
119	0	6	6	0.0000e+00	4.7627e-02	2.0353e-04	9.3430e-05	-5.3226e-06	6.7740e-08
120	0	6	6	0.0000e+00	3.5093e-02	1.4752e-03	3.4213e-05	-3.8739e-06	5.3372e-08
121	0	6	6	0.0000e+00	3.9892e-02	8.0309e-04	8.9086e-05	-5.8828e-06	7.8482e-08
122	0	6	6	0.0000e+00	3.9209e-02	8.5475e-04	7.2340e-05	-4.9151e-06	6.3730e-08
123	0	6	6	0.0000e+00	3.7692e-02	6.8629e-04	1.1576e-04	-6.9521e-06	9.1456e-08
124	0	6	6	0.0000e+00	4.0041e-02	3.1625e-04	1.2732e-04	-6.8700e-06	8.6721e-08
