##
#  file: DCDriftParam_0
#  date: 2017.04.10
#  note: first version of E07-Phase2
#
#
#######################################################################
# Id	WireId	Type	NParam	p0	p1	...
### SDC1
1	0	6	6	0.0000e+00	1.5770e-02	2.0889e-03	-3.2818e-05	7.3619e-08	6.5937e-10
2	0	6	6	0.0000e+00	1.4855e-02	2.2653e-03	-3.9998e-05	1.8090e-07	1.1691e-10
3	0	6	6	0.0000e+00	1.6524e-02	2.1137e-03	-3.4492e-05	9.8272e-08	5.4583e-10
4	0	6	6	0.0000e+00	1.4132e-02	2.2614e-03	-3.8853e-05	1.5886e-07	2.3904e-10
5	0	6	6	0.0000e+00	1.3902e-02	2.2519e-03	-3.8357e-05	1.5229e-07	2.6787e-10
6	0	6	6	0.0000e+00	1.4784e-02	2.2349e-03	-3.7850e-05	1.4037e-07	3.4962e-10
### SDC2
31	0	6	6	0.0000e+00	3.9843e-02	1.0484e-03	-1.7759e-05	9.6664e-08	-1.9263e-10
32	0	6	6	0.0000e+00	4.0231e-02	1.0122e-03	-1.8407e-05	1.1662e-07	-2.9634e-10
33	0	6	6	0.0000e+00	4.2647e-02	8.1774e-04	-1.4815e-05	9.2903e-08	-2.4842e-10
34	0	6	6	0.0000e+00	4.0747e-02	8.6907e-04	-1.4510e-05	8.0173e-08	-1.8345e-10
### SDC3
35	0	6	6	0.0000e+00	5.1053e-02	3.0548e-04	-4.4248e-06	2.3282e-08	-4.5632e-11
36	0	6	6	0.0000e+00	4.8301e-02	3.5298e-04	-4.9102e-06	2.5616e-08	-4.9502e-11
37	0	6	6	0.0000e+00	5.2776e-02	2.6364e-04	-3.6836e-06	1.8112e-08	-3.4290e-11
38	0	6	6	0.0000e+00	5.3190e-02	2.8226e-04	-4.0101e-06	1.9846e-08	-3.7353e-11
### BC3
113	0	6	6	0.0000e+00	4.1055e-02	1.0067e-03	3.2128e-05	-3.1726e-06	4.1968e-08
114	0	6	6	0.0000e+00	3.9592e-02	1.0566e-03	4.6167e-05	-4.0103e-06	5.4258e-08
115	0	6	6	0.0000e+00	3.7776e-02	8.8382e-04	8.1638e-05	-5.5210e-06	7.3716e-08
116	0	6	6	0.0000e+00	3.5213e-02	1.0404e-03	7.5027e-05	-5.2656e-06	6.9862e-08
117	0	6	6	0.0000e+00	3.9401e-02	5.8766e-04	8.3115e-05	-4.9489e-06	6.1970e-08
118	0	6	6	0.0000e+00	2.9153e-02	1.2414e-03	7.8273e-05	-5.4199e-06	7.0937e-08
### BC4
119	0	6	6	0.0000e+00	3.6356e-02	1.2942e-03	2.8637e-05	-3.2221e-06	4.2653e-08
120	0	6	6	0.0000e+00	3.4121e-02	1.3703e-03	4.0162e-05	-3.9121e-06	5.2676e-08
121	0	6	6	0.0000e+00	3.1324e-02	1.4046e-03	5.2597e-05	-4.4554e-06	5.9107e-08
122	0	6	6	0.0000e+00	3.6863e-02	9.4973e-04	6.3219e-05	-4.4351e-06	5.6779e-08
123	0	6	6	0.0000e+00	3.3771e-02	9.1375e-04	9.6293e-05	-6.0291e-06	7.8237e-08
124	0	6	6	0.0000e+00	3.5476e-02	4.7135e-04	1.2271e-04	-6.5882e-06	8.1829e-08
