##
#  file: DCDriftParam_0
#  date: 2016.06.15
#  note: first version
#
#
#######################################################################
# Id	WireId	Type	NParam	p0	p1	...
### SDC1
1	0	6	6	0	5.191971e-02 6.353161e-04 -1.240221e-05 -4.175628e-08 8.711218e-10
2	0	6	6	0	5.441171e-02 5.169725e-04 -1.020033e-05 -6.068824e-08 9.324893e-10
3	0	6	6	0	5.839526e-02 3.930300e-04 -1.104800e-05 -1.188168e-08 5.998465e-10
4	0	6	6	0	5.182126e-02 7.369335e-04 -1.973378e-05 1.060497e-07 -3.283464e-11
5	0	6	6	0	4.767095e-02 8.481824e-04 -1.792498e-05 3.071289e-08 5.137017e-10 
6	0	6	6	0	5.407048e-02 6.193538e-04 -1.602904e-05 4.257089e-08 3.594908e-10 
### SFT
7	0	6	6	0.0000e+00	0		0		0		0
8	0	6	6	0.0000e+00	0		0		0		0
9	0	6	6	0.0000e+00	0		0		0		0
### SDC2
31	0	6	6	0	0.0245203	0.00118806	-6.68424e-06	-1.04184e-07	7.27693e-10
32	0	6	6	0	0.0394474	0.00119373	-2.00893e-05	1.06791e-07	-1.98156e-10
33	0	6	6	0	0.0440997	0.00101493	-2.0062e-05	1.42848e-07	-4.31057e-10
34	0	6	6	0	0.0332258	0.001166	-1.67976e-05	7.47673e-08	-1.18387e-10
### SDC3
35	0	6	6	0	0.04167	0.000422933	-5.03166e-06	2.25708e-08	-3.74598e-11
36	0	6	6	0	0.0459789	0.000309854	-3.99182e-06	1.85192e-08	-3.17517e-11
37	0	6	6	0	0.0497788	0.000273438	-3.63004e-06	1.65307e-08	-2.8188e-11
38	0	6	6	0	0.0340959	0.000618994	-6.44062e-06	2.66325e-08	-4.17472e-11
### BC3
113  0  6  6  0.0000e+00 4.987923e-02 -7.274533e-04 1.568423e-04 -7.021246e-06 8.481386e-08
114  0  6  6  0.0000e+00 5.748496e-02 -2.213852e-03 3.031626e-04 -1.291517e-05 1.646771e-07
115  0  6  6  0.0000e+00 5.263065e-02 -2.478130e-03 3.648283e-04 -1.555721e-05 1.997524e-07
116  0  6  6  0.0000e+00 5.977780e-02 -3.560524e-03 4.301975e-04 -1.727478e-05 2.157210e-07
117  0  6  6  0.0000e+00 5.463079e-02 -2.393085e-03 3.128707e-04 -1.257265e-05 1.522993e-07
118  0  6  6  0.0000e+00 5.467780e-02 -3.879890e-03 4.706993e-04 -1.839819e-05 2.258096e-07
### BC4
119  0  6  6  0.0000e+00 5.540526e-02 -1.793476e-03 2.456684e-04 -1.008646e-05 1.212415e-07
120  0  6  6  0.0000e+00 6.189338e-02 -3.844068e-03 4.507641e-04 -1.809205e-05 2.280659e-07
121  0  6  6  0.0000e+00 6.142101e-02 -3.407761e-03 4.057543e-04 -1.630994e-05 2.032378e-07
122  0  6  6  0.0000e+00 4.522964e-02 -1.238845e-03 2.567869e-04 -1.133240e-05 1.421244e-07
123  0  6  6  0.0000e+00 4.627439e-02 -1.575574e-03 2.678978e-04 -1.101830e-05 1.304551e-07
124  0  6  6  0.0000e+00 5.774260e-02 -3.375433e-03 4.117126e-04 -1.631423e-05 2.000103e-07
