##
#  file: DCDriftParam_05047
#  date: 2021-05-11 14:47:56
#  note: first version
#        DCDriftParam SdcIn ... done
#        DCDriftParam BcOut ... done
#
#
#######################################################################
# Id	WireId	Type	NParam	p0	p1	...
### SDC1
1	0	6	6	0.0000e+00	-9.7395e-03	2.9624e-03	-5.2958e-05	3.8663e-07	-1.2003e-09
2	0	6	6	0.0000e+00	-1.0956e-02	3.4746e-03	-7.5086e-05	7.1366e-07	-2.8043e-09
3	0	6	6	0.0000e+00	-5.5396e-06	-4.4061e-04	8.5512e-05	-1.6151e-06	8.6169e-09
4	0	6	6	0.0000e+00	3.7689e-03	-6.0365e-04	8.9310e-05	-1.6542e-06	8.7354e-09
5	0	6	6	0.0000e+00	-1.1734e-02	3.4142e-03	-7.1424e-05	6.5690e-07	-2.5284e-09
6	0	6	6	0.0000e+00	-1.2455e-02	2.9417e-03	-4.8576e-05	3.0262e-07	-7.2618e-10
### SDC2
7	0	6	6	0.0000e+00	-1.6314e-02	2.4660e-03	-2.7938e-05	9.3191e-08	6.0599e-11
8	0	6	6	0.0000e+00	-1.4454e-02	2.9361e-03	-4.7643e-05	3.4505e-07	-9.7938e-10
9	0	6	6	0.0000e+00	-1.6618e-02	3.0389e-03	-4.8706e-05	3.4823e-07	-9.8625e-10
10	0	6	6	0.0000e+00	-1.7730e-02	2.4923e-03	-2.9681e-05	1.2843e-07	-1.3066e-10
### SDC3
31	0	6	6	0.0000e+00	5.2153e-02	 5.3970e-05	 4.0806e-06	-1.0905e-07	 5.3145e-10
32	0	6	6	0.0000e+00	6.1100e-02	-2.4605e-04	 6.9752e-06	-1.1462e-07	 5.0858e-10
33	0	6	6	0.0000e+00	6.3541e-02	-2.8958e-04	 6.9528e-06	-9.7088e-08	 3.7395e-10
34	0	6	6	0.0000e+00	5.3082e-02	-4.7651e-05	 9.5142e-06	-1.7463e-07	 7.6350e-10
### SDC4
35	0	6	6	0.0000e+00	4.8558e-02	 6.0409e-04	-9.3008e-06	 2.4389e-08	 5.0487e-11
36	0	6	6	0.0000e+00	4.9976e-02	 5.7338e-04	-9.0221e-06	 2.3608e-08	 4.3609e-11
37	0	6	6	0.0000e+00	4.6269e-02	 5.1955e-04	-7.6387e-06	 2.0211e-08	 2.2873e-11
38	0	6	6	0.0000e+00	5.0104e-02	 3.8835e-04	-4.3769e-06	-1.8641e-08	 1.7803e-10
### SDC5
39	0	6	6	0.0000e+00	5.6989e-02	 1.6426e-04	-1.0532e-06	-4.4039e-08	 2.5962e-10
40	0	6	6	0.0000e+00	4.3349e-02	 5.6774e-04	-6.5058e-06	-8.6343e-09	 1.8211e-10
41	0	6	6	0.0000e+00	5.2586e-02	 3.0348e-04	-4.0429e-06	-1.1033e-08	 1.2915e-10
42	0	6	6	0.0000e+00	5.7370e-02	 8.9908e-05	 6.7203e-07	-6.1181e-08	 3.2265e-10
### BC3
113	0	6	6	0.0000e+00	-1.1717e-02	4.9444e-03	-1.5101e-04	2.0877e-06	-1.6026e-08
114	0	6	6	0.0000e+00	-1.2475e-02	4.7693e-03	-1.3506e-04	1.6579e-06	-1.2211e-08
115	0	6	6	0.0000e+00	-7.8024e-03	3.2019e-03	-2.0009e-05	-1.5226e-06	1.8104e-08
116	0	6	6	0.0000e+00	-8.7500e-03	3.6613e-03	-5.6364e-05	-4.6429e-07	7.5324e-09
117	0	6	6	0.0000e+00	-1.1266e-02	4.5879e-03	-1.3377e-04	1.8914e-06	-1.6512e-08
118	0	6	6	0.0000e+00	-3.0222e-03	8.8131e-04	1.1571e-04	-4.3742e-06	3.9004e-08
### BC4
119	0	6	6	0.0000e+00	-6.4186e-03	5.0020e-03	-1.7132e-04	2.7349e-06	-2.2539e-08
120	0	6	6	0.0000e+00	-8.0568e-03	3.1490e-03	-2.0366e-05	-1.4067e-06	1.6375e-08
121	0	6	6	0.0000e+00	-7.9551e-03	3.5961e-03	-5.3911e-05	-5.0517e-07	7.7235e-09
122	0	6	6	0.0000e+00	-9.4359e-03	3.6105e-03	-5.6830e-05	-3.1731e-07	5.2260e-09
123	0	6	6	0.0000e+00	-7.0414e-03	2.9973e-03	-9.2680e-06	-1.6860e-06	1.8352e-08
124	0	6	6	0.0000e+00	-2.5510e-03	1.3921e-03	6.8610e-05	-2.9454e-06	2.4509e-08
