##
#  file: DCDriftParam_e90_20240925 <- DCDriftParam_e70_20240417
#  date: 2024-09-26 10:58
#  note: first version with rootfiles/SdcIn/SdcIn_71184.root
#        DCDriftParam SdcIn ... done
#        DCDriftParam BcOut ...
#        DCDriftParam SdcOut ... working
#        DCDriftParam BcOut ...
#
#######################################################################
# Id	WireId	Type	NParam	p0	p1	...
### SDC1
1	0	6	6	4.0000e+00	3.6137e-02   1.3236e-03 	 -9.1429e-06 	 -3.8660e-07 	 3.9198e-09
2	0	6	6	4.0000e+00	4.1834e-02   8.4913e-04 	 5.9781e-06  	 -5.9574e-07 	 4.9635e-09
3	0	6	6	4.0000e+00	1.6530e-02 	 2.2682e-03 	 -3.7830e-05 	 1.4090e-07 	 2.3040e-10
4	0	6	6	4.0000e+00	1.2717e-02 	 2.7301e-03 	 -5.6990e-05 	 4.7799e-07 	 -1.9228e-09
5	0	6	6	4.0000e+00	2.9134e-02 	 2.1160e-03 	 -5.1520e-05 	 5.2942e-07 	 -2.7184e-09
6	0	6	6	4.0000e+00	1.3071e-02 	 2.9031e-03 	 -7.1432e-05 	 8.2636e-07 	 -4.5478e-09
### SDC2
7	0	6	6	3.0000e+00	6.3550e-02 	 -2.138e-05 	 1.4616e-06 	 -2.7311e-07 	 2.4896e-09
8	0	6	6	3.0000e+00	5.8383e-02 	 2.8970e-04 	 -5.6192e-06 	 -2.0349e-07 	 2.2469e-09
9	0	6	6	3.0000e+00	5.6292e-02 	 6.6235e-04 	 -2.0244e-05 	 1.36906e-08 	 1.1315e-09
10	0	6	6	3.0000e+00	5.5307e-02 	 4.3335e-04 	 -6.2033e-06 	 -2.3997e-07 	 2.5954e-09
### SDC3
31	0	6	6	3.0000e+00	3.9396e-03	2.8340e-03	-6.0741e-05 5.8035e-07	-2.1603e-09
32	0	6	6	3.0000e+00	9.4333e-04	2.7113e-03	-5.5215e-05 5.1939e-07	-1.9505e-09
33	0	6	6	3.0000e+00	7.6174e-03	2.7370e-03	-5.8927e-05 5.5414e-07	-2.0199e-09
34	0	6	6	3.0000e+00	1.5290e-02	2.2349e-03	-4.8199e-05 4.6682e-07	-1.7945e-09
### SDC4				  		  		   		  		   	
35	0	6	6	4.0000e+00	1.5645e-02	2.2472e-03	-4.8142e-05	4.5494e-07	-1.6952e-09
36	0	6	6	4.0000e+00	1.9895e-02	2.2837e-03	-5.3221e-05 5.3243e-07	-2.0423e-09
37	0	6	6	4.0000e+00	2.2450e-04	2.8174e-03	-5.7408e-05 5.3021e-07	-1.9388e-09
38	0	6	6	4.0000e+00	-5.1148e-03 2.8092e-03	-5.2308e-05 4.4470e-07	-1.5297e-09
### SDC5				  		  		   		  		   	
39	0	6	6	0.0000e+00	7.3252e-02	-9.0831e-04	2.3184e-05	-2.7011e-07	9.8966e-10
40	0	6	6	0.0000e+00	7.2169e-02	-8.6281e-04	2.1607e-05	-2.4944e-07	9.0444e-10
41	0	6	6	0.0000e+00	7.5599e-02	-1.1152e-03	2.7921e-05	-3.1374e-07	1.1351e-09
42	0	6	6	0.0000e+00	5.4642e-02	5.1890e-04 	-1.1493e-05	6.2348e-08 	-1.0798e-10
### BC3
113 	0 	6 	6	0.0000e+00	7.8275e-02	-4.1733e-03	3.2931e-04	-1.1546e-05	1.3202e-07
114 	0 	6 	6	0.0000e+00	9.7494e-02	-7.4146e-03	5.2309e-04	-1.6307e-05	1.7304e-07
115 	0 	6 	6	0.0000e+00	1.0761e-01	-9.5427e-03	6.6948e-04	-2.0662e-05	2.1991e-07
116 	0 	6 	6	0.0000e+00	1.0041e-01	-8.2920e-03	5.9468e-04	-1.8812e-05	2.0318e-07
117 	0 	6 	6	0.0000e+00	9.8906e-02	-7.4796e-03	5.1610e-04	-1.6270e-05	1.7654e-07
118 	0       6       6	0.0000e+00	1.3837e-01	-1.3459e-02	8.7224e-04	-2.5511e-05	2.6361e-07
### BC4					  		  		   		  		   	
119 	0       6       6	0.0000e+00	1.0961e-01	-9.7554e-03	6.8973e-04	-2.1509e-05	2.3114e-07
120 	0       6       6	0.0000e+00	1.0694e-01	-9.1119e-03	6.4772e-04	-2.0496e-05	2.2295e-07
121 	0 	6 	6	0.0000e+00	1.1040e-01	-1.0297e-02	7.3238e-04	-2.2743e-05	2.4310e-07
122 	0 	6 	6	0.0000e+00	1.2227e-01	-1.2173e-02	8.6358e-04	-2.6892e-05	2.9026e-07
123 	0 	6 	6	0.0000e+00	8.4519e-02	-4.1986e-03	3.1294e-04	-1.1115e-05	1.2938e-07
124 	0 	6 	6	0.0000e+00	1.0542e-01	-8.8934e-03	6.1893e-04	-1.8857e-05	1.9683e-07