##
#  file: DCDriftParam_72195
#  date: 2025-03-26
#  note: update DCDriftParam of BcOut/SdcIn/SdcOut with run72195
#
#
#######################################################################
# Id	WireId	Type	NParam	p0	p1	...
### SDC1
1	0	6	6	0.0000e+00	-6.1908e-03	3.4314e-03	-6.5552e-05	4.4592e-07	-9.7006e-10
2	0	6	6	0.0000e+00	-6.1534e-03	3.4150e-03	-6.5298e-05	4.4619e-07	-9.8234e-10
3	0	6	6	0.0000e+00	-6.3181e-03	3.3126e-03	-6.1686e-05	4.0486e-07	-8.2616e-10
4	0	6	6	0.0000e+00	-5.0708e-03	3.2890e-03	-6.1768e-05	4.0858e-07	-8.4402e-10
5	0	6	6	0.0000e+00	-6.0543e-03	3.2948e-03	-6.1364e-05	4.0290e-07	-8.2373e-10
6	0	6	6	0.0000e+00	-8.5228e-03	3.2883e-03	-5.8232e-05	3.4913e-07	-5.6696e-10
### SDC2
7	0	6	6	0.0000e+00	4.4144e-03	3.7871e-03	-9.7095e-05	9.1831e-07	-3.0557e-09
8	0	6	6	0.0000e+00	-1.6988e-04	3.9022e-03	-9.6848e-05	8.9493e-07	-2.9152e-09
9	0	6	6	0.0000e+00	-2.4985e-03	3.9974e-03	-9.8293e-05	9.0466e-07	-2.9399e-09
10	0	6	6	0.0000e+00	-6.0768e-05	3.8572e-03	-9.5031e-05	8.7039e-07	-2.8071e-09
### SDC3
31	0	6	6	0.0000e+00	3.8014e-03	1.7292e-03	-2.0255e-05	7.6984e-08	-7.3209e-11
32	0	6	6	0.0000e+00	5.1928e-03	1.7175e-03	-2.0734e-05	8.3701e-08	-9.6052e-11
33	0	6	6	0.0000e+00	3.7601e-03	1.7360e-03	-2.0635e-05	8.1619e-08	-8.9249e-11
34	0	6	6	0.0000e+00	3.1571e-03	1.7577e-03	-2.0818e-05	8.1767e-08	-8.7325e-11
### SDC4
35	0	6	6	0.0000e+00	4.9352e-03	1.6981e-03	-2.0342e-05	8.1639e-08	-9.3564e-11
36	0	6	6	0.0000e+00	6.2100e-03	1.6753e-03	-2.0425e-05	8.4532e-08	-1.0498e-10
37	0	6	6	0.0000e+00	7.8783e-03	1.6611e-03	-2.0434e-05	8.3977e-08	-9.9816e-11
38	0	6	6	0.0000e+00	6.3975e-03	1.6999e-03	-2.0807e-05	8.5847e-08	-1.0435e-10
### SDC5
39	0	6	6	0.0000e+00	5.7140e-03	1.6653e-03	-1.9788e-05	7.7578e-08	-8.2929e-11
40	0	6	6	0.0000e+00	9.8575e-03	1.5584e-03	-1.8694e-05	7.2239e-08	-7.2435e-11
41	0	6	6	0.0000e+00	8.7193e-03	1.6508e-03	-2.0440e-05	8.4552e-08	-1.0204e-10
42	0	6	6	0.0000e+00	8.0306e-03	1.6560e-03	-2.0246e-05	8.2011e-08	-9.3890e-11
### BC3
113	0	6	6	0.0000e+00	-3.0033e-03	3.6760e-03	-4.8949e-05	-1.3500e-06	2.2565e-08
114	0	6	6	0.0000e+00	-5.0305e-03	3.7632e-03	-4.9243e-05	-1.3771e-06	2.2851e-08
115	0	6	6	0.0000e+00	-7.3069e-03	3.8068e-03	-4.8282e-05	-1.3849e-06	2.2625e-08
116	0	6	6	0.0000e+00	-8.9374e-03	3.8821e-03	-4.8674e-05	-1.4077e-06	2.2898e-08
117	0	6	6	0.0000e+00	-3.7869e-03	3.8454e-03	-5.2491e-05	-1.4211e-06	2.4207e-08
118	0	6	6	0.0000e+00	-1.1637e-02	3.5192e-03	-3.7949e-05	-1.2255e-06	1.8217e-08
### BC4
119	0	6	6	0.0000e+00	-9.5451e-03	3.9068e-03	-4.8741e-05	-1.4135e-06	2.2939e-08
120	0	6	6	0.0000e+00	-9.6305e-03	3.8736e-03	-4.7880e-05	-1.3984e-06	2.2565e-08
121	0	6	6	0.0000e+00	-1.0758e-02	3.9434e-03	-4.8331e-05	-1.4246e-06	2.2888e-08
122	0	6	6	0.0000e+00	-9.8544e-03	3.9261e-03	-4.8742e-05	-1.4210e-06	2.2980e-08
123	0	6	6	0.0000e+00	-1.3446e-02	3.9455e-03	-4.5844e-05	-1.4097e-06	2.1978e-08
124	0	6	6	0.0000e+00	-1.3499e-02	3.7329e-03	-4.0633e-05	-1.3111e-06	1.9589e-08
