##
#  file: DCDriftParam_0
#  date: 2016.06.15
#  note: first version
#
#
#######################################################################
# Id	WireId	Type	NParam	p0	p1	...
### SDC1
1       0       6       6       0.0000e+00     4.179857e-02     7.229450e-04     -3.963571e-05     7.261408e-07     -4.644212e-09
2       0       6       6       0.0000e+00     4.091787e-02     8.354984e-04     -4.455653e-05     8.117072e-07     -5.160717e-09
3       0       6       6       0.0000e+00     4.104684e-02     7.623858e-04     -4.258323e-05     7.838937e-07     -4.938670e-09
4       0       6       6       0.0000e+00     4.124225e-02     7.255369e-04     -4.084826e-05     7.464698e-07     -4.646881e-09
5       0       6       6       0.0000e+00     4.141960e-02     9.359593e-04     -4.879119e-05     8.673890e-07     -5.408829e-09
6       0       6       6       0.0000e+00     4.018649e-02     9.807412e-04     -4.807088e-05     8.347531e-07     -5.170577e-09
### SFT
7	0	6	6	0.0000e+00	0		0		0		0
8	0	6	6	0.0000e+00	0		0		0		0
9	0	6	6	0.0000e+00	0		0		0		0
### SDC2
31       0       6       6       0.0000e+00     1.975429e-02     1.207047e-03     -1.284351e-05     2.293314e-08     1.014285e-10
32       0       6       6       0.0000e+00     2.469650e-02     1.445560e-03     -2.600794e-05     1.988668e-07     -6.321880e-10
33       0       6       6       0.0000e+00     2.334090e-02     1.653553e-03     -3.300413e-05     2.867651e-07     -1.007798e-09
34       0       6       6       0.0000e+00     1.743731e-02     1.755643e-03     -3.117488e-05     2.409627e-07     -7.745441e-10
### SDC3
35       0       6       6       0.0000e+00     1.780083e-02     8.019476e-04     -8.537203e-06     3.695408e-08     -5.698978e-11
36       0       6       6       0.0000e+00     1.924271e-02     7.539201e-04     -7.912922e-06     3.393610e-08     -5.219281e-11
37       0       6       6       0.0000e+00     2.222775e-02     6.795521e-04     -7.195550e-06     3.059242e-08     -4.627270e-11
38       0       6       6       0.0000e+00     1.392095e-02     8.854075e-04     -9.173569e-06     3.899974e-08     -5.932455e-11
### BC3
113       0       6       6       0.0000e+00     3.188305e-02     1.123892e-03     5.258517e-05     -4.272699e-06     6.215718e-08
114       0       6       6       0.0000e+00     4.227071e-02     1.360358e-03     -2.505663e-05     -6.865263e-07     7.800253e-09
115       0       6       6       0.0000e+00     5.002581e-02     -3.812961e-04     1.405337e-04     -7.217487e-06     9.664367e-08
116       0       6       6       0.0000e+00     6.371256e-02     -3.771108e-03     4.485098e-04     -1.869810e-05     2.460754e-07
117       0       6       6       0.0000e+00     4.481436e-02     -1.457901e-04     1.128304e-04     -5.536980e-06     6.878933e-08
118       0       6       6       0.0000e+00     5.438702e-02     -3.384039e-04     1.328688e-04     -7.265529e-06     1.000807e-07
### BC4
119       0       6       6       0.0000e+00     5.635754e-02     -1.628393e-03     2.262448e-04     -9.838285e-06     1.269680e-07
120       0       6       6       0.0000e+00     5.417763e-02     5.739138e-04     1.066653e-05     -2.016009e-06     2.705553e-08
121       0       6       6       0.0000e+00     6.527588e-02     -3.797890e-03     4.382841e-04     -1.819760e-05     2.396384e-07
122       0       6       6       0.0000e+00     6.640297e-02     -3.573053e-03     4.040020e-04     -1.672939e-05     2.191010e-07
123       0       6       6       0.0000e+00     4.977109e-02     4.649452e-04     4.476616e-05     -3.316712e-06     4.197663e-08
124       0       6       6       0.0000e+00     5.145754e-02     1.069395e-03     -3.290596e-05     -2.361869e-07     1.110999e-09
