##
#  file: DCDriftParam_0
#  date: 2016.05.25
#  note: first version
#
#
#######################################################################
# Id	WireId	Type	NParam	p0	p1	...
### SDC1
1	0	6	6	0.000	0.1000	0.0000e-05	0.0000e-06	0.0000e-07	0.0000e-09
2	0	6	6	0.000	0.1000	0.0000e-05	0.0000e-06	0.0000e-07	0.0000e-09
3	0	6	6	0.000	0.1000	0.0000e-05	0.0000e-06	0.0000e-07	0.0000e-09
4	0	6	6	0.000	0.1000	0.0000e-05	0.0000e-06	0.0000e-07	0.0000e-09
5	0	6	6	0.000	0.1000	0.0000e-05	0.0000e-06	0.0000e-07	0.0000e-09
6	0	6	6	0.000	0.1000	0.0000e-05	0.0000e-06	0.0000e-07	0.0000e-09
### SDC2
31	0	6	6	0.000	0.1000	0.0000e-05	0.0000e-06	0.0000e-07	0.0000e-09
32	0	6	6	0.000	0.1000	0.0000e-05	0.0000e-06	0.0000e-07	0.0000e-09
33	0	6	6	0.000	0.1000	0.0000e-05	0.0000e-06	0.0000e-07	0.0000e-09
34	0	6	6	0.000	0.1000	0.0000e-05	0.0000e-06	0.0000e-07	0.0000e-09
### SDC3
35	0	6	6	0.000	0.1000	0.0000e-05	0.0000e-06	0.0000e-07	0.0000e-09
36	0	6	6	0.000	0.1000	0.0000e-05	0.0000e-06	0.0000e-07	0.0000e-09
37	0	6	6	0.000	0.1000	0.0000e-05	0.0000e-06	0.0000e-07	0.0000e-09
38	0	6	6	0.000	0.1000	0.0000e-05	0.0000e-06	0.0000e-07	0.0000e-09
### BC3
113	0	6	6	0.000e+00	5.176e-02	-1.545e-03	1.844e-04	-7.042e-06	7.861e-08
114	0	6	6	0.000e+00	4.780e-02	-9.858e-04	1.707e-04	-7.261e-06	8.606e-08
115	0	6	6	0.000e+00	6.606e-02	-2.979e-03	2.307e-04	-7.519e-06	7.692e-08
116	0	6	6	0.000e+00	7.224e-02	-4.227e-03	3.289e-04	-1.078e-05	1.149e-07
117	0	6	6	0.000e+00	8.047e-02	-4.716e-03	3.117e-04	-9.537e-06	9.888e-08
118	0	6	6	0.000e+00	8.472e-02	-5.719e-03	4.074e-04	-1.294e-05	1.397e-07
### BC4
119	0	6	6	0.000e+00	6.372e-02	-3.231e-03	2.696e-04	-9.187e-06	9.949e-08
120	0	6	6	0.000e+00	8.485e-02	-7.378e-03	5.561e-04	-1.734e-05	1.826e-07
121	0	6	6	0.000e+00	7.847e-02	-5.479e-03	3.909e-04	-1.190e-05	1.208e-07
122	0	6	6	0.000e+00	7.783e-02	-5.504e-03	3.929e-04	-1.194e-05	1.214e-07
123	0	6	6	0.000e+00	5.600e-02	-4.196e-03	3.874e-04	-1.268e-05	1.317e-07
124	0	6	6	0.000e+00	5.587e-02	-1.414e-03	1.637e-04	-6.677e-06	7.825e-08
