#
# DC DriftParam for SKS 
#
# BC1
101  0  6  6   0.00 0.00 0.00 0.00 0.00 0.00  
102  0  6  6   0.00 0.00 0.00 0.00 0.00 0.00  
103  0  6  6   0.00 0.00 0.00 0.00 0.00 0.00  
104  0  6  6   0.00 0.00 0.00 0.00 0.00 0.00  
105  0  6  6   0.00 0.00 0.00 0.00 0.00 0.00  
106  0  6  6   0.00 0.00 0.00 0.00 0.00 0.00
#
# BC2				
107  0  6  6   0.00 0.00 0.00 0.00 0.00 0.00
108  0  6  6   0.00 0.00 0.00 0.00 0.00 0.00
109  0  6  6   0.00 0.00 0.00 0.00 0.00 0.00
110  0  6  6   0.00 0.00 0.00 0.00 0.00 0.00
111  0  6  6   0.00 0.00 0.00 0.00 0.00 0.00
112  0  6  6   0.00 0.00 0.00 0.00 0.00 0.00
#
# BC3
113  0  6  6   0.00  2.303360e-02 3.769161e-03 -1.871442e-04 4.964999e-06 -6.506700e-08
114  0  6  6   0.00  2.733726e-02 3.485735e-03 -1.842664e-04 5.277076e-06 -7.354245e-08
115  0  6  6   0.00  1.982296e-02 2.641587e-03 1.949527e-06 -3.491158e-06 5.295558e-08
116  0  6  6   0.00  2.504891e-02 3.501404e-03 -1.633921e-04 4.287491e-06 -6.138353e-08
117  0  6  6   0.00  3.469683e-02 1.496809e-03 1.388508e-05 -2.461379e-06 2.942675e-08
118  0  6  6   0.00  1.053400e-02 3.260351e-03 -1.665319e-06 -4.034087e-06 6.324243e-08
#		     
# BC4
119  0  6  6   0.00  1.603699e-02 4.369041e-03 -1.765713e-04 3.284921e-06 -2.467421e-08
120  0  6  6   0.00  1.953039e-02 3.838687e-03 -1.529330e-04 2.864154e-06 -2.202268e-08
121  0  6  6   0.00  1.485963e-02 4.271195e-03 -1.657263e-04 2.999468e-06 -2.234948e-08
122  0  6  6   0.00  2.530878e-02 3.251236e-03 -1.315199e-04 2.549589e-06 -2.050957e-08
123  0  6  6   0.00  1.760471e-02 3.602526e-03 -1.401650e-04 2.729040e-06 -2.223476e-08
124  0  6  6   0.00  2.811329e-02 2.604337e-03 -9.669862e-05 1.826545e-06 -1.523745e-08
#
# SDC1
1   0  6  6  0.00  7.983247e-03 6.189828e-03 -4.167973e-04 1.468206e-05 -2.052327e-07
2   0  6  6  0.00  6.791063e-03 6.610841e-03 -4.037993e-04 1.213042e-05 -1.485343e-07
3   0  6  6  0.00  1.434400e-02 5.721568e-03 -3.729047e-04 1.227436e-05 -1.640851e-07
4   0  6  6  0.00  1.001678e-02 6.408178e-03 -4.306251e-04 1.465883e-05 -1.995750e-07
#
# SDC2
5   0  6  6  0.00  3.733647e-02 2.496222e-03 -1.244817e-04 2.748615e-06 -2.316094e-08
6   0  6  6  0.00  3.189457e-02 2.538254e-03 -1.036450e-04 1.951429e-06 -1.504521e-08
7   0  6  6  0.00  3.315244e-02 3.132588e-03 -1.585933e-04 3.513516e-06 -2.927111e-08
8   0  6  6  0.00  2.683954e-02 3.601340e-03 -1.727772e-04 3.694195e-06 -2.994461e-08
9   0  6  6  0.00  3.103491e-02 3.098277e-03 -1.554211e-04 3.517852e-06 -3.000574e-08
10  0  6  6  0.00  2.763693e-02 3.240506e-03 -1.491238e-04 3.176522e-06 -2.630170e-08
#
# SDC3
31  0  6  6  0.00  5.778453e-02 3.735615e-05 -1.800229e-06 1.168414e-08 -2.488458e-11
32  0  6  6  0.00  6.174255e-02 -7.799714e-05 -7.704134e-07 7.819646e-09 -1.951382e-11
33  0  6  6  0.00  5.931281e-02 -5.702514e-06 -1.530960e-06 1.130396e-08 -2.527482e-11
34  0  6  6  0.00  6.456962e-02 -1.268826e-04 -5.243129e-07 7.580934e-09 -2.008638e-11
35  0  6  6  0.00  6.094924e-02 -6.482732e-05 -7.864669e-07 7.491039e-09 -1.859940e-11
36  0  6  6  0.00  6.213232e-02 -1.133676e-04 -3.648344e-07 6.242012e-09 -1.754757e-11
#
# SDC4
37  0  6  6  0.00  5.865595e-02 -4.250325e-05 -9.671368e-07 8.251434e-09 -1.961680e-11
38  0  6  6  0.00  6.037271e-02 -6.915568e-05 -7.876092e-07 7.696592e-09 -1.897866e-11
39  0  6  6  0.00  5.996214e-02 -7.967860e-05 -4.745933e-07 5.779310e-09 -1.555773e-11
40  0  6  6  0.00  5.798441e-02 -4.884269e-06 -1.343204e-06 9.741690e-09 -2.176933e-11
41  0  6  6  0.00  5.949795e-02 -6.598549e-05 -6.895105e-07 6.944606e-09 -1.752476e-11
42  0  6  6  0.00  5.814591e-02 -3.699510e-05 -9.816025e-07 8.151849e-09 -1.922715e-11
#
