##
#  file: DCDriftParam_0
#  date: 2016.06.15
#  note: first version
#
#
#######################################################################
# Id	WireId	Type	NParam	p0	p1	...
### SFT
7	0	6	6	0.0000e+00	0.0000e+00	0.0000e+00	0.0000e+00	0.0000e+00	0.0000e+00
8	0	6	6	0.0000e+00	0.0000e+00	0.0000e+00	0.0000e+00	0.0000e+00	0.0000e+00
9	0	6	6	0.0000e+00	0.0000e+00	0.0000e+00	0.0000e+00	0.0000e+00	0.0000e+00
### SDC1
1	0	6	6	0.0000e+00	4.7189e-02	7.8312e-04	-1.0231e-05	-1.4105e-07	1.6053e-09
2	0	6	6	0.0000e+00	4.7077e-02	7.6934e-04	-1.0056e-05	-1.3825e-07	1.5726e-09
3	0	6	6	0.0000e+00	4.8160e-02	7.2136e-04	-9.7823e-06	-1.3128e-07	1.5101e-09
4	0	6	6	0.0000e+00	4.7092e-02	7.4271e-04	-9.7034e-06	-1.3345e-07	1.5086e-09
5	0	6	6	0.0000e+00	4.7772e-02	7.3750e-04	-9.8466e-06	-1.3365e-07	1.5274e-09
6	0	6	6	0.0000e+00	4.8161e-02	7.3068e-04	-9.8683e-06	-1.3315e-07	1.5286e-09
### SDC2
31	0	6	6	0.0000e+00	1.4601e-01	-7.7696e-03	2.1910e-04	-2.4575e-06	9.3890e-09
32	0	6	6	0.0000e+00	1.3976e-01	-6.9768e-03	1.9118e-04	-2.1003e-06	7.8819e-09
33	0	6	6	0.0000e+00	8.1218e-02	-1.9200e-03	6.3432e-05	-8.5099e-07	3.6693e-09
34	0	6	6	0.0000e+00	8.1280e-02	-2.0065e-03	6.3692e-05	-8.2663e-07	3.4830e-09
### SDC3
35	0	6	6	0.0000e+00	5.7524e-02	1.9160e-05	6.8146e-08	-4.0707e-09	9.5119e-12
36	0	6	6	0.0000e+00	6.9645e-02	-3.6220e-04	4.3657e-06	-2.3905e-08	4.1675e-11
37	0	6	6	0.0000e+00	9.6875e-02	-7.9151e-04	5.6507e-06	-1.8029e-08	1.7651e-11
38	0	6	6	0.0000e+00	8.3562e-02	-4.2257e-04	2.1459e-06	-3.6010e-09	-4.2519e-12
### BC3
113	0	6	6	0.0000e+00	3.6281e-02	1.8217e-03	-2.8817e-05	-1.3481e-06	2.3753e-08
114	0	6	6	0.0000e+00	3.6522e-02	1.9929e-03	-3.3403e-05	-1.5297e-06	2.8545e-08
115	0	6	6	0.0000e+00	3.4888e-02	2.2028e-03	-3.7597e-05	-1.7007e-06	3.3094e-08
116	0	6	6	0.0000e+00	3.6033e-02	2.1716e-03	-3.7879e-05	-1.6962e-06	3.3130e-08
117	0	6	6	0.0000e+00	3.3968e-02	1.9446e-03	-2.9034e-05	-1.4202e-06	2.4633e-08
118	0	6	6	0.0000e+00	3.5673e-02	2.3222e-03	-4.2083e-05	-1.8498e-06	3.7738e-08
### BC4
119	0	6	6	0.0000e+00	3.7237e-02	1.9794e-03	-3.4148e-05	-1.5290e-06	2.8973e-08
120	0	6	6	0.0000e+00	3.7761e-02	2.1321e-03	-3.9008e-05	-1.7067e-06	3.4126e-08
121	0	6	6	0.0000e+00	3.6370e-02	2.2134e-03	-3.9350e-05	-1.7451e-06	3.4542e-08
122	0	6	6	0.0000e+00	3.8097e-02	2.0545e-03	-3.7271e-05	-1.6279e-06	3.2043e-08
123	0	6	6	0.0000e+00	3.6750e-02	2.3175e-03	-4.2984e-05	-1.8659e-06	3.8331e-08
124	0	6	6	0.0000e+00	3.8182e-02	2.2411e-03	-4.2699e-05	-1.8329e-06	3.7931e-08
