##
#  file: DCDriftParam_0
#  date: 2016.06.15
#  note: first version
#
#
#######################################################################
# Id	WireId	Type	NParam	p0	p1	...
### SDC1
1	0	6	6	0.0000e+00	4.4928e-02	1.0630e-03	-2.6938e-05	1.7996e-07	-3.3769e-10
2	0	6	6	0.0000e+00	5.1154e-02	7.6864e-04	-2.1472e-05	1.2849e-07	-1.2163e-10
3	0	6	6	0.0000e+00	5.0476e-02	6.4511e-04	-1.5374e-05	3.8793e-08	2.9594e-10
4	0	6	6	0.0000e+00	4.9582e-02	6.4271e-04	-1.1388e-05	-7.6331e-08	1.1568e-09
5	0	6	6	0.0000e+00	5.4143e-02	6.2131e-04	-1.7150e-05	6.5808e-08	2.0530e-10
6	0	6	6	0.0000e+00	3.3462e-02	1.7554e-03	-4.0598e-05	2.6630e-07	-3.4452e-10
### SDC2
31	0	6	6	0.0000e+00	6.5996e-02	8.4955e-05	-7.6447e-06	7.2749e-08	-2.9289e-10
32	0	6	6	0.0000e+00	5.1309e-02	1.1002e-03	-3.2493e-05	3.3063e-07	-1.2455e-09
33	0	6	6	0.0000e+00	7.5137e-02	-6.2603e-04	1.1502e-05	-1.4697e-07	6.0750e-10
34	0	6	6	0.0000e+00	7.5034e-02	-5.7756e-04	1.0019e-05	-1.2844e-07	5.2184e-10
### SDC3
35	0	6	6	0.0000e+00	7.5550e-02	-3.7511e-04	2.2022e-06	-6.6643e-09	5.4854e-12
36	0	6	6	0.0000e+00	7.0774e-02	-1.9939e-04	1.3958e-07	3.2755e-09	-1.1401e-11
37	0	6	6	0.0000e+00	6.8904e-02	-1.7616e-04	2.5973e-07	1.7042e-09	-7.4738e-12
38	0	6	6	0.0000e+00	7.9436e-02	-4.9651e-04	3.7854e-06	-1.4770e-08	1.9974e-11
### BC3
113	0	6	6	0.0000e+00	5.8607e-02	-2.1418e-03	2.3503e-04	-9.3256e-06	1.1212e-07
114	0	6	6	0.0000e+00	6.1427e-02	-2.5106e-03	2.5844e-04	-9.9710e-06	1.1797e-07
115	0	6	6	0.0000e+00	8.1111e-02	-8.9857e-03	8.5162e-04	-3.1353e-05	3.8457e-07
116	0	6	6	0.0000e+00	8.3805e-02	-8.6592e-03	8.0818e-04	-2.9819e-05	3.6701e-07
117	0	6	6	0.0000e+00	8.0620e-02	-9.1346e-03	8.4876e-04	-3.0684e-05	3.7100e-07
118	0	6	6	0.0000e+00	9.0490e-02	-1.0578e-02	9.7162e-04	-3.5559e-05	4.3915e-07
### BC4
119	0	6	6	0.0000e+00	8.0033e-02	-9.1485e-03	8.7583e-04	-3.2225e-05	3.9431e-07
120	0	6	6	0.0000e+00	7.7690e-02	-7.8658e-03	7.6084e-04	-2.8418e-05	3.5099e-07
121	0	6	6	0.0000e+00	8.3434e-02	-1.0058e-02	9.5229e-04	-3.4803e-05	4.2491e-07
122	0	6	6	0.0000e+00	7.8420e-02	-7.8761e-03	7.4978e-04	-2.7717e-05	3.3911e-07
123	0	6	6	0.0000e+00	6.1403e-02	-3.0600e-03	3.1969e-04	-1.2437e-05	1.5187e-07
124	0	6	6	0.0000e+00	6.5672e-02	-4.1409e-03	4.0909e-04	-1.5417e-05	1.8664e-07
