#
# DCDrift044.param
#
# BDC
#
101  0  1  2  -617.65  0.0435875 
102  0  1  2  -618.30  0.0435875 
103  0  1  2  -627.94  0.0481621 
104  0  1  2  -625.99  0.0481621 
105  0  1  2  -617.91  0.0432418 
106  0  1  2  -629.16  0.0432418 #-1
#
107  0  1  2  -613.35  0.0451376
108  0  1  2  -613.47  0.0451376
109  0  1  2  -613.28  0.0421271
110  0  1  2  -617.34  0.0421271
111  0  1  2  -626.86  0.0462983 
112  0  1  2  -626.17  0.0462983 
#
#113  0  1  2  -730.0  0.0472098
#114  0  1  2  -735.0  0.0472098
#115  0  1  2  -720.0  0.0472330
#116  0  1  2  -725.0  0.0472330
#117  0  1  2  -720.0  0.0452873
#118  0  1  2  -720.0  0.0452873
113  0  1  2  -732.0  0.04166 
114  0  1  2  -736.0  0.04166 
115  0  1  2  -719.0  0.04166 
116  0  1  2  -725.0  0.04166 #+6
117  0  1  2  -721.0  0.04166 
118  0  1  2  -721.0  0.04166 
#
#119  0  1  2  -725.0  0.0422441
#120  0  1  2  -725.0  0.0422441
#121  0  1  2  -720.0  0.0451218
#122  0  1  2  -720.0  0.0451218
#123  0  1  2  -725.0  0.0420835
#124  0  1  2  -725.0  0.0420835
119  0  1  2  -728.0  0.04166
120  0  1  2  -727.0  0.04166 
121  0  1  2  -720.0  0.04166 #-3
122  0  1  2  -719.0  0.04166 #-3
123  0  1  2  -727.0  0.04166
124  0  1  2  -727.0  0.04166
#
#
# SDC1
#  1  0  1  2  -730.0  0.0423611
#  2  0  1  2  -710.0  0.0423611
#  3  0  1  2  -700.0  0.0458992
#  4  0  1  2  -700.0  0.0458992
#  5  0  1  2  -730.0  0.0410071
1  0  3  3  -727.81  0.0643213 -0.000199066
2  0  3  3  -709.80  0.0662766 -0.000210043
3  0  3  3  -694.83  0.0565098 -0.000146028
4  0  3  3  -695.32  0.0575326 -0.000154095
5  0  5  6  -730.0  0.0886926 31.212 0.0374356 115.195 0.0179513
#
# SDC2
  6  0  1  2  -713.58   0.045
  7  0  1  2  -683.91   0.045
  8  0  1  2  -684.49   0.045
  9  0  1  2  -684.85   0.045
 10  0  1  2  -717.42   0.045
 11  0  1  2  -715.73   0.045
#6  0  5  6  -720.58 0.0804307 10.057 0.0524692 29.986 0.0294139
#7  0  5  6  -690.91 0.0704803 16.477 0.0442592 41.347 0.0276624
#8  0  5  6  -691.49 0.0696125 15.751 0.0494551 34.284 0.0342458
#9  0  5  6  -691.85 0.0687961 18.711 0.0431449 40.034 0.0224442
#10  0  5  6  -724.42 0.0811971 14.315 0.0455180 42.042 0.009790
#11  0  5  6  -722.73 0.0994463 4.590 0.0641128 22.296 0.0396378
#
# SDC3
# 31  0  2  7  -580.3  169.96667  532.69830    0.00475   11.32062    0.03342    0.01537
# 32  0  2  7  -580.3  165.76443  521.89886    0.00364    2.38673    0.03459    0.01471
# 33  0  2  7  -585.1  223.64879  547.17261    0.00322   10.35764    0.03211    0.01616
# 34  0  2  7  -585.1  171.80090  548.97577    0.00526    8.32283    0.03224    0.01888
# 31  0  1  2  -590.0  0.042
# 32  0  1  2  -590.0  0.042
# 33  0  1  2  -585.0  0.042
# 34  0  1  2  -585.0  0.042
# 31  0  3  3  -590.0  0.0491644 -0.000017538
# 32  0  3  3  -590.0  0.0497601 -0.000018885
# 33  0  3  3  -585.0  0.0469217 -0.000011267
# 34  0  3  3  -585.0  0.0476514 -0.000013503
 31  0  3  3  -590.0  0.0492453 -0.000020254
 32  0  3  3  -590.0  0.0499383 -0.000021164
 33  0  3  3  -585.0  0.0479975 -0.000018156
 34  0  3  3  -585.0  0.0481486 -0.000019305
# SDC4X
# 35  0  1  2  -581.0  0.04171 
# 36  0  1  2  -582.0  0.04274 
# 37  0  1  2  -583.0  0.04171 
# 38  0  1  2  -583.0  0.04274 
# 39  0  1  2  -582.0  0.04171 
# 40  0  1  2  -582.0  0.04274 
 35  0  1  2  -581.0  0.04171 
 36  0  3  3  -582.0  0.0451872 -0.000006322
 37  0  3  3  -583.0  0.0430887 -0.000001980
 38  0  3  3  -583.0  0.0434155 -0.000002751
 39  0  3  3  -582.0  0.0448749 -0.000006051
 40  0  1  2  -582.0  0.04274 
# SDC4Y
# 41  0  1  2  -588.0  0.04229 
# 42  0  1  2  -588.0  0.04229  
# 43  0  1  2  -588.0  0.04210 
# 44  0  1  2  -588.0  0.04229 
# 45  0  1  2  -588.0  0.04229   
# 46  0  1  2  -588.0  0.04229
 41  0  1  2  -588.0  0.04229 
 42  0  3  3  -588.0  0.0439751 -0.000001353
 43  0  3  3  -588.0  0.0407328 0.000006037 
 44  0  3  3  -588.0  0.0407623 0.000005679 
 45  0  3  3  -588.0  0.0420615 0.000001879 
 46  0  1  2  -588.0  0.04229
#
