##
#  file: DCTdcCalib_0
#  date: 2016.05.25
#  note: first version
#
#
#######################################################################
# Id	WireId	p1	p0
#
### BC3-X1
113	1	1.000	-686.000
113	2	1.000	-686.000
113	3	1.000	-686.000
113	4	1.000	-686.000
113	5	1.000	-686.000
113	6	1.000	-652.793
113	7	1.000	-686.000
113	8	1.000	-656.247
113	9	1.000	-686.000
113	10	1.000	-686.000
113	11	1.000	-686.000
113	12	1.000	-656.638
113	13	1.000	-686.000
113	14	1.000	-686.000
113	15	1.000	-686.000
113	16	1.000	-686.000
113	17	1.000	-686.000
113	18	1.000	-686.000
113	19	1.000	-686.000
113	20	1.000	-686.000
113	21	1.000	-648.735
113	22	1.000	-690.388
113	23	1.000	-648.459
113	24	1.000	-689.889
113	25	1.000	-690.433
113	26	1.000	-691.431
113	27	1.000	-688.816
113	28	1.000	-689.551
113	29	1.000	-688.949
113	30	1.000	-690.723
113	31	1.000	-689.729
113	32	1.000	-690.780
113	33	1.000	-690.328
113	34	1.000	-690.009
113	35	1.000	-689.432
113	36	1.000	-689.824
113	37	1.000	-686.000
113	38	1.000	-686.000
113	39	1.000	-686.000
113	40	1.000	-689.763
113	41	1.000	-686.000
113	42	1.000	-655.947
113	43	1.000	-690.367
113	44	1.000	-695.846
113	45	1.000	-690.125
113	46	1.000	-686.000
113	47	1.000	-686.000
113	48	1.000	-688.484
113	49	1.000	-691.637
113	50	1.000	-686.000
113	51	1.000	-686.000
113	52	1.000	-686.000
113	53	1.000	-686.000
113	54	1.000	-686.000
113	55	1.000	-686.000
113	56	1.000	-686.000
113	57	1.000	-686.000
113	58	1.000	-686.000
113	59	1.000	-686.000
113	60	1.000	-686.000
113	61	1.000	-689.423
113	62	1.000	-686.000
113	63	1.000	-649.809
113	64	1.000	-656.297
#
### BC3-X2
114	1	1.000	-686.000
114	2	1.000	-682.677
114	3	1.000	-686.000
114	4	1.000	-686.000
114	5	1.000	-686.000
114	6	1.000	-686.000
114	7	1.000	-686.000
114	8	1.000	-686.000
114	9	1.000	-688.532
114	10	1.000	-686.000
114	11	1.000	-686.000
114	12	1.000	-686.000
114	13	1.000	-686.000
114	14	1.000	-686.000
114	15	1.000	-686.000
114	16	1.000	-686.000
114	17	1.000	-686.000
114	18	1.000	-686.000
114	19	1.000	-686.000
114	20	1.000	-686.000
114	21	1.000	-686.000
114	22	1.000	-686.921
114	23	1.000	-685.156
114	24	1.000	-687.578
114	25	1.000	-684.605
114	26	1.000	-686.179
114	27	1.000	-684.435
114	28	1.000	-685.434
114	29	1.000	-685.940
114	30	1.000	-685.986
114	31	1.000	-685.118
114	32	1.000	-684.115
114	33	1.000	-685.170
114	34	1.000	-684.589
114	35	1.000	-684.819
114	36	1.000	-684.175
114	37	1.000	-684.298
114	38	1.000	-684.462
114	39	1.000	-685.624
114	40	1.000	-684.588
114	41	1.000	-684.753
114	42	1.000	-686.049
114	43	1.000	-686.786
114	44	1.000	-685.431
114	45	1.000	-684.048
114	46	1.000	-685.260
114	47	1.000	-683.817
114	48	1.000	-685.171
114	49	1.000	-691.004
114	50	1.000	-686.000
114	51	1.000	-655.349
114	52	1.000	-688.158
114	53	1.000	-686.000
114	54	1.000	-686.000
114	55	1.000	-686.000
114	56	1.000	-686.000
114	57	1.000	-686.000
114	58	1.000	-686.000
114	59	1.000	-649.493
114	60	1.000	-686.000
114	61	1.000	-686.000
114	62	1.000	-686.000
114	63	1.000	-672.500
114	64	1.000	-684.512
#
### BC3-U1
115	1	1.000	-686.000
115	2	1.000	-686.000
115	3	1.000	-686.000
115	4	1.000	-686.000
115	5	1.000	-686.000
115	6	1.000	-686.000
115	7	1.000	-686.000
115	8	1.000	-686.000
115	9	1.000	-650.645
115	10	1.000	-686.000
115	11	1.000	-686.000
115	12	1.000	-686.000
115	13	1.000	-646.208
115	14	1.000	-686.000
115	15	1.000	-686.000
115	16	1.000	-686.000
115	17	1.000	-686.000
115	18	1.000	-686.000
115	19	1.000	-686.874
115	20	1.000	-686.000
115	21	1.000	-689.637
115	22	1.000	-690.677
115	23	1.000	-688.366
115	24	1.000	-689.725
115	25	1.000	-687.791
115	26	1.000	-688.428
115	27	1.000	-688.983
115	28	1.000	-687.758
115	29	1.000	-687.729
115	30	1.000	-688.360
115	31	1.000	-688.005
115	32	1.000	-688.358
115	33	1.000	-687.522
115	34	1.000	-685.869
115	35	1.000	-660.436
115	36	1.000	-686.000
115	37	1.000	-655.991
115	38	1.000	-689.794
115	39	1.000	-686.000
115	40	1.000	-686.000
115	41	1.000	-686.000
115	42	1.000	-690.309
115	43	1.000	-686.000
115	44	1.000	-686.000
115	45	1.000	-689.096
115	46	1.000	-686.000
115	47	1.000	-686.000
115	48	1.000	-691.265
115	49	1.000	-686.000
115	50	1.000	-686.000
115	51	1.000	-686.000
115	52	1.000	-686.000
115	53	1.000	-686.000
115	54	1.000	-686.000
115	55	1.000	-692.248
115	56	1.000	-686.000
115	57	1.000	-686.000
115	58	1.000	-686.000
115	59	1.000	-686.000
115	60	1.000	-686.000
115	61	1.000	-686.000
115	62	1.000	-686.000
115	63	1.000	-686.000
115	64	1.000	-686.000
#
### BC3-U2
116	1	1.000	-686.000
116	2	1.000	-686.000
116	3	1.000	-686.000
116	4	1.000	-680.001
116	5	1.000	-686.000
116	6	1.000	-686.000
116	7	1.000	-654.792
116	8	1.000	-686.000
116	9	1.000	-686.000
116	10	1.000	-686.000
116	11	1.000	-654.704
116	12	1.000	-686.000
116	13	1.000	-680.279
116	14	1.000	-686.000
116	15	1.000	-686.000
116	16	1.000	-686.000
116	17	1.000	-686.000
116	18	1.000	-686.000
116	19	1.000	-655.903
116	20	1.000	-689.339
116	21	1.000	-686.000
116	22	1.000	-686.000
116	23	1.000	-686.000
116	24	1.000	-686.000
116	25	1.000	-686.000
116	26	1.000	-686.000
116	27	1.000	-690.221
116	28	1.000	-689.705
116	29	1.000	-688.966
116	30	1.000	-689.708
116	31	1.000	-689.403
116	32	1.000	-689.850
116	33	1.000	-683.518
116	34	1.000	-683.361
116	35	1.000	-684.675
116	36	1.000	-683.592
116	37	1.000	-681.807
116	38	1.000	-683.675
116	39	1.000	-682.909
116	40	1.000	-660.000
116	41	1.000	-684.778
116	42	1.000	-663.029
116	43	1.000	-685.884
116	44	1.000	-686.000
116	45	1.000	-686.000
116	46	1.000	-687.142
116	47	1.000	-686.000
116	48	1.000	-656.399
116	49	1.000	-686.000
116	50	1.000	-686.000
116	51	1.000	-686.000
116	52	1.000	-686.000
116	53	1.000	-686.000
116	54	1.000	-686.000
116	55	1.000	-686.000
116	56	1.000	-686.000
116	57	1.000	-686.000
116	58	1.000	-686.000
116	59	1.000	-686.000
116	60	1.000	-653.663
116	61	1.000	-686.000
116	62	1.000	-686.000
116	63	1.000	-686.000
116	64	1.000	-686.000
#
### BC3-V1
117	1	1.000	-656.595
117	2	1.000	-686.000
117	3	1.000	-660.143
117	4	1.000	-686.000
117	5	1.000	-686.000
117	6	1.000	-686.000
117	7	1.000	-686.000
117	8	1.000	-686.000
117	9	1.000	-655.568
117	10	1.000	-686.000
117	11	1.000	-686.000
117	12	1.000	-686.000
117	13	1.000	-686.000
117	14	1.000	-686.000
117	15	1.000	-686.000
117	16	1.000	-686.000
117	17	1.000	-686.000
117	18	1.000	-686.000
117	19	1.000	-686.000
117	20	1.000	-686.000
117	21	1.000	-686.000
117	22	1.000	-656.103
117	23	1.000	-686.000
117	24	1.000	-686.000
117	25	1.000	-689.292
117	26	1.000	-689.879
117	27	1.000	-688.918
117	28	1.000	-686.000
117	29	1.000	-689.931
117	30	1.000	-686.000
117	31	1.000	-689.681
117	32	1.000	-691.036
117	33	1.000	-688.718
117	34	1.000	-686.000
117	35	1.000	-686.000
117	36	1.000	-656.091
117	37	1.000	-687.967
117	38	1.000	-686.000
117	39	1.000	-686.000
117	40	1.000	-689.561
117	41	1.000	-686.000
117	42	1.000	-686.000
117	43	1.000	-688.180
117	44	1.000	-686.000
117	45	1.000	-686.000
117	46	1.000	-686.000
117	47	1.000	-686.000
117	48	1.000	-694.260
117	49	1.000	-686.000
117	50	1.000	-686.000
117	51	1.000	-686.000
117	52	1.000	-656.052
117	53	1.000	-693.316
117	54	1.000	-686.000
117	55	1.000	-685.513
117	56	1.000	-686.000
117	57	1.000	-685.876
117	58	1.000	-686.000
117	59	1.000	-686.000
117	60	1.000	-686.000
117	61	1.000	-686.000
117	62	1.000	-686.000
117	63	1.000	-656.290
117	64	1.000	-686.000
#
### BC3-V2
118	1	1.000	-686.000
118	2	1.000	-686.000
118	3	1.000	-686.000
118	4	1.000	-687.649
118	5	1.000	-686.000
118	6	1.000	-686.000
118	7	1.000	-686.000
118	8	1.000	-686.000
118	9	1.000	-648.461
118	10	1.000	-686.000
118	11	1.000	-686.000
118	12	1.000	-686.000
118	13	1.000	-686.000
118	14	1.000	-686.000
118	15	1.000	-686.000
118	16	1.000	-686.000
118	17	1.000	-686.000
118	18	1.000	-686.000
118	19	1.000	-686.000
118	20	1.000	-686.000
118	21	1.000	-686.000
118	22	1.000	-686.000
118	23	1.000	-686.000
118	24	1.000	-689.421
118	25	1.000	-687.698
118	26	1.000	-687.988
118	27	1.000	-658.408
118	28	1.000	-687.576
118	29	1.000	-687.844
118	30	1.000	-689.032
118	31	1.000	-687.375
118	32	1.000	-686.908
118	33	1.000	-681.309
118	34	1.000	-680.189
118	35	1.000	-686.000
118	36	1.000	-679.753
118	37	1.000	-681.691
118	38	1.000	-682.707
118	39	1.000	-679.639
118	40	1.000	-681.062
118	41	1.000	-682.013
118	42	1.000	-682.217
118	43	1.000	-680.797
118	44	1.000	-683.965
118	45	1.000	-686.000
118	46	1.000	-681.263
118	47	1.000	-683.313
118	48	1.000	-682.438
118	49	1.000	-686.000
118	50	1.000	-686.000
118	51	1.000	-686.000
118	52	1.000	-686.000
118	53	1.000	-686.876
118	54	1.000	-686.000
118	55	1.000	-686.000
118	56	1.000	-686.000
118	57	1.000	-686.000
118	58	1.000	-686.000
118	59	1.000	-686.000
118	60	1.000	-686.000
118	61	1.000	-686.000
118	62	1.000	-686.000
118	63	1.000	-686.000
118	64	1.000	-686.000
#
### BC4-U1
119	1	1.000	-686.000
119	2	1.000	-686.000
119	3	1.000	-686.000
119	4	1.000	-686.000
119	5	1.000	-678.002
119	6	1.000	-686.000
119	7	1.000	-686.000
119	8	1.000	-691.581
119	9	1.000	-686.000
119	10	1.000	-686.000
119	11	1.000	-686.000
119	12	1.000	-686.000
119	13	1.000	-686.000
119	14	1.000	-686.000
119	15	1.000	-686.000
119	16	1.000	-686.000
119	17	1.000	-686.000
119	18	1.000	-686.000
119	19	1.000	-686.000
119	20	1.000	-686.000
119	21	1.000	-686.000
119	22	1.000	-686.000
119	23	1.000	-686.000
119	24	1.000	-687.142
119	25	1.000	-683.598
119	26	1.000	-685.530
119	27	1.000	-684.753
119	28	1.000	-685.819
119	29	1.000	-684.384
119	30	1.000	-685.976
119	31	1.000	-684.914
119	32	1.000	-684.932
119	33	1.000	-685.894
119	34	1.000	-685.446
119	35	1.000	-687.187
119	36	1.000	-685.737
119	37	1.000	-686.910
119	38	1.000	-686.087
119	39	1.000	-689.284
119	40	1.000	-685.832
119	41	1.000	-688.522
119	42	1.000	-688.799
119	43	1.000	-686.000
119	44	1.000	-686.000
119	45	1.000	-686.000
119	46	1.000	-686.000
119	47	1.000	-690.104
119	48	1.000	-687.619
119	49	1.000	-686.000
119	50	1.000	-686.000
119	51	1.000	-686.000
119	52	1.000	-686.000
119	53	1.000	-686.000
119	54	1.000	-686.000
119	55	1.000	-686.000
119	56	1.000	-686.000
119	57	1.000	-686.000
119	58	1.000	-686.000
119	59	1.000	-686.000
119	60	1.000	-686.000
119	61	1.000	-686.000
119	62	1.000	-686.000
119	63	1.000	-679.785
119	64	1.000	-686.000
#
### BC4-U2
120	1	1.000	-677.771
120	2	1.000	-686.000
120	3	1.000	-673.868
120	4	1.000	-686.000
120	5	1.000	-686.000
120	6	1.000	-686.000
120	7	1.000	-686.000
120	8	1.000	-686.000
120	9	1.000	-686.000
120	10	1.000	-686.000
120	11	1.000	-686.000
120	12	1.000	-686.000
120	13	1.000	-686.000
120	14	1.000	-686.000
120	15	1.000	-671.366
120	16	1.000	-686.000
120	17	1.000	-686.000
120	18	1.000	-686.000
120	19	1.000	-686.000
120	20	1.000	-686.000
120	21	1.000	-686.000
120	22	1.000	-686.000
120	23	1.000	-686.000
120	24	1.000	-686.000
120	25	1.000	-686.000
120	26	1.000	-684.871
120	27	1.000	-685.444
120	28	1.000	-685.363
120	29	1.000	-686.083
120	30	1.000	-685.006
120	31	1.000	-685.370
120	32	1.000	-684.190
120	33	1.000	-686.154
120	34	1.000	-685.416
120	35	1.000	-685.898
120	36	1.000	-685.374
120	37	1.000	-684.282
120	38	1.000	-685.007
120	39	1.000	-686.000
120	40	1.000	-686.000
120	41	1.000	-685.431
120	42	1.000	-656.547
120	43	1.000	-686.000
120	44	1.000	-686.000
120	45	1.000	-686.000
120	46	1.000	-686.000
120	47	1.000	-686.000
120	48	1.000	-686.000
120	49	1.000	-686.000
120	50	1.000	-686.000
120	51	1.000	-686.000
120	52	1.000	-686.000
120	53	1.000	-686.000
120	54	1.000	-686.000
120	55	1.000	-686.000
120	56	1.000	-686.045
120	57	1.000	-679.303
120	58	1.000	-686.000
120	59	1.000	-686.000
120	60	1.000	-686.000
120	61	1.000	-679.064
120	62	1.000	-678.708
120	63	1.000	-691.376
120	64	1.000	-686.000
#
### BC4-V1
121	1	1.000	-686.000
121	2	1.000	-686.000
121	3	1.000	-686.000
121	4	1.000	-686.000
121	5	1.000	-686.000
121	6	1.000	-686.000
121	7	1.000	-686.000
121	8	1.000	-686.000
121	9	1.000	-686.000
121	10	1.000	-686.000
121	11	1.000	-686.000
121	12	1.000	-686.000
121	13	1.000	-686.000
121	14	1.000	-686.000
121	15	1.000	-686.000
121	16	1.000	-686.000
121	17	1.000	-686.000
121	18	1.000	-686.000
121	19	1.000	-686.000
121	20	1.000	-686.000
121	21	1.000	-686.000
121	22	1.000	-686.546
121	23	1.000	-686.000
121	24	1.000	-688.782
121	25	1.000	-684.661
121	26	1.000	-685.437
121	27	1.000	-685.972
121	28	1.000	-685.984
121	29	1.000	-685.802
121	30	1.000	-685.961
121	31	1.000	-685.224
121	32	1.000	-686.032
121	33	1.000	-685.165
121	34	1.000	-686.360
121	35	1.000	-687.040
121	36	1.000	-685.380
121	37	1.000	-686.411
121	38	1.000	-686.422
121	39	1.000	-685.224
121	40	1.000	-684.627
121	41	1.000	-688.060
121	42	1.000	-686.000
121	43	1.000	-686.000
121	44	1.000	-686.000
121	45	1.000	-686.000
121	46	1.000	-686.000
121	47	1.000	-686.000
121	48	1.000	-702.188
121	49	1.000	-686.000
121	50	1.000	-692.050
121	51	1.000	-686.000
121	52	1.000	-657.800
121	53	1.000	-686.000
121	54	1.000	-686.000
121	55	1.000	-686.000
121	56	1.000	-686.000
121	57	1.000	-686.000
121	58	1.000	-686.000
121	59	1.000	-686.000
121	60	1.000	-686.000
121	61	1.000	-686.000
121	62	1.000	-676.072
121	63	1.000	-686.000
121	64	1.000	-686.000
#
### BC4-V2
122	1	1.000	-686.000
122	2	1.000	-686.000
122	3	1.000	-686.000
122	4	1.000	-686.000
122	5	1.000	-686.000
122	6	1.000	-686.000
122	7	1.000	-686.000
122	8	1.000	-686.000
122	9	1.000	-686.000
122	10	1.000	-686.000
122	11	1.000	-686.000
122	12	1.000	-686.000
122	13	1.000	-686.000
122	14	1.000	-686.000
122	15	1.000	-686.000
122	16	1.000	-686.000
122	17	1.000	-686.000
122	18	1.000	-686.000
122	19	1.000	-686.000
122	20	1.000	-686.000
122	21	1.000	-686.000
122	22	1.000	-690.028
122	23	1.000	-686.543
122	24	1.000	-687.397
122	25	1.000	-685.889
122	26	1.000	-687.224
122	27	1.000	-686.338
122	28	1.000	-687.024
122	29	1.000	-686.319
122	30	1.000	-687.314
122	31	1.000	-686.805
122	32	1.000	-685.902
122	33	1.000	-685.703
122	34	1.000	-685.086
122	35	1.000	-686.396
122	36	1.000	-685.729
122	37	1.000	-684.857
122	38	1.000	-684.863
122	39	1.000	-686.000
122	40	1.000	-686.000
122	41	1.000	-686.000
122	42	1.000	-686.000
122	43	1.000	-686.000
122	44	1.000	-652.710
122	45	1.000	-686.000
122	46	1.000	-686.000
122	47	1.000	-686.000
122	48	1.000	-686.000
122	49	1.000	-686.000
122	50	1.000	-686.000
122	51	1.000	-686.000
122	52	1.000	-686.000
122	53	1.000	-686.000
122	54	1.000	-686.000
122	55	1.000	-686.000
122	56	1.000	-686.000
122	57	1.000	-686.000
122	58	1.000	-686.000
122	59	1.000	-686.000
122	60	1.000	-686.000
122	61	1.000	-686.000
122	62	1.000	-686.000
122	63	1.000	-686.000
122	64	1.000	-686.000
#
### BC4-X1
123	1	1.000	-686.000
123	2	1.000	-686.000
123	3	1.000	-679.064
123	4	1.000	-686.000
123	5	1.000	-686.000
123	6	1.000	-686.000
123	7	1.000	-686.000
123	8	1.000	-686.000
123	9	1.000	-678.590
123	10	1.000	-686.000
123	11	1.000	-686.000
123	12	1.000	-686.000
123	13	1.000	-686.000
123	14	1.000	-686.000
123	15	1.000	-686.000
123	16	1.000	-686.000
123	17	1.000	-686.000
123	18	1.000	-686.000
123	19	1.000	-686.000
123	20	1.000	-686.000
123	21	1.000	-686.000
123	22	1.000	-686.000
123	23	1.000	-654.373
123	24	1.000	-687.331
123	25	1.000	-686.000
123	26	1.000	-685.746
123	27	1.000	-685.512
123	28	1.000	-685.969
123	29	1.000	-687.006
123	30	1.000	-686.370
123	31	1.000	-686.419
123	32	1.000	-686.186
123	33	1.000	-685.156
123	34	1.000	-685.351
123	35	1.000	-686.184
123	36	1.000	-685.124
123	37	1.000	-687.191
123	38	1.000	-686.550
123	39	1.000	-686.000
123	40	1.000	-685.732
123	41	1.000	-687.096
123	42	1.000	-686.000
123	43	1.000	-686.000
123	44	1.000	-687.536
123	45	1.000	-686.000
123	46	1.000	-686.000
123	47	1.000	-686.000
123	48	1.000	-686.000
123	49	1.000	-655.456
123	50	1.000	-686.000
123	51	1.000	-686.000
123	52	1.000	-686.000
123	53	1.000	-656.905
123	54	1.000	-672.489
123	55	1.000	-686.000
123	56	1.000	-686.000
123	57	1.000	-686.000
123	58	1.000	-686.000
123	59	1.000	-686.000
123	60	1.000	-676.510
123	61	1.000	-686.000
123	62	1.000	-686.000
123	63	1.000	-686.000
123	64	1.000	-686.000
#
### BC4-X2
124	1	1.000	-679.183
124	2	1.000	-686.000
124	3	1.000	-686.000
124	4	1.000	-686.000
124	5	1.000	-686.000
124	6	1.000	-686.000
124	7	1.000	-686.000
124	8	1.000	-686.000
124	9	1.000	-686.000
124	10	1.000	-686.000
124	11	1.000	-686.000
124	12	1.000	-686.000
124	13	1.000	-686.000
124	14	1.000	-686.000
124	15	1.000	-686.000
124	16	1.000	-686.000
124	17	1.000	-686.000
124	18	1.000	-686.000
124	19	1.000	-686.000
124	20	1.000	-686.000
124	21	1.000	-686.000
124	22	1.000	-686.000
124	23	1.000	-654.132
124	24	1.000	-686.000
124	25	1.000	-686.000
124	26	1.000	-684.642
124	27	1.000	-684.314
124	28	1.000	-684.086
124	29	1.000	-684.562
124	30	1.000	-684.651
124	31	1.000	-683.880
124	32	1.000	-684.214
124	33	1.000	-684.641
124	34	1.000	-683.889
124	35	1.000	-685.017
124	36	1.000	-683.652
124	37	1.000	-684.459
124	38	1.000	-685.082
124	39	1.000	-686.000
124	40	1.000	-686.000
124	41	1.000	-686.000
124	42	1.000	-686.000
124	43	1.000	-686.000
124	44	1.000	-684.892
124	45	1.000	-686.000
124	46	1.000	-686.000
124	47	1.000	-686.000
124	48	1.000	-685.448
124	49	1.000	-705.019
124	50	1.000	-686.000
124	51	1.000	-648.026
124	52	1.000	-686.000
124	53	1.000	-686.000
124	54	1.000	-686.000
124	55	1.000	-686.000
124	56	1.000	-686.000
124	57	1.000	-686.000
124	58	1.000	-686.000
124	59	1.000	-686.000
124	60	1.000	-695.810
124	61	1.000	-686.000
124	62	1.000	-686.000
124	63	1.000	-686.000
124	64	1.000	-686.000
#
### SDC1-U1
1	1	1.000	-639.649
1	2	1.000	-670.000
1	3	1.000	-670.000
1	4	1.000	-670.000
1	5	1.000	-670.000
1	6	1.000	-670.000
1	7	1.000	-637.938
1	8	1.000	-670.000
1	9	1.000	-677.065
1	10	1.000	-685.383
1	11	1.000	-670.000
1	12	1.000	-670.000
1	13	1.000	-670.000
1	14	1.000	-670.000
1	15	1.000	-672.240
1	16	1.000	-674.372
1	17	1.000	-667.029
1	18	1.000	-672.931
1	19	1.000	-671.676
1	20	1.000	-670.000
1	21	1.000	-671.819
1	22	1.000	-673.800
1	23	1.000	-670.783
1	24	1.000	-672.591
1	25	1.000	-672.875
1	26	1.000	-671.841
1	27	1.000	-672.266
1	28	1.000	-671.625
1	29	1.000	-670.872
1	30	1.000	-670.908
1	31	1.000	-670.963
1	32	1.000	-670.693
1	33	1.000	-669.881
1	34	1.000	-670.282
1	35	1.000	-671.015
1	36	1.000	-670.208
1	37	1.000	-670.134
1	38	1.000	-669.522
1	39	1.000	-670.101
1	40	1.000	-672.061
1	41	1.000	-671.059
1	42	1.000	-671.695
1	43	1.000	-673.499
1	44	1.000	-670.000
1	45	1.000	-670.000
1	46	1.000	-670.000
1	47	1.000	-670.000
1	48	1.000	-670.000
1	49	1.000	-670.000
1	50	1.000	-670.000
1	51	1.000	-670.000
1	52	1.000	-670.000
1	53	1.000	-670.000
1	54	1.000	-670.000
1	55	1.000	-670.000
1	56	1.000	-670.000
1	57	1.000	-670.000
1	58	1.000	-670.000
1	59	1.000	-670.000
1	60	1.000	-670.000
1	61	1.000	-670.000
1	62	1.000	-670.000
1	63	1.000	-670.000
1	64	1.000	-670.000
#
### SDC1-U2
2	1	1.000	-670.000
2	2	1.000	-670.000
2	3	1.000	-670.000
2	4	1.000	-670.000
2	5	1.000	-670.000
2	6	1.000	-670.000
2	7	1.000	-670.000
2	8	1.000	-670.000
2	9	1.000	-683.212
2	10	1.000	-677.707
2	11	1.000	-684.093
2	12	1.000	-673.060
2	13	1.000	-676.492
2	14	1.000	-671.647
2	15	1.000	-638.677
2	16	1.000	-675.994
2	17	1.000	-672.397
2	18	1.000	-671.952
2	19	1.000	-670.000
2	20	1.000	-670.980
2	21	1.000	-672.719
2	22	1.000	-670.000
2	23	1.000	-670.000
2	24	1.000	-670.070
2	25	1.000	-670.238
2	26	1.000	-672.604
2	27	1.000	-671.326
2	28	1.000	-670.273
2	29	1.000	-671.122
2	30	1.000	-670.466
2	31	1.000	-670.484
2	32	1.000	-670.540
2	33	1.000	-669.884
2	34	1.000	-669.891
2	35	1.000	-670.350
2	36	1.000	-669.327
2	37	1.000	-671.397
2	38	1.000	-671.720
2	39	1.000	-668.912
2	40	1.000	-662.576
2	41	1.000	-674.201
2	42	1.000	-670.000
2	43	1.000	-672.998
2	44	1.000	-670.000
2	45	1.000	-670.000
2	46	1.000	-673.209
2	47	1.000	-670.000
2	48	1.000	-670.000
2	49	1.000	-632.603
2	50	1.000	-670.000
2	51	1.000	-670.000
2	52	1.000	-670.000
2	53	1.000	-670.000
2	54	1.000	-678.235
2	55	1.000	-670.000
2	56	1.000	-670.000
2	57	1.000	-630.598
2	58	1.000	-670.000
2	59	1.000	-670.000
2	60	1.000	-670.000
2	61	1.000	-670.000
2	62	1.000	-670.000
2	63	1.000	-670.000
2	64	1.000	-670.000
#
### SDC1-X1
3	1	1.000	-633.954
3	2	1.000	-664.000
3	3	1.000	-664.000
3	4	1.000	-664.000
3	5	1.000	-664.000
3	6	1.000	-664.000
3	7	1.000	-664.000
3	8	1.000	-664.000
3	9	1.000	-664.000
3	10	1.000	-664.000
3	11	1.000	-664.000
3	12	1.000	-671.935
3	13	1.000	-676.168
3	14	1.000	-664.000
3	15	1.000	-630.098
3	16	1.000	-668.942
3	17	1.000	-667.520
3	18	1.000	-664.000
3	19	1.000	-673.693
3	20	1.000	-634.202
3	21	1.000	-677.904
3	22	1.000	-677.393
3	23	1.000	-664.000
3	24	1.000	-674.486
3	25	1.000	-671.644
3	26	1.000	-671.209
3	27	1.000	-673.358
3	28	1.000	-673.131
3	29	1.000	-671.704
3	30	1.000	-673.190
3	31	1.000	-671.972
3	32	1.000	-672.287
3	33	1.000	-669.868
3	34	1.000	-670.286
3	35	1.000	-669.870
3	36	1.000	-671.254
3	37	1.000	-667.207
3	38	1.000	-668.643
3	39	1.000	-671.315
3	40	1.000	-671.009
3	41	1.000	-667.721
3	42	1.000	-625.688
3	43	1.000	-634.110
3	44	1.000	-670.823
3	45	1.000	-664.000
3	46	1.000	-627.157
3	47	1.000	-664.000
3	48	1.000	-664.000
3	49	1.000	-664.000
3	50	1.000	-664.000
3	51	1.000	-664.000
3	52	1.000	-664.000
3	53	1.000	-664.000
3	54	1.000	-664.000
3	55	1.000	-664.000
3	56	1.000	-664.000
3	57	1.000	-678.911
3	58	1.000	-664.000
3	59	1.000	-664.000
3	60	1.000	-664.000
3	61	1.000	-664.000
3	62	1.000	-664.000
3	63	1.000	-664.000
3	64	1.000	-664.000
#
### SDC1-X2 
4	1	1.000	-668.000
4	2	1.000	-638.369
4	3	1.000	-668.000
4	4	1.000	-637.905
4	5	1.000	-684.031
4	6	1.000	-686.165
4	7	1.000	-668.000
4	8	1.000	-668.000
4	9	1.000	-668.000
4	10	1.000	-668.000
4	11	1.000	-668.000
4	12	1.000	-630.581
4	13	1.000	-668.000
4	14	1.000	-668.000
4	15	1.000	-673.498
4	16	1.000	-671.924
4	17	1.000	-674.144
4	18	1.000	-668.000
4	19	1.000	-668.000
4	20	1.000	-669.952
4	21	1.000	-668.000
4	22	1.000	-668.000
4	23	1.000	-676.402
4	24	1.000	-672.322
4	25	1.000	-671.476
4	26	1.000	-674.031
4	27	1.000	-673.932
4	28	1.000	-672.613
4	29	1.000	-673.105
4	30	1.000	-672.259
4	31	1.000	-672.484
4	32	1.000	-672.701
4	33	1.000	-669.755
4	34	1.000	-669.383
4	35	1.000	-670.720
4	36	1.000	-669.358
4	37	1.000	-670.487
4	38	1.000	-668.758
4	39	1.000	-668.731
4	40	1.000	-668.300
4	41	1.000	-671.272
4	42	1.000	-637.037
4	43	1.000	-671.150
4	44	1.000	-638.129
4	45	1.000	-668.000
4	46	1.000	-668.000
4	47	1.000	-668.000
4	48	1.000	-668.000
4	49	1.000	-668.000
4	50	1.000	-668.000
4	51	1.000	-668.000
4	52	1.000	-636.758
4	53	1.000	-668.000
4	54	1.000	-668.000
4	55	1.000	-668.000
4	56	1.000	-670.762
4	57	1.000	-634.636
4	58	1.000	-668.000
4	59	1.000	-668.000
4	60	1.000	-668.000
4	61	1.000	-668.000
4	62	1.000	-637.232
4	63	1.000	-668.000
4	64	1.000	-668.000
#
### SDC1-V1
5	1	1.000	-667.000
5	2	1.000	-628.163
5	3	1.000	-667.000
5	4	1.000	-667.000
5	5	1.000	-667.000
5	6	1.000	-675.478
5	7	1.000	-667.000
5	8	1.000	-667.000
5	9	1.000	-637.288
5	10	1.000	-667.000
5	11	1.000	-667.000
5	12	1.000	-667.000
5	13	1.000	-667.000
5	14	1.000	-667.000
5	15	1.000	-636.151
5	16	1.000	-678.076
5	17	1.000	-667.000
5	18	1.000	-627.796
5	19	1.000	-676.599
5	20	1.000	-674.576
5	21	1.000	-674.938
5	22	1.000	-667.000
5	23	1.000	-669.550
5	24	1.000	-671.103
5	25	1.000	-670.616
5	26	1.000	-672.154
5	27	1.000	-667.000
5	28	1.000	-672.195
5	29	1.000	-669.497
5	30	1.000	-670.211
5	31	1.000	-670.243
5	32	1.000	-670.537
5	33	1.000	-669.781
5	34	1.000	-671.382
5	35	1.000	-670.921
5	36	1.000	-671.878
5	37	1.000	-669.003
5	38	1.000	-671.755
5	39	1.000	-673.237
5	40	1.000	-635.928
5	41	1.000	-672.344
5	42	1.000	-680.254
5	43	1.000	-669.605
5	44	1.000	-667.000
5	45	1.000	-667.000
5	46	1.000	-635.060
5	47	1.000	-667.000
5	48	1.000	-667.000
5	49	1.000	-667.000
5	50	1.000	-670.819
5	51	1.000	-667.000
5	52	1.000	-667.030
5	53	1.000	-667.000
5	54	1.000	-667.000
5	55	1.000	-667.000
5	56	1.000	-667.000
5	57	1.000	-667.000
5	58	1.000	-667.000
5	59	1.000	-667.000
5	60	1.000	-667.000
5	61	1.000	-667.000
5	62	1.000	-667.000
5	63	1.000	-667.000
5	64	1.000	-634.226
#
### SDC1-V2
6	1	1.000	-667.000
6	2	1.000	-667.000
6	3	1.000	-667.000
6	4	1.000	-667.000
6	5	1.000	-667.000
6	6	1.000	-667.000
6	7	1.000	-627.298
6	8	1.000	-667.000
6	9	1.000	-675.049
6	10	1.000	-674.124
6	11	1.000	-674.555
6	12	1.000	-676.092
6	13	1.000	-673.611
6	14	1.000	-667.000
6	15	1.000	-667.000
6	16	1.000	-667.000
6	17	1.000	-667.000
6	18	1.000	-671.943
6	19	1.000	-639.071
6	20	1.000	-667.000
6	21	1.000	-667.000
6	22	1.000	-674.860
6	23	1.000	-672.319
6	24	1.000	-671.610
6	25	1.000	-674.050
6	26	1.000	-671.949
6	27	1.000	-672.042
6	28	1.000	-670.655
6	29	1.000	-670.687
6	30	1.000	-670.655
6	31	1.000	-671.133
6	32	1.000	-671.486
6	33	1.000	-671.309
6	34	1.000	-671.143
6	35	1.000	-670.993
6	36	1.000	-671.701
6	37	1.000	-667.000
6	38	1.000	-672.217
6	39	1.000	-674.402
6	40	1.000	-671.867
6	41	1.000	-670.208
6	42	1.000	-667.000
6	43	1.000	-667.000
6	44	1.000	-667.000
6	45	1.000	-630.516
6	46	1.000	-667.000
6	47	1.000	-667.000
6	48	1.000	-667.000
6	49	1.000	-667.000
6	50	1.000	-671.444
6	51	1.000	-667.000
6	52	1.000	-667.000
6	53	1.000	-667.000
6	54	1.000	-667.000
6	55	1.000	-667.000
6	56	1.000	-667.000
6	57	1.000	-667.000
6	58	1.000	-667.000
6	59	1.000	-667.000
6	60	1.000	-667.000
6	61	1.000	-661.581
6	62	1.000	-667.000
6	63	1.000	-667.000
6	64	1.000	-667.000
#
### SDC2-X1
31	1	1.000	-700.000
31	2	1.000	-700.000
31	3	1.000	-700.000
31	4	1.000	-700.000
31	5	1.000	-700.000
31	6	1.000	-700.000
31	7	1.000	-700.000
31	8	1.000	-700.000
31	9	1.000	-700.000
31	10	1.000	-700.000
31	11	1.000	-700.000
31	12	1.000	-700.000
31	13	1.000	-700.000
31	14	1.000	-700.000
31	15	1.000	-700.000
31	16	1.000	-700.000
31	17	1.000	-700.000
31	18	1.000	-700.000
31	19	1.000	-700.000
31	20	1.000	-700.000
31	21	1.000	-700.000
31	22	1.000	-700.000
31	23	1.000	-700.000
31	24	1.000	-700.000
31	25	1.000	-700.000
31	26	1.000	-700.000
31	27	1.000	-700.000
31	28	1.000	-700.000
31	29	1.000	-700.000
31	30	1.000	-700.000
31	31	1.000	-700.000
31	32	1.000	-700.000
31	33	1.000	-700.000
31	34	1.000	-700.000
31	35	1.000	-700.000
31	36	1.000	-700.000
31	37	1.000	-700.000
31	38	1.000	-700.000
31	39	1.000	-700.000
31	40	1.000	-700.000
31	41	1.000	-700.000
31	42	1.000	-700.000
31	43	1.000	-700.000
31	44	1.000	-700.000
31	45	1.000	-700.000
31	46	1.000	-700.000
31	47	1.000	-700.000
31	48	1.000	-700.000
31	49	1.000	-700.000
31	50	1.000	-700.000
31	51	1.000	-700.000
31	52	1.000	-700.000
31	53	1.000	-700.000
31	54	1.000	-700.000
31	55	1.000	-700.000
31	56	1.000	-700.000
31	57	1.000	-700.000
31	58	1.000	-700.000
31	59	1.000	-700.000
31	60	1.000	-700.000
31	61	1.000	-700.000
31	62	1.000	-700.000
31	63	1.000	-700.000
31	64	1.000	-700.000
31	65	1.000	-700.000
31	66	1.000	-700.000
31	67	1.000	-700.000
31	68	1.000	-700.000
31	69	1.000	-700.000
31	70	1.000	-700.000
31	71	1.000	-700.000
31	72	1.000	-700.000
31	73	1.000	-700.000
31	74	1.000	-700.000
31	75	1.000	-700.000
31	76	1.000	-700.000
31	77	1.000	-700.000
31	78	1.000	-700.000
31	79	1.000	-700.000
31	80	1.000	-700.000
31	81	1.000	-700.000
31	82	1.000	-700.000
31	83	1.000	-700.000
31	84	1.000	-700.000
31	85	1.000	-700.000
31	86	1.000	-700.000
31	87	1.000	-700.000
31	88	1.000	-700.000
31	89	1.000	-700.000
31	90	1.000	-700.000
31	91	1.000	-700.000
31	92	1.000	-700.000
31	93	1.000	-700.000
31	94	1.000	-700.000
31	95	1.000	-700.000
31	96	1.000	-700.000
31	97	1.000	-700.000
31	98	1.000	-700.000
31	99	1.000	-700.000
31	100	1.000	-700.000
31	101	1.000	-700.000
31	102	1.000	-700.000
31	103	1.000	-700.000
31	104	1.000	-700.000
31	105	1.000	-700.000
31	106	1.000	-700.000
31	107	1.000	-700.000
31	108	1.000	-700.000
31	109	1.000	-700.000
31	110	1.000	-700.000
31	111	1.000	-700.000
31	112	1.000	-700.000
31	113	1.000	-700.000
31	114	1.000	-700.000
31	115	1.000	-700.000
31	116	1.000	-700.000
31	117	1.000	-700.000
31	118	1.000	-700.000
31	119	1.000	-700.000
31	120	1.000	-700.000
31	121	1.000	-700.000
31	122	1.000	-700.000
31	123	1.000	-700.000
31	124	1.000	-700.000
31	125	1.000	-700.000
31	126	1.000	-700.000
31	127	1.000	-700.000
31	128	1.000	-700.000
#
### SDC2-X2
32	1	1.000	-700.000
32	2	1.000	-700.000
32	3	1.000	-700.000
32	4	1.000	-700.000
32	5	1.000	-700.000
32	6	1.000	-700.000
32	7	1.000	-700.000
32	8	1.000	-700.000
32	9	1.000	-700.000
32	10	1.000	-700.000
32	11	1.000	-700.000
32	12	1.000	-700.000
32	13	1.000	-700.000
32	14	1.000	-700.000
32	15	1.000	-700.000
32	16	1.000	-700.000
32	17	1.000	-700.000
32	18	1.000	-700.000
32	19	1.000	-700.000
32	20	1.000	-700.000
32	21	1.000	-700.000
32	22	1.000	-700.000
32	23	1.000	-700.000
32	24	1.000	-700.000
32	25	1.000	-700.000
32	26	1.000	-700.000
32	27	1.000	-700.000
32	28	1.000	-700.000
32	29	1.000	-700.000
32	30	1.000	-700.000
32	31	1.000	-700.000
32	32	1.000	-700.000
32	33	1.000	-700.000
32	34	1.000	-700.000
32	35	1.000	-700.000
32	36	1.000	-700.000
32	37	1.000	-700.000
32	38	1.000	-700.000
32	39	1.000	-700.000
32	40	1.000	-700.000
32	41	1.000	-700.000
32	42	1.000	-700.000
32	43	1.000	-700.000
32	44	1.000	-700.000
32	45	1.000	-700.000
32	46	1.000	-700.000
32	47	1.000	-700.000
32	48	1.000	-700.000
32	49	1.000	-700.000
32	50	1.000	-700.000
32	51	1.000	-700.000
32	52	1.000	-700.000
32	53	1.000	-700.000
32	54	1.000	-700.000
32	55	1.000	-700.000
32	56	1.000	-700.000
32	57	1.000	-700.000
32	58	1.000	-700.000
32	59	1.000	-700.000
32	60	1.000	-700.000
32	61	1.000	-700.000
32	62	1.000	-700.000
32	63	1.000	-700.000
32	64	1.000	-700.000
32	65	1.000	-700.000
32	66	1.000	-700.000
32	67	1.000	-700.000
32	68	1.000	-700.000
32	69	1.000	-700.000
32	70	1.000	-700.000
32	71	1.000	-700.000
32	72	1.000	-700.000
32	73	1.000	-700.000
32	74	1.000	-700.000
32	75	1.000	-700.000
32	76	1.000	-700.000
32	77	1.000	-700.000
32	78	1.000	-700.000
32	79	1.000	-700.000
32	80	1.000	-700.000
32	81	1.000	-700.000
32	82	1.000	-700.000
32	83	1.000	-700.000
32	84	1.000	-700.000
32	85	1.000	-700.000
32	86	1.000	-700.000
32	87	1.000	-700.000
32	88	1.000	-700.000
32	89	1.000	-700.000
32	90	1.000	-700.000
32	91	1.000	-700.000
32	92	1.000	-700.000
32	93	1.000	-700.000
32	94	1.000	-700.000
32	95	1.000	-700.000
32	96	1.000	-700.000
32	97	1.000	-700.000
32	98	1.000	-700.000
32	99	1.000	-700.000
32	100	1.000	-700.000
32	101	1.000	-700.000
32	102	1.000	-700.000
32	103	1.000	-700.000
32	104	1.000	-700.000
32	105	1.000	-700.000
32	106	1.000	-700.000
32	107	1.000	-700.000
32	108	1.000	-700.000
32	109	1.000	-700.000
32	110	1.000	-700.000
32	111	1.000	-700.000
32	112	1.000	-700.000
32	113	1.000	-700.000
32	114	1.000	-700.000
32	115	1.000	-700.000
32	116	1.000	-700.000
32	117	1.000	-700.000
32	118	1.000	-700.000
32	119	1.000	-700.000
32	120	1.000	-700.000
32	121	1.000	-700.000
32	122	1.000	-700.000
32	123	1.000	-700.000
32	124	1.000	-700.000
32	125	1.000	-700.000
32	126	1.000	-700.000
32	127	1.000	-700.000
32	128	1.000	-700.000
#
### SDC2-Y1
33	1	1.000	-700.000
33	2	1.000	-700.000
33	3	1.000	-700.000
33	4	1.000	-700.000
33	5	1.000	-700.000
33	6	1.000	-700.000
33	7	1.000	-700.000
33	8	1.000	-700.000
33	9	1.000	-700.000
33	10	1.000	-700.000
33	11	1.000	-700.000
33	12	1.000	-700.000
33	13	1.000	-700.000
33	14	1.000	-700.000
33	15	1.000	-700.000
33	16	1.000	-700.000
33	17	1.000	-700.000
33	18	1.000	-700.000
33	19	1.000	-700.000
33	20	1.000	-700.000
33	21	1.000	-700.000
33	22	1.000	-700.000
33	23	1.000	-700.000
33	24	1.000	-700.000
33	25	1.000	-700.000
33	26	1.000	-700.000
33	27	1.000	-700.000
33	28	1.000	-700.000
33	29	1.000	-700.000
33	30	1.000	-700.000
33	31	1.000	-700.000
33	32	1.000	-700.000
33	33	1.000	-700.000
33	34	1.000	-700.000
33	35	1.000	-700.000
33	36	1.000	-700.000
33	37	1.000	-700.000
33	38	1.000	-700.000
33	39	1.000	-700.000
33	40	1.000	-700.000
33	41	1.000	-700.000
33	42	1.000	-700.000
33	43	1.000	-700.000
33	44	1.000	-700.000
33	45	1.000	-700.000
33	46	1.000	-700.000
33	47	1.000	-700.000
33	48	1.000	-700.000
33	49	1.000	-700.000
33	50	1.000	-700.000
33	51	1.000	-700.000
33	52	1.000	-700.000
33	53	1.000	-700.000
33	54	1.000	-700.000
33	55	1.000	-700.000
33	56	1.000	-700.000
33	57	1.000	-700.000
33	58	1.000	-700.000
33	59	1.000	-700.000
33	60	1.000	-700.000
33	61	1.000	-700.000
33	62	1.000	-700.000
33	63	1.000	-700.000
33	64	1.000	-700.000
33	65	1.000	-700.000
33	66	1.000	-700.000
33	67	1.000	-700.000
33	68	1.000	-700.000
33	69	1.000	-700.000
33	70	1.000	-700.000
33	71	1.000	-700.000
33	72	1.000	-700.000
33	73	1.000	-700.000
33	74	1.000	-700.000
33	75	1.000	-700.000
33	76	1.000	-700.000
33	77	1.000	-700.000
33	78	1.000	-700.000
33	79	1.000	-700.000
33	80	1.000	-700.000
33	81	1.000	-700.000
33	82	1.000	-700.000
33	83	1.000	-700.000
33	84	1.000	-700.000
33	85	1.000	-700.000
33	86	1.000	-700.000
33	87	1.000	-700.000
33	88	1.000	-700.000
33	89	1.000	-700.000
33	90	1.000	-700.000
33	91	1.000	-700.000
33	92	1.000	-700.000
33	93	1.000	-700.000
33	94	1.000	-700.000
33	95	1.000	-700.000
33	96	1.000	-700.000
33	97	1.000	-700.000
33	98	1.000	-700.000
33	99	1.000	-700.000
33	100	1.000	-700.000
33	101	1.000	-700.000
33	102	1.000	-700.000
33	103	1.000	-700.000
33	104	1.000	-700.000
33	105	1.000	-700.000
33	106	1.000	-700.000
33	107	1.000	-700.000
33	108	1.000	-700.000
33	109	1.000	-700.000
33	110	1.000	-700.000
33	111	1.000	-700.000
33	112	1.000	-700.000
33	113	1.000	-700.000
33	114	1.000	-700.000
33	115	1.000	-700.000
33	116	1.000	-700.000
33	117	1.000	-700.000
33	118	1.000	-700.000
33	119	1.000	-700.000
33	120	1.000	-700.000
33	121	1.000	-700.000
33	122	1.000	-700.000
33	123	1.000	-700.000
33	124	1.000	-700.000
33	125	1.000	-700.000
33	126	1.000	-700.000
33	127	1.000	-700.000
33	128	1.000	-700.000
#
### SDC2-Y2
34	1	1.000	-700.000
34	2	1.000	-700.000
34	3	1.000	-700.000
34	4	1.000	-700.000
34	5	1.000	-700.000
34	6	1.000	-700.000
34	7	1.000	-700.000
34	8	1.000	-700.000
34	9	1.000	-700.000
34	10	1.000	-700.000
34	11	1.000	-700.000
34	12	1.000	-700.000
34	13	1.000	-700.000
34	14	1.000	-700.000
34	15	1.000	-700.000
34	16	1.000	-700.000
34	17	1.000	-700.000
34	18	1.000	-700.000
34	19	1.000	-700.000
34	20	1.000	-700.000
34	21	1.000	-700.000
34	22	1.000	-700.000
34	23	1.000	-700.000
34	24	1.000	-700.000
34	25	1.000	-700.000
34	26	1.000	-700.000
34	27	1.000	-700.000
34	28	1.000	-700.000
34	29	1.000	-700.000
34	30	1.000	-700.000
34	31	1.000	-700.000
34	32	1.000	-700.000
34	33	1.000	-700.000
34	34	1.000	-700.000
34	35	1.000	-700.000
34	36	1.000	-700.000
34	37	1.000	-700.000
34	38	1.000	-700.000
34	39	1.000	-700.000
34	40	1.000	-700.000
34	41	1.000	-700.000
34	42	1.000	-700.000
34	43	1.000	-700.000
34	44	1.000	-700.000
34	45	1.000	-700.000
34	46	1.000	-700.000
34	47	1.000	-700.000
34	48	1.000	-700.000
34	49	1.000	-700.000
34	50	1.000	-700.000
34	51	1.000	-700.000
34	52	1.000	-700.000
34	53	1.000	-700.000
34	54	1.000	-700.000
34	55	1.000	-700.000
34	56	1.000	-700.000
34	57	1.000	-700.000
34	58	1.000	-700.000
34	59	1.000	-700.000
34	60	1.000	-700.000
34	61	1.000	-700.000
34	62	1.000	-700.000
34	63	1.000	-700.000
34	64	1.000	-700.000
34	65	1.000	-700.000
34	66	1.000	-700.000
34	67	1.000	-700.000
34	68	1.000	-700.000
34	69	1.000	-700.000
34	70	1.000	-700.000
34	71	1.000	-700.000
34	72	1.000	-700.000
34	73	1.000	-700.000
34	74	1.000	-700.000
34	75	1.000	-700.000
34	76	1.000	-700.000
34	77	1.000	-700.000
34	78	1.000	-700.000
34	79	1.000	-700.000
34	80	1.000	-700.000
34	81	1.000	-700.000
34	82	1.000	-700.000
34	83	1.000	-700.000
34	84	1.000	-700.000
34	85	1.000	-700.000
34	86	1.000	-700.000
34	87	1.000	-700.000
34	88	1.000	-700.000
34	89	1.000	-700.000
34	90	1.000	-700.000
34	91	1.000	-700.000
34	92	1.000	-700.000
34	93	1.000	-700.000
34	94	1.000	-700.000
34	95	1.000	-700.000
34	96	1.000	-700.000
34	97	1.000	-700.000
34	98	1.000	-700.000
34	99	1.000	-700.000
34	100	1.000	-700.000
34	101	1.000	-700.000
34	102	1.000	-700.000
34	103	1.000	-700.000
34	104	1.000	-700.000
34	105	1.000	-700.000
34	106	1.000	-700.000
34	107	1.000	-700.000
34	108	1.000	-700.000
34	109	1.000	-700.000
34	110	1.000	-700.000
34	111	1.000	-700.000
34	112	1.000	-700.000
34	113	1.000	-700.000
34	114	1.000	-700.000
34	115	1.000	-700.000
34	116	1.000	-700.000
34	117	1.000	-700.000
34	118	1.000	-700.000
34	119	1.000	-700.000
34	120	1.000	-700.000
34	121	1.000	-700.000
34	122	1.000	-700.000
34	123	1.000	-700.000
34	124	1.000	-700.000
34	125	1.000	-700.000
34	126	1.000	-700.000
34	127	1.000	-700.000
34	128	1.000	-700.000
#
### SDC3-Y1
35	1	1.000	-700.000
35	2	1.000	-700.000
35	3	1.000	-700.000
35	4	1.000	-700.000
35	5	1.000	-700.000
35	6	1.000	-700.000
35	7	1.000	-700.000
35	8	1.000	-700.000
35	9	1.000	-700.000
35	10	1.000	-700.000
35	11	1.000	-700.000
35	12	1.000	-700.000
35	13	1.000	-700.000
35	14	1.000	-700.000
35	15	1.000	-700.000
35	16	1.000	-700.000
35	17	1.000	-700.000
35	18	1.000	-700.000
35	19	1.000	-700.000
35	20	1.000	-700.000
35	21	1.000	-700.000
35	22	1.000	-700.000
35	23	1.000	-700.000
35	24	1.000	-700.000
35	25	1.000	-700.000
35	26	1.000	-700.000
35	27	1.000	-700.000
35	28	1.000	-700.000
35	29	1.000	-700.000
35	30	1.000	-700.000
35	31	1.000	-700.000
35	32	1.000	-700.000
35	33	1.000	-700.000
35	34	1.000	-700.000
35	35	1.000	-700.000
35	36	1.000	-700.000
35	37	1.000	-700.000
35	38	1.000	-700.000
35	39	1.000	-700.000
35	40	1.000	-700.000
35	41	1.000	-700.000
35	42	1.000	-700.000
35	43	1.000	-700.000
35	44	1.000	-700.000
35	45	1.000	-700.000
35	46	1.000	-700.000
35	47	1.000	-700.000
35	48	1.000	-700.000
35	49	1.000	-700.000
35	50	1.000	-700.000
35	51	1.000	-700.000
35	52	1.000	-700.000
35	53	1.000	-700.000
35	54	1.000	-700.000
35	55	1.000	-700.000
35	56	1.000	-700.000
35	57	1.000	-700.000
35	58	1.000	-700.000
35	59	1.000	-700.000
35	60	1.000	-700.000
35	61	1.000	-700.000
35	62	1.000	-700.000
35	63	1.000	-700.000
35	64	1.000	-700.000
#
## SDC3-Y2
36	1	1.000	-700.000
36	2	1.000	-700.000
36	3	1.000	-700.000
36	4	1.000	-700.000
36	5	1.000	-700.000
36	6	1.000	-700.000
36	7	1.000	-700.000
36	8	1.000	-700.000
36	9	1.000	-700.000
36	10	1.000	-700.000
36	11	1.000	-700.000
36	12	1.000	-700.000
36	13	1.000	-700.000
36	14	1.000	-700.000
36	15	1.000	-700.000
36	16	1.000	-700.000
36	17	1.000	-700.000
36	18	1.000	-700.000
36	19	1.000	-700.000
36	20	1.000	-700.000
36	21	1.000	-700.000
36	22	1.000	-700.000
36	23	1.000	-700.000
36	24	1.000	-700.000
36	25	1.000	-700.000
36	26	1.000	-700.000
36	27	1.000	-700.000
36	28	1.000	-700.000
36	29	1.000	-700.000
36	30	1.000	-700.000
36	31	1.000	-700.000
36	32	1.000	-700.000
36	33	1.000	-700.000
36	34	1.000	-700.000
36	35	1.000	-700.000
36	36	1.000	-700.000
36	37	1.000	-700.000
36	38	1.000	-700.000
36	39	1.000	-700.000
36	40	1.000	-700.000
36	41	1.000	-700.000
36	42	1.000	-700.000
36	43	1.000	-700.000
36	44	1.000	-700.000
36	45	1.000	-700.000
36	46	1.000	-700.000
36	47	1.000	-700.000
36	48	1.000	-700.000
36	49	1.000	-700.000
36	50	1.000	-700.000
36	51	1.000	-700.000
36	52	1.000	-700.000
36	53	1.000	-700.000
36	54	1.000	-700.000
36	55	1.000	-700.000
36	56	1.000	-700.000
36	57	1.000	-700.000
36	58	1.000	-700.000
36	59	1.000	-700.000
36	60	1.000	-700.000
36	61	1.000	-700.000
36	62	1.000	-700.000
36	63	1.000	-700.000
36	64	1.000	-700.000
#
### SDC3-X1
37	1	1.000	-700.000
37	2	1.000	-700.000
37	3	1.000	-700.000
37	4	1.000	-700.000
37	5	1.000	-700.000
37	6	1.000	-700.000
37	7	1.000	-700.000
37	8	1.000	-700.000
37	9	1.000	-700.000
37	10	1.000	-700.000
37	11	1.000	-700.000
37	12	1.000	-700.000
37	13	1.000	-700.000
37	14	1.000	-700.000
37	15	1.000	-700.000
37	16	1.000	-700.000
37	17	1.000	-700.000
37	18	1.000	-700.000
37	19	1.000	-700.000
37	20	1.000	-700.000
37	21	1.000	-700.000
37	22	1.000	-700.000
37	23	1.000	-700.000
37	24	1.000	-700.000
37	25	1.000	-700.000
37	26	1.000	-700.000
37	27	1.000	-700.000
37	28	1.000	-700.000
37	29	1.000	-700.000
37	30	1.000	-700.000
37	31	1.000	-700.000
37	32	1.000	-700.000
37	33	1.000	-700.000
37	34	1.000	-700.000
37	35	1.000	-700.000
37	36	1.000	-700.000
37	37	1.000	-700.000
37	38	1.000	-700.000
37	39	1.000	-700.000
37	40	1.000	-700.000
37	41	1.000	-700.000
37	42	1.000	-700.000
37	43	1.000	-700.000
37	44	1.000	-700.000
37	45	1.000	-700.000
37	46	1.000	-700.000
37	47	1.000	-700.000
37	48	1.000	-700.000
37	49	1.000	-700.000
37	50	1.000	-700.000
37	51	1.000	-700.000
37	52	1.000	-700.000
37	53	1.000	-700.000
37	54	1.000	-700.000
37	55	1.000	-700.000
37	56	1.000	-700.000
37	57	1.000	-700.000
37	58	1.000	-700.000
37	59	1.000	-700.000
37	60	1.000	-700.000
37	61	1.000	-700.000
37	62	1.000	-700.000
37	63	1.000	-700.000
37	64	1.000	-700.000
37	65	1.000	-700.000
37	66	1.000	-700.000
37	67	1.000	-700.000
37	68	1.000	-700.000
37	69	1.000	-700.000
37	70	1.000	-700.000
37	71	1.000	-700.000
37	72	1.000	-700.000
37	73	1.000	-700.000
37	74	1.000	-700.000
37	75	1.000	-700.000
37	76	1.000	-700.000
37	77	1.000	-700.000
37	78	1.000	-700.000
37	79	1.000	-700.000
37	80	1.000	-700.000
37	81	1.000	-700.000
37	82	1.000	-700.000
37	83	1.000	-700.000
37	84	1.000	-700.000
37	85	1.000	-700.000
37	86	1.000	-700.000
37	87	1.000	-700.000
37	88	1.000	-700.000
37	89	1.000	-700.000
37	90	1.000	-700.000
37	91	1.000	-700.000
37	92	1.000	-700.000
37	93	1.000	-700.000
37	94	1.000	-700.000
37	95	1.000	-700.000
37	96	1.000	-700.000
#
### SDC3-X2
38	1	1.000	-700.000
38	2	1.000	-700.000
38	3	1.000	-700.000
38	4	1.000	-700.000
38	5	1.000	-700.000
38	6	1.000	-700.000
38	7	1.000	-700.000
38	8	1.000	-700.000
38	9	1.000	-700.000
38	10	1.000	-700.000
38	11	1.000	-700.000
38	12	1.000	-700.000
38	13	1.000	-700.000
38	14	1.000	-700.000
38	15	1.000	-700.000
38	16	1.000	-700.000
38	17	1.000	-700.000
38	18	1.000	-700.000
38	19	1.000	-700.000
38	20	1.000	-700.000
38	21	1.000	-700.000
38	22	1.000	-700.000
38	23	1.000	-700.000
38	24	1.000	-700.000
38	25	1.000	-700.000
38	26	1.000	-700.000
38	27	1.000	-700.000
38	28	1.000	-700.000
38	29	1.000	-700.000
38	30	1.000	-700.000
38	31	1.000	-700.000
38	32	1.000	-700.000
38	33	1.000	-700.000
38	34	1.000	-700.000
38	35	1.000	-700.000
38	36	1.000	-700.000
38	37	1.000	-700.000
38	38	1.000	-700.000
38	39	1.000	-700.000
38	40	1.000	-700.000
38	41	1.000	-700.000
38	42	1.000	-700.000
38	43	1.000	-700.000
38	44	1.000	-700.000
38	45	1.000	-700.000
38	46	1.000	-700.000
38	47	1.000	-700.000
38	48	1.000	-700.000
38	49	1.000	-700.000
38	50	1.000	-700.000
38	51	1.000	-700.000
38	52	1.000	-700.000
38	53	1.000	-700.000
38	54	1.000	-700.000
38	55	1.000	-700.000
38	56	1.000	-700.000
38	57	1.000	-700.000
38	58	1.000	-700.000
38	59	1.000	-700.000
38	60	1.000	-700.000
38	61	1.000	-700.000
38	62	1.000	-700.000
38	63	1.000	-700.000
38	64	1.000	-700.000
38	65	1.000	-700.000
38	66	1.000	-700.000
38	67	1.000	-700.000
38	68	1.000	-700.000
38	69	1.000	-700.000
38	70	1.000	-700.000
38	71	1.000	-700.000
38	72	1.000	-700.000
38	73	1.000	-700.000
38	74	1.000	-700.000
38	75	1.000	-700.000
38	76	1.000	-700.000
38	77	1.000	-700.000
38	78	1.000	-700.000
38	79	1.000	-700.000
38	80	1.000	-700.000
38	81	1.000	-700.000
38	82	1.000	-700.000
38	83	1.000	-700.000
38	84	1.000	-700.000
38	85	1.000	-700.000
38	86	1.000	-700.000
38	87	1.000	-700.000
38	88	1.000	-700.000
38	89	1.000	-700.000
38	90	1.000	-700.000
38	91	1.000	-700.000
38	92	1.000	-700.000
38	93	1.000	-700.000
38	94	1.000	-700.000
38	95	1.000	-700.000
38	96	1.000	-700.000
#
