##
#  file: DCTdcCalib_0
#  date: 2016.05.25
#  note: first version
#
#
#######################################################################
# Id	WireId	p1	p0
#
### BC3-X1
113	1	1.000	-694.500
113	2	1.000	-694.500
113	3	1.000	-694.500
113	4	1.000	-694.500
113	5	1.000	-694.500
113	6	1.000	-694.500
113	7	1.000	-695.817
113	8	1.000	-694.500
113	9	1.000	-694.500
113	10	1.000	-694.500
113	11	1.000	-694.708
113	12	1.000	-695.159
113	13	1.000	-695.220
113	14	1.000	-695.115
113	15	1.000	-694.691
113	16	1.000	-694.609
113	17	1.000	-694.648
113	18	1.000	-696.655
113	19	1.000	-695.385
113	20	1.000	-695.867
113	21	1.000	-695.139
113	22	1.000	-696.338
113	23	1.000	-695.801
113	24	1.000	-695.488
113	25	1.000	-694.690
113	26	1.000	-695.424
113	27	1.000	-694.470
113	28	1.000	-694.345
113	29	1.000	-694.251
113	30	1.000	-695.493
113	31	1.000	-694.462
113	32	1.000	-695.002
113	33	1.000	-694.895
113	34	1.000	-695.141
113	35	1.000	-694.872
113	36	1.000	-694.984
113	37	1.000	-694.832
113	38	1.000	-695.495
113	39	1.000	-694.214
113	40	1.000	-694.450
113	41	1.000	-695.094
113	42	1.000	-694.978
113	43	1.000	-694.776
113	44	1.000	-694.173
113	45	1.000	-692.717
113	46	1.000	-693.951
113	47	1.000	-693.410
113	48	1.000	-693.775
113	49	1.000	-692.638
113	50	1.000	-694.500
113	51	1.000	-693.197
113	52	1.000	-694.500
113	53	1.000	-693.352
113	54	1.000	-694.500
113	55	1.000	-694.500
113	56	1.000	-694.500
113	57	1.000	-694.500
113	58	1.000	-694.500
113	59	1.000	-694.500
113	60	1.000	-694.500
113	61	1.000	-694.500
113	62	1.000	-694.500
113	63	1.000	-694.500
113	64	1.000	-694.500
#
### BC3-X2
114	1	1.000	-693.000
114	2	1.000	-693.000
114	3	1.000	-693.000
114	4	1.000	-693.000
114	5	1.000	-693.000
114	6	1.000	-693.000
114	7	1.000	-693.000
114	8	1.000	-693.000
114	9	1.000	-693.000
114	10	1.000	-693.000
114	11	1.000	-693.000
114	12	1.000	-693.173
114	13	1.000	-693.641
114	14	1.000	-693.692
114	15	1.000	-693.000
114	16	1.000	-693.194
114	17	1.000	-693.233
114	18	1.000	-693.562
114	19	1.000	-693.961
114	20	1.000	-693.476
114	21	1.000	-694.508
114	22	1.000	-694.305
114	23	1.000	-694.678
114	24	1.000	-694.753
114	25	1.000	-693.354
114	26	1.000	-694.346
114	27	1.000	-693.972
114	28	1.000	-693.628
114	29	1.000	-694.000
114	30	1.000	-694.193
114	31	1.000	-693.840
114	32	1.000	-692.860
114	33	1.000	-692.893
114	34	1.000	-692.573
114	35	1.000	-692.627
114	36	1.000	-691.591
114	37	1.000	-692.401
114	38	1.000	-692.652
114	39	1.000	-692.341
114	40	1.000	-691.807
114	41	1.000	-693.318
114	42	1.000	-693.021
114	43	1.000	-692.952
114	44	1.000	-692.586
114	45	1.000	-693.000
114	46	1.000	-692.282
114	47	1.000	-692.464
114	48	1.000	-691.656
114	49	1.000	-692.012
114	50	1.000	-691.832
114	51	1.000	-692.153
114	52	1.000	-691.381
114	53	1.000	-691.584
114	54	1.000	-690.544
114	55	1.000	-691.478
114	56	1.000	-693.800
114	57	1.000	-691.447
114	58	1.000	-693.000
114	59	1.000	-690.695
114	60	1.000	-693.000
114	61	1.000	-693.000
114	62	1.000	-693.000
114	63	1.000	-693.000
114	64	1.000	-693.000
#
### BC3-U1
115	1	1.000	-692.990
115	2	1.000	-692.990
115	3	1.000	-692.990
115	4	1.000	-692.990
115	5	1.000	-694.690
115	6	1.000	-692.990
115	7	1.000	-692.990
115	8	1.000	-686.522
115	9	1.000	-692.872
115	10	1.000	-691.214
115	11	1.000	-692.139
115	12	1.000	-692.523
115	13	1.000	-692.425
115	14	1.000	-692.049
115	15	1.000	-692.531
115	16	1.000	-691.939
115	17	1.000	-691.104
115	18	1.000	-693.132
115	19	1.000	-692.304
115	20	1.000	-692.913
115	21	1.000	-692.197
115	22	1.000	-692.984
115	23	1.000	-692.436
115	24	1.000	-692.241
115	25	1.000	-691.509
115	26	1.000	-691.560
115	27	1.000	-692.496
115	28	1.000	-691.317
115	29	1.000	-691.645
115	30	1.000	-692.195
115	31	1.000	-691.754
115	32	1.000	-692.155
115	33	1.000	-693.790
115	34	1.000	-693.909
115	35	1.000	-694.947
115	36	1.000	-694.751
115	37	1.000	-694.308
115	38	1.000	-694.468
115	39	1.000	-696.784
115	40	1.000	-694.067
115	41	1.000	-695.256
115	42	1.000	-695.203
115	43	1.000	-694.363
115	44	1.000	-694.686
115	45	1.000	-693.412
115	46	1.000	-693.569
115	47	1.000	-693.723
115	48	1.000	-692.438
115	49	1.000	-693.128
115	50	1.000	-694.524
115	51	1.000	-694.010
115	52	1.000	-694.545
115	53	1.000	-693.365
115	54	1.000	-692.665
115	55	1.000	-692.379
115	56	1.000	-690.930
115	57	1.000	-691.258
115	58	1.000	-692.990
115	59	1.000	-691.881
115	60	1.000	-692.990
115	61	1.000	-691.462
115	62	1.000	-692.990
115	63	1.000	-692.990
115	64	1.000	-692.990
#
### BC3-U2
116	1	1.000	-692.300
116	2	1.000	-692.300
116	3	1.000	-692.300
116	4	1.000	-692.300
116	5	1.000	-692.300
116	6	1.000	-692.300
116	7	1.000	-692.300
116	8	1.000	-692.300
116	9	1.000	-692.300
116	10	1.000	-691.284
116	11	1.000	-692.225
116	12	1.000	-692.330
116	13	1.000	-692.300
116	14	1.000	-692.712
116	15	1.000	-693.237
116	16	1.000	-692.118
116	17	1.000	-692.759
116	18	1.000	-692.897
116	19	1.000	-692.902
116	20	1.000	-692.788
116	21	1.000	-693.368
116	22	1.000	-693.516
116	23	1.000	-693.751
116	24	1.000	-693.840
116	25	1.000	-692.996
116	26	1.000	-693.866
116	27	1.000	-693.594
116	28	1.000	-692.617
116	29	1.000	-692.874
116	30	1.000	-692.810
116	31	1.000	-692.481
116	32	1.000	-691.858
116	33	1.000	-692.343
116	34	1.000	-691.606
116	35	1.000	-692.328
116	36	1.000	-691.332
116	37	1.000	-691.395
116	38	1.000	-691.759
116	39	1.000	-691.910
116	40	1.000	-690.881
116	41	1.000	-691.762
116	42	1.000	-692.704
116	43	1.000	-692.493
116	44	1.000	-692.495
116	45	1.000	-692.176
116	46	1.000	-692.755
116	47	1.000	-693.035
116	48	1.000	-691.441
116	49	1.000	-690.705
116	50	1.000	-690.508
116	51	1.000	-691.448
116	52	1.000	-690.825
116	53	1.000	-691.959
116	54	1.000	-692.113
116	55	1.000	-691.394
116	56	1.000	-690.826
116	57	1.000	-689.416
116	58	1.000	-692.300
116	59	1.000	-692.300
116	60	1.000	-692.300
116	61	1.000	-692.300
116	62	1.000	-692.300
116	63	1.000	-692.300
116	64	1.000	-697.052
#
### BC3-V1
117	1	1.000	-694.000
117	2	1.000	-694.000
117	3	1.000	-694.000
117	4	1.000	-694.000
117	5	1.000	-693.932
117	6	1.000	-694.000
117	7	1.000	-694.000
117	8	1.000	-693.150
117	9	1.000	-689.550
117	10	1.000	-692.407
117	11	1.000	-693.689
117	12	1.000	-693.579
117	13	1.000	-693.713
117	14	1.000	-693.610
117	15	1.000	-694.035
117	16	1.000	-693.826
117	17	1.000	-693.172
117	18	1.000	-695.069
117	19	1.000	-694.565
117	20	1.000	-694.900
117	21	1.000	-694.671
117	22	1.000	-694.876
117	23	1.000	-695.251
117	24	1.000	-694.568
117	25	1.000	-692.672
117	26	1.000	-693.437
117	27	1.000	-693.330
117	28	1.000	-693.573
117	29	1.000	-693.238
117	30	1.000	-694.025
117	31	1.000	-693.498
117	32	1.000	-694.180
117	33	1.000	-692.567
117	34	1.000	-693.503
117	35	1.000	-694.073
117	36	1.000	-693.870
117	37	1.000	-693.449
117	38	1.000	-693.490
117	39	1.000	-694.081
117	40	1.000	-692.982
117	41	1.000	-694.426
117	42	1.000	-694.865
117	43	1.000	-693.984
117	44	1.000	-693.560
117	45	1.000	-693.353
117	46	1.000	-692.575
117	47	1.000	-692.859
117	48	1.000	-691.937
117	49	1.000	-691.962
117	50	1.000	-692.970
117	51	1.000	-692.502
117	52	1.000	-694.000
117	53	1.000	-691.684
117	54	1.000	-694.000
117	55	1.000	-690.400
117	56	1.000	-694.000
117	57	1.000	-674.609
117	58	1.000	-694.000
117	59	1.000	-694.000
117	60	1.000	-694.000
117	61	1.000	-694.000
117	62	1.000	-694.000
117	63	1.000	-694.000
117	64	1.000	-694.000
#
### BC3-V2
118	1	1.000	-692.000
118	2	1.000	-692.000
118	3	1.000	-692.000
118	4	1.000	-693.005
118	5	1.000	-693.312
118	6	1.000	-692.000
118	7	1.000	-692.000
118	8	1.000	-684.475
118	9	1.000	-691.523
118	10	1.000	-689.935
118	11	1.000	-691.970
118	12	1.000	-692.086
118	13	1.000	-692.000
118	14	1.000	-692.047
118	15	1.000	-692.898
118	16	1.000	-691.293
118	17	1.000	-692.264
118	18	1.000	-691.866
118	19	1.000	-692.452
118	20	1.000	-692.212
118	21	1.000	-692.716
118	22	1.000	-692.695
118	23	1.000	-692.843
118	24	1.000	-692.856
118	25	1.000	-691.373
118	26	1.000	-692.176
118	27	1.000	-692.204
118	28	1.000	-691.797
118	29	1.000	-691.885
118	30	1.000	-692.346
118	31	1.000	-691.423
118	32	1.000	-690.952
118	33	1.000	-691.014
118	34	1.000	-691.269
118	35	1.000	-691.216
118	36	1.000	-690.579
118	37	1.000	-691.374
118	38	1.000	-691.609
118	39	1.000	-691.477
118	40	1.000	-691.136
118	41	1.000	-691.254
118	42	1.000	-692.225
118	43	1.000	-691.622
118	44	1.000	-692.296
118	45	1.000	-692.781
118	46	1.000	-691.656
118	47	1.000	-691.885
118	48	1.000	-691.568
118	49	1.000	-690.749
118	50	1.000	-691.089
118	51	1.000	-690.476
118	52	1.000	-690.669
118	53	1.000	-692.095
118	54	1.000	-681.774
118	55	1.000	-691.914
118	56	1.000	-690.903
118	57	1.000	-690.068
118	58	1.000	-692.000
118	59	1.000	-692.000
118	60	1.000	-692.000
118	61	1.000	-692.000
118	62	1.000	-692.000
118	63	1.000	-692.000
118	64	1.000	-692.000
#
### BC4-U1
119	1	1.000	-694.000
119	2	1.000	-694.000
119	3	1.000	-694.000
119	4	1.000	-694.000
119	5	1.000	-694.000
119	6	1.000	-694.000
119	7	1.000	-694.000
119	8	1.000	-694.000
119	9	1.000	-694.000
119	10	1.000	-693.437
119	11	1.000	-694.000
119	12	1.000	-694.000
119	13	1.000	-694.000
119	14	1.000	-694.000
119	15	1.000	-689.099
119	16	1.000	-688.385
119	17	1.000	-689.751
119	18	1.000	-691.630
119	19	1.000	-691.188
119	20	1.000	-690.810
119	21	1.000	-691.290
119	22	1.000	-691.520
119	23	1.000	-690.929
119	24	1.000	-690.486
119	25	1.000	-689.681
119	26	1.000	-690.458
119	27	1.000	-689.705
119	28	1.000	-689.993
119	29	1.000	-690.093
119	30	1.000	-690.552
119	31	1.000	-690.246
119	32	1.000	-689.808
119	33	1.000	-689.265
119	34	1.000	-689.420
119	35	1.000	-690.045
119	36	1.000	-689.761
119	37	1.000	-690.344
119	38	1.000	-689.950
119	39	1.000	-690.968
119	40	1.000	-689.992
119	41	1.000	-690.748
119	42	1.000	-689.636
119	43	1.000	-690.729
119	44	1.000	-690.828
119	45	1.000	-689.891
119	46	1.000	-688.419
119	47	1.000	-690.171
119	48	1.000	-689.378
119	49	1.000	-689.934
119	50	1.000	-690.495
119	51	1.000	-689.675
119	52	1.000	-694.000
119	53	1.000	-689.643
119	54	1.000	-694.000
119	55	1.000	-694.000
119	56	1.000	-694.000
119	57	1.000	-694.000
119	58	1.000	-694.000
119	59	1.000	-694.000
119	60	1.000	-694.000
119	61	1.000	-694.000
119	62	1.000	-694.000
119	63	1.000	-694.000
119	64	1.000	-694.000
#
### BC4-U2
120	1	1.000	-689.000
120	2	1.000	-689.000
120	3	1.000	-689.000
120	4	1.000	-689.000
120	5	1.000	-689.000
120	6	1.000	-689.000
120	7	1.000	-689.000
120	8	1.000	-689.000
120	9	1.000	-689.000
120	10	1.000	-689.000
120	11	1.000	-689.000
120	12	1.000	-689.000
120	13	1.000	-689.000
120	14	1.000	-689.000
120	15	1.000	-689.000
120	16	1.000	-669.200
120	17	1.000	-687.332
120	18	1.000	-688.693
120	19	1.000	-689.205
120	20	1.000	-688.950
120	21	1.000	-689.120
120	22	1.000	-690.108
120	23	1.000	-690.109
120	24	1.000	-690.295
120	25	1.000	-688.710
120	26	1.000	-689.987
120	27	1.000	-689.098
120	28	1.000	-689.833
120	29	1.000	-689.513
120	30	1.000	-690.343
120	31	1.000	-688.736
120	32	1.000	-688.705
120	33	1.000	-689.890
120	34	1.000	-689.220
120	35	1.000	-689.363
120	36	1.000	-688.234
120	37	1.000	-688.440
120	38	1.000	-688.852
120	39	1.000	-688.677
120	40	1.000	-688.064
120	41	1.000	-688.613
120	42	1.000	-689.321
120	43	1.000	-688.879
120	44	1.000	-688.748
120	45	1.000	-691.161
120	46	1.000	-689.149
120	47	1.000	-689.083
120	48	1.000	-688.756
120	49	1.000	-688.252
120	50	1.000	-688.769
120	51	1.000	-687.966
120	52	1.000	-687.843
120	53	1.000	-689.000
120	54	1.000	-689.000
120	55	1.000	-689.000
120	56	1.000	-689.000
120	57	1.000	-689.000
120	58	1.000	-689.000
120	59	1.000	-689.000
120	60	1.000	-689.000
120	61	1.000	-688.671
120	62	1.000	-689.000
120	63	1.000	-689.000
120	64	1.000	-689.000
#
### BC4-V1
121	1	1.000	-692.000
121	2	1.000	-692.000
121	3	1.000	-692.000
121	4	1.000	-692.000
121	5	1.000	-692.000
121	6	1.000	-692.000
121	7	1.000	-692.000
121	8	1.000	-692.000
121	9	1.000	-692.000
121	10	1.000	-692.000
121	11	1.000	-687.753
121	12	1.000	-692.000
121	13	1.000	-689.844
121	14	1.000	-692.000
121	15	1.000	-690.570
121	16	1.000	-689.587
121	17	1.000	-689.061
121	18	1.000	-689.627
121	19	1.000	-689.619
121	20	1.000	-692.000
121	21	1.000	-690.301
121	22	1.000	-690.833
121	23	1.000	-690.644
121	24	1.000	-691.092
121	25	1.000	-688.996
121	26	1.000	-690.090
121	27	1.000	-689.264
121	28	1.000	-689.286
121	29	1.000	-689.363
121	30	1.000	-689.959
121	31	1.000	-689.929
121	32	1.000	-690.068
121	33	1.000	-689.549
121	34	1.000	-689.800
121	35	1.000	-691.170
121	36	1.000	-690.285
121	37	1.000	-691.335
121	38	1.000	-690.364
121	39	1.000	-692.000
121	40	1.000	-689.716
121	41	1.000	-692.269
121	42	1.000	-690.927
121	43	1.000	-691.621
121	44	1.000	-691.235
121	45	1.000	-691.235
121	46	1.000	-690.109
121	47	1.000	-690.611
121	48	1.000	-689.225
121	49	1.000	-690.060
121	50	1.000	-691.035
121	51	1.000	-690.387
121	52	1.000	-692.000
121	53	1.000	-692.000
121	54	1.000	-692.000
121	55	1.000	-692.000
121	56	1.000	-692.000
121	57	1.000	-692.000
121	58	1.000	-692.000
121	59	1.000	-692.000
121	60	1.000	-692.000
121	61	1.000	-692.000
121	62	1.000	-692.000
121	63	1.000	-692.000
121	64	1.000	-692.000
#
### BC4-V2
122	1	1.000	-692.000
122	2	1.000	-692.000
122	3	1.000	-692.000
122	4	1.000	-692.000
122	5	1.000	-692.000
122	6	1.000	-692.000
122	7	1.000	-692.000
122	8	1.000	-692.000
122	9	1.000	-692.000
122	10	1.000	-692.000
122	11	1.000	-692.000
122	12	1.000	-692.000
122	13	1.000	-692.000
122	14	1.000	-692.000
122	15	1.000	-692.000
122	16	1.000	-692.000
122	17	1.000	-689.697
122	18	1.000	-689.943
122	19	1.000	-690.811
122	20	1.000	-690.709
122	21	1.000	-691.619
122	22	1.000	-691.550
122	23	1.000	-692.002
122	24	1.000	-692.115
122	25	1.000	-690.371
122	26	1.000	-691.678
122	27	1.000	-691.354
122	28	1.000	-691.381
122	29	1.000	-690.690
122	30	1.000	-691.346
122	31	1.000	-690.635
122	32	1.000	-690.134
122	33	1.000	-689.856
122	34	1.000	-689.620
122	35	1.000	-689.984
122	36	1.000	-689.136
122	37	1.000	-689.313
122	38	1.000	-689.568
122	39	1.000	-690.019
122	40	1.000	-689.121
122	41	1.000	-690.112
122	42	1.000	-690.187
122	43	1.000	-691.070
122	44	1.000	-690.735
122	45	1.000	-690.051
122	46	1.000	-689.884
122	47	1.000	-690.259
122	48	1.000	-688.142
122	49	1.000	-687.895
122	50	1.000	-688.880
122	51	1.000	-688.289
122	52	1.000	-688.564
122	53	1.000	-692.000
122	54	1.000	-692.000
122	55	1.000	-692.000
122	56	1.000	-692.000
122	57	1.000	-692.000
122	58	1.000	-692.000
122	59	1.000	-692.000
122	60	1.000	-692.000
122	61	1.000	-692.000
122	62	1.000	-692.000
122	63	1.000	-692.000
122	64	1.000	-692.000
#
### BC4-X1
123	1	1.000	-692.000
123	2	1.000	-692.000
123	3	1.000	-692.000
123	4	1.000	-692.000
123	5	1.000	-692.000
123	6	1.000	-692.000
123	7	1.000	-692.000
123	8	1.000	-692.000
123	9	1.000	-692.000
123	10	1.000	-690.160
123	11	1.000	-692.000
123	12	1.000	-692.000
123	13	1.000	-692.000
123	14	1.000	-692.000
123	15	1.000	-687.452
123	16	1.000	-690.327
123	17	1.000	-689.307
123	18	1.000	-689.262
123	19	1.000	-690.368
123	20	1.000	-690.337
123	21	1.000	-690.119
123	22	1.000	-690.171
123	23	1.000	-690.331
123	24	1.000	-689.531
123	25	1.000	-687.979
123	26	1.000	-689.046
123	27	1.000	-688.622
123	28	1.000	-689.041
123	29	1.000	-688.406
123	30	1.000	-690.016
123	31	1.000	-689.202
123	32	1.000	-689.617
123	33	1.000	-690.331
123	34	1.000	-690.715
123	35	1.000	-691.188
123	36	1.000	-690.651
123	37	1.000	-691.218
123	38	1.000	-690.351
123	39	1.000	-692.000
123	40	1.000	-690.256
123	41	1.000	-691.641
123	42	1.000	-691.594
123	43	1.000	-691.769
123	44	1.000	-691.683
123	45	1.000	-690.331
123	46	1.000	-689.807
123	47	1.000	-690.282
123	48	1.000	-689.668
123	49	1.000	-689.908
123	50	1.000	-690.938
123	51	1.000	-690.694
123	52	1.000	-690.289
123	53	1.000	-690.029
123	54	1.000	-692.000
123	55	1.000	-692.000
123	56	1.000	-692.000
123	57	1.000	-692.000
123	58	1.000	-692.000
123	59	1.000	-692.000
123	60	1.000	-692.000
123	61	1.000	-692.000
123	62	1.000	-691.657
123	63	1.000	-692.000
123	64	1.000	-692.000
#
### BC4-X2
124	1	1.000	-691.000
124	2	1.000	-691.000
124	3	1.000	-691.000
124	4	1.000	-691.000
124	5	1.000	-691.000
124	6	1.000	-691.000
124	7	1.000	-691.000
124	8	1.000	-690.662
124	9	1.000	-691.000
124	10	1.000	-691.000
124	11	1.000	-691.000
124	12	1.000	-691.000
124	13	1.000	-691.000
124	14	1.000	-691.000
124	15	1.000	-674.074
124	16	1.000	-689.193
124	17	1.000	-688.866
124	18	1.000	-689.907
124	19	1.000	-689.917
124	20	1.000	-689.805
124	21	1.000	-691.200
124	22	1.000	-690.535
124	23	1.000	-690.840
124	24	1.000	-690.506
124	25	1.000	-689.767
124	26	1.000	-690.716
124	27	1.000	-690.584
124	28	1.000	-690.526
124	29	1.000	-690.504
124	30	1.000	-689.893
124	31	1.000	-690.011
124	32	1.000	-688.667
124	33	1.000	-689.645
124	34	1.000	-689.898
124	35	1.000	-689.675
124	36	1.000	-689.464
124	37	1.000	-688.987
124	38	1.000	-689.845
124	39	1.000	-689.407
124	40	1.000	-688.910
124	41	1.000	-688.832
124	42	1.000	-690.326
124	43	1.000	-689.164
124	44	1.000	-689.447
124	45	1.000	-691.000
124	46	1.000	-689.904
124	47	1.000	-689.623
124	48	1.000	-688.383
124	49	1.000	-688.958
124	50	1.000	-687.755
124	51	1.000	-687.989
124	52	1.000	-688.935
124	53	1.000	-688.627
124	54	1.000	-689.209
124	55	1.000	-691.000
124	56	1.000	-691.000
124	57	1.000	-691.000
124	58	1.000	-693.657
124	59	1.000	-691.000
124	60	1.000	-691.000
124	61	1.000	-691.000
124	62	1.000	-691.000
124	63	1.000	-691.000
124	64	1.000	-691.000
#
### SDC1-U1
1	1	1.000	-675.000
1	2	1.000	-676.342
1	3	1.000	-675.000
1	4	1.000	-675.000
1	5	1.000	-679.210
1	6	1.000	-677.097
1	7	1.000	-676.457
1	8	1.000	-675.000
1	9	1.000	-676.388
1	10	1.000	-675.728
1	11	1.000	-679.221
1	12	1.000	-677.306
1	13	1.000	-677.967
1	14	1.000	-678.430
1	15	1.000	-676.696
1	16	1.000	-676.751
1	17	1.000	-673.853
1	18	1.000	-676.120
1	19	1.000	-674.691
1	20	1.000	-675.000
1	21	1.000	-676.064
1	22	1.000	-675.000
1	23	1.000	-677.557
1	24	1.000	-676.146
1	25	1.000	-676.546
1	26	1.000	-676.863
1	27	1.000	-678.302
1	28	1.000	-676.919
1	29	1.000	-675.003
1	30	1.000	-674.539
1	31	1.000	-675.625
1	32	1.000	-674.870
1	33	1.000	-674.680
1	34	1.000	-674.242
1	35	1.000	-674.750
1	36	1.000	-674.672
1	37	1.000	-676.380
1	38	1.000	-675.298
1	39	1.000	-675.063
1	40	1.000	-675.068
1	41	1.000	-674.416
1	42	1.000	-675.000
1	43	1.000	-677.132
1	44	1.000	-675.502
1	45	1.000	-674.959
1	46	1.000	-674.435
1	47	1.000	-673.618
1	48	1.000	-674.257
1	49	1.000	-672.364
1	50	1.000	-672.285
1	51	1.000	-676.977
1	52	1.000	-675.679
1	53	1.000	-676.507
1	54	1.000	-676.577
1	55	1.000	-670.057
1	56	1.000	-676.830
1	57	1.000	-677.683
1	58	1.000	-675.000
1	59	1.000	-679.568
1	60	1.000	-675.000
1	61	1.000	-675.000
1	62	1.000	-679.324
1	63	1.000	-675.000
1	64	1.000	-675.000
#
### SDC1-U2
2	1	1.000	-675.100
2	2	1.000	-679.398
2	3	1.000	-678.602
2	4	1.000	-675.000
2	5	1.000	-675.417
2	6	1.000	-676.246
2	7	1.000	-677.160
2	8	1.000	-678.404
2	9	1.000	-674.856
2	10	1.000	-670.464
2	11	1.000	-678.469
2	12	1.000	-677.757
2	13	1.000	-675.000
2	14	1.000	-676.418
2	15	1.000	-674.359
2	16	1.000	-678.961
2	17	1.000	-675.000
2	18	1.000	-674.647
2	19	1.000	-676.118
2	20	1.000	-675.000
2	21	1.000	-676.559
2	22	1.000	-676.400
2	23	1.000	-676.333
2	24	1.000	-675.125
2	25	1.000	-676.560
2	26	1.000	-677.235
2	27	1.000	-677.683
2	28	1.000	-678.683
2	29	1.000	-676.419
2	30	1.000	-674.969
2	31	1.000	-675.579
2	32	1.000	-675.271
2	33	1.000	-673.837
2	34	1.000	-674.968
2	35	1.000	-675.656
2	36	1.000	-675.467
2	37	1.000	-675.524
2	38	1.000	-675.733
2	39	1.000	-675.155
2	40	1.000	-675.888
2	41	1.000	-673.579
2	42	1.000	-673.122
2	43	1.000	-674.891
2	44	1.000	-674.769
2	45	1.000	-674.907
2	46	1.000	-674.010
2	47	1.000	-673.223
2	48	1.000	-673.023
2	49	1.000	-669.996
2	50	1.000	-675.000
2	51	1.000	-672.478
2	52	1.000	-676.597
2	53	1.000	-674.769
2	54	1.000	-675.755
2	55	1.000	-677.737
2	56	1.000	-675.542
2	57	1.000	-680.827
2	58	1.000	-676.679
2	59	1.000	-675.000
2	60	1.000	-675.000
2	61	1.000	-675.000
2	62	1.000	-675.000
2	63	1.000	-675.000
2	64	1.000	-675.000
#
### SDC1-X1
3	1	1.000	-675.000
3	2	1.000	-675.189
3	3	1.000	-675.787
3	4	1.000	-675.000
3	5	1.000	-676.927
3	6	1.000	-675.000
3	7	1.000	-675.481
3	8	1.000	-677.999
3	9	1.000	-673.865
3	10	1.000	-680.074
3	11	1.000	-675.369
3	12	1.000	-677.622
3	13	1.000	-676.283
3	14	1.000	-675.807
3	15	1.000	-674.699
3	16	1.000	-676.839
3	17	1.000	-676.914
3	18	1.000	-675.786
3	19	1.000	-676.717
3	20	1.000	-674.894
3	21	1.000	-678.104
3	22	1.000	-679.039
3	23	1.000	-677.778
3	24	1.000	-674.386
3	25	1.000	-676.264
3	26	1.000	-672.610
3	27	1.000	-676.035
3	28	1.000	-678.123
3	29	1.000	-676.565
3	30	1.000	-676.425
3	31	1.000	-676.560
3	32	1.000	-676.449
3	33	1.000	-673.758
3	34	1.000	-674.796
3	35	1.000	-674.813
3	36	1.000	-674.762
3	37	1.000	-675.403
3	38	1.000	-675.330
3	39	1.000	-676.590
3	40	1.000	-676.224
3	41	1.000	-673.952
3	42	1.000	-674.262
3	43	1.000	-676.154
3	44	1.000	-676.535
3	45	1.000	-672.985
3	46	1.000	-676.369
3	47	1.000	-674.420
3	48	1.000	-672.767
3	49	1.000	-675.000
3	50	1.000	-673.245
3	51	1.000	-675.000
3	52	1.000	-675.000
3	53	1.000	-674.067
3	54	1.000	-674.382
3	55	1.000	-675.000
3	56	1.000	-675.551
3	57	1.000	-672.962
3	58	1.000	-675.000
3	59	1.000	-675.000
3	60	1.000	-675.000
3	61	1.000	-685.925
3	62	1.000	-677.360
3	63	1.000	-676.676
3	64	1.000	-674.931
#
### SDC1-X2 
4	1	1.000	-677.694
4	2	1.000	-675.000
4	3	1.000	-679.776
4	4	1.000	-675.000
4	5	1.000	-670.309
4	6	1.000	-679.098
4	7	1.000	-675.000
4	8	1.000	-679.041
4	9	1.000	-678.130
4	10	1.000	-675.000
4	11	1.000	-675.285
4	12	1.000	-676.662
4	13	1.000	-668.569
4	14	1.000	-672.550
4	15	1.000	-673.991
4	16	1.000	-675.616
4	17	1.000	-675.902
4	18	1.000	-678.823
4	19	1.000	-678.477
4	20	1.000	-677.166
4	21	1.000	-677.513
4	22	1.000	-680.215
4	23	1.000	-679.333
4	24	1.000	-677.680
4	25	1.000	-678.662
4	26	1.000	-676.791
4	27	1.000	-678.651
4	28	1.000	-677.676
4	29	1.000	-676.638
4	30	1.000	-676.472
4	31	1.000	-677.472
4	32	1.000	-676.673
4	33	1.000	-674.157
4	34	1.000	-673.562
4	35	1.000	-675.621
4	36	1.000	-674.512
4	37	1.000	-674.988
4	38	1.000	-674.732
4	39	1.000	-673.934
4	40	1.000	-674.399
4	41	1.000	-675.000
4	42	1.000	-675.000
4	43	1.000	-673.742
4	44	1.000	-670.445
4	45	1.000	-673.555
4	46	1.000	-674.423
4	47	1.000	-675.594
4	48	1.000	-672.906
4	49	1.000	-674.357
4	50	1.000	-673.741
4	51	1.000	-668.213
4	52	1.000	-675.000
4	53	1.000	-673.245
4	54	1.000	-673.613
4	55	1.000	-674.909
4	56	1.000	-677.410
4	57	1.000	-678.802
4	58	1.000	-675.000
4	59	1.000	-675.000
4	60	1.000	-675.000
4	61	1.000	-672.855
4	62	1.000	-668.069
4	63	1.000	-675.000
4	64	1.000	-675.000
#
### SDC1-V1
5	1	1.000	-672.759
5	2	1.000	-677.973
5	3	1.000	-676.560
5	4	1.000	-675.000
5	5	1.000	-671.656
5	6	1.000	-678.517
5	7	1.000	-675.018
5	8	1.000	-674.559
5	9	1.000	-675.710
5	10	1.000	-676.644
5	11	1.000	-675.688
5	12	1.000	-670.651
5	13	1.000	-671.514
5	14	1.000	-669.841
5	15	1.000	-675.324
5	16	1.000	-674.288
5	17	1.000	-676.947
5	18	1.000	-677.367
5	19	1.000	-675.420
5	20	1.000	-677.607
5	21	1.000	-671.783
5	22	1.000	-677.521
5	23	1.000	-672.483
5	24	1.000	-675.000
5	25	1.000	-675.000
5	26	1.000	-677.284
5	27	1.000	-677.328
5	28	1.000	-676.376
5	29	1.000	-674.849
5	30	1.000	-674.949
5	31	1.000	-675.667
5	32	1.000	-675.716
5	33	1.000	-676.078
5	34	1.000	-676.114
5	35	1.000	-676.414
5	36	1.000	-677.243
5	37	1.000	-677.609
5	38	1.000	-677.599
5	39	1.000	-676.916
5	40	1.000	-677.672
5	41	1.000	-678.795
5	42	1.000	-675.000
5	43	1.000	-677.665
5	44	1.000	-676.109
5	45	1.000	-674.537
5	46	1.000	-674.316
5	47	1.000	-673.857
5	48	1.000	-673.349
5	49	1.000	-673.711
5	50	1.000	-675.000
5	51	1.000	-671.560
5	52	1.000	-672.347
5	53	1.000	-675.000
5	54	1.000	-676.213
5	55	1.000	-675.000
5	56	1.000	-675.000
5	57	1.000	-675.000
5	58	1.000	-675.650
5	59	1.000	-674.537
5	60	1.000	-675.000
5	61	1.000	-675.000
5	62	1.000	-675.000
5	63	1.000	-675.000
5	64	1.000	-675.000
#
### SDC1-V2
6	1	1.000	-669.408
6	2	1.000	-674.332
6	3	1.000	-674.643
6	4	1.000	-675.000
6	5	1.000	-676.718
6	6	1.000	-680.242
6	7	1.000	-676.923
6	8	1.000	-662.559
6	9	1.000	-673.196
6	10	1.000	-676.305
6	11	1.000	-664.772
6	12	1.000	-676.603
6	13	1.000	-671.105
6	14	1.000	-675.000
6	15	1.000	-670.883
6	16	1.000	-675.000
6	17	1.000	-674.961
6	18	1.000	-674.770
6	19	1.000	-676.540
6	20	1.000	-675.454
6	21	1.000	-676.293
6	22	1.000	-675.000
6	23	1.000	-676.913
6	24	1.000	-675.000
6	25	1.000	-676.467
6	26	1.000	-676.580
6	27	1.000	-675.987
6	28	1.000	-677.700
6	29	1.000	-675.168
6	30	1.000	-673.876
6	31	1.000	-674.819
6	32	1.000	-674.635
6	33	1.000	-673.649
6	34	1.000	-675.690
6	35	1.000	-675.640
6	36	1.000	-677.528
6	37	1.000	-676.601
6	38	1.000	-677.980
6	39	1.000	-676.144
6	40	1.000	-675.699
6	41	1.000	-676.218
6	42	1.000	-675.655
6	43	1.000	-674.904
6	44	1.000	-674.914
6	45	1.000	-673.020
6	46	1.000	-675.813
6	47	1.000	-671.103
6	48	1.000	-673.197
6	49	1.000	-671.015
6	50	1.000	-676.376
6	51	1.000	-675.000
6	52	1.000	-675.000
6	53	1.000	-674.204
6	54	1.000	-671.201
6	55	1.000	-675.427
6	56	1.000	-675.000
6	57	1.000	-675.000
6	58	1.000	-675.000
6	59	1.000	-676.076
6	60	1.000	-680.115
6	61	1.000	-670.538
6	62	1.000	-675.000
6	63	1.000	-675.000
6	64	1.000	-675.000
#
### SDC2-X1
31	1	1.00000	-848.000
31	2	1.00000	-848.000
31	3	1.00000	-856.919
31	4	1.00000	-848.000
31	5	1.00000	-848.000
31	6	1.00000	-863.342
31	7	1.00000	-848.000
31	8	1.00000	-848.000
31	9	1.00000	-860.086
31	10	1.00000	-848.000
31	11	1.00000	-858.616
31	12	1.00000	-848.000
31	13	1.00000	-848.000
31	14	1.00000	-848.000
31	15	1.00000	-851.273
31	16	1.00000	-848.644
31	17	1.00000	-850.415
31	18	1.00000	-843.321
31	19	1.00000	-854.648
31	20	1.00000	-843.479
31	21	1.00000	-851.058
31	22	1.00000	-848.332
31	23	1.00000	-849.025
31	24	1.00000	-842.814
31	25	1.00000	-849.764
31	26	1.00000	-847.633
31	27	1.00000	-847.769
31	28	1.00000	-849.850
31	29	1.00000	-846.443
31	30	1.00000	-848.704
31	31	1.00000	-848.506
31	32	1.00000	-849.325
31	33	1.00000	-848.050
31	34	1.00000	-847.505
31	35	1.00000	-847.790
31	36	1.00000	-846.302
31	37	1.00000	-846.198
31	38	1.00000	-845.473
31	39	1.00000	-846.642
31	40	1.00000	-845.863
31	41	1.00000	-846.854
31	42	1.00000	-848.384
31	43	1.00000	-845.927
31	44	1.00000	-848.867
31	45	1.00000	-846.499
31	46	1.00000	-846.310
31	47	1.00000	-846.892
31	48	1.00000	-847.024
31	49	1.00000	-843.475
31	50	1.00000	-844.587
31	51	1.00000	-853.001
31	52	1.00000	-851.687
31	53	1.00000	-847.560
31	54	1.00000	-858.806
31	55	1.00000	-857.088
31	56	1.00000	-841.595
31	57	1.00000	-848.000
31	58	1.00000	-848.000
31	59	1.00000	-853.869
31	60	1.00000	-855.043
31	61	1.00000	-848.000
31	62	1.00000	-858.172
31	63	1.00000	-848.000
31	64	1.00000	-848.000
31	65	1.00000	-848.000
31	66	1.00000	-848.000
31	67	1.00000	-848.000
31	68	1.00000	-848.000
31	69	1.00000	-860.262
31	70	1.00000	-848.000
31	71	1.00000	-860.410
31	72	1.00000	-848.000
31	73	1.00000	-848.000
31	74	1.00000	-848.000
31	75	1.00000	-848.000
31	76	1.00000	-848.000
31	77	1.00000	-848.000
31	78	1.00000	-848.000
31	79	1.00000	-848.000
31	80	1.00000	-848.000
31	81	1.00000	-848.000
31	82	1.00000	-848.000
31	83	1.00000	-848.000
31	84	1.00000	-848.000
31	85	1.00000	-848.000
31	86	1.00000	-848.000
31	87	1.00000	-848.000
31	88	1.00000	-848.000
31	89	1.00000	-848.000
31	90	1.00000	-848.000
31	91	1.00000	-848.000
31	92	1.00000	-848.000
31	93	1.00000	-848.000
31	94	1.00000	-848.000
31	95	1.00000	-848.000
31	96	1.00000	-848.000
31	97	1.00000	-848.000
31	98	1.00000	-848.000
31	99	1.00000	-848.000
31	100	1.00000	-848.000
31	101	1.00000	-848.000
31	102	1.00000	-848.000
31	103	1.00000	-848.000
31	104	1.00000	-848.000
31	105	1.00000	-848.000
31	106	1.00000	-848.000
31	107	1.00000	-848.000
31	108	1.00000	-848.000
31	109	1.00000	-848.000
31	110	1.00000	-848.000
31	111	1.00000	-848.000
31	112	1.00000	-848.000
31	113	1.00000	-848.000
31	114	1.00000	-848.000
31	115	1.00000	-848.000
31	116	1.00000	-848.000
31	117	1.00000	-848.000
31	118	1.00000	-848.000
31	119	1.00000	-848.000
31	120	1.00000	-848.000
31	121	1.00000	-848.000
31	122	1.00000	-848.000
31	123	1.00000	-848.000
31	124	1.00000	-848.000
31	125	1.00000	-853.667
31	126	1.00000	-848.000
31	127	1.00000	-848.000
31	128	1.00000	-848.000
#
### SDC2-X2
32	1	1.00000	-853.000
32	2	1.00000	-853.000
32	3	1.00000	-853.000
32	4	1.00000	-853.000
32	5	1.00000	-853.000
32	6	1.00000	-853.000
32	7	1.00000	-853.000
32	8	1.00000	-853.000
32	9	1.00000	-853.000
32	10	1.00000	-853.000
32	11	1.00000	-853.000
32	12	1.00000	-853.000
32	13	1.00000	-858.556
32	14	1.00000	-853.000
32	15	1.00000	-849.466
32	16	1.00000	-851.178
32	17	1.00000	-854.030
32	18	1.00000	-853.000
32	19	1.00000	-848.354
32	20	1.00000	-853.000
32	21	1.00000	-854.125
32	22	1.00000	-854.443
32	23	1.00000	-854.007
32	24	1.00000	-848.211
32	25	1.00000	-851.849
32	26	1.00000	-852.721
32	27	1.00000	-852.127
32	28	1.00000	-855.014
32	29	1.00000	-852.587
32	30	1.00000	-853.475
32	31	1.00000	-853.214
32	32	1.00000	-853.341
32	33	1.00000	-851.884
32	34	1.00000	-851.662
32	35	1.00000	-852.906
32	36	1.00000	-850.688
32	37	1.00000	-851.329
32	38	1.00000	-850.730
32	39	1.00000	-852.272
32	40	1.00000	-850.203
32	41	1.00000	-853.993
32	42	1.00000	-852.625
32	43	1.00000	-851.856
32	44	1.00000	-853.086
32	45	1.00000	-851.690
32	46	1.00000	-851.057
32	47	1.00000	-853.538
32	48	1.00000	-854.432
32	49	1.00000	-850.162
32	50	1.00000	-852.562
32	51	1.00000	-854.602
32	52	1.00000	-853.000
32	53	1.00000	-855.152
32	54	1.00000	-855.380
32	55	1.00000	-858.176
32	56	1.00000	-857.918
32	57	1.00000	-857.361
32	58	1.00000	-860.404
32	59	1.00000	-853.000
32	60	1.00000	-856.554
32	61	1.00000	-853.000
32	62	1.00000	-853.000
32	63	1.00000	-853.000
32	64	1.00000	-853.000
32	65	1.00000	-869.677
32	66	1.00000	-853.000
32	67	1.00000	-853.000
32	68	1.00000	-865.601
32	69	1.00000	-853.000
32	70	1.00000	-853.000
32	71	1.00000	-853.000
32	72	1.00000	-853.000
32	73	1.00000	-853.000
32	74	1.00000	-853.000
32	75	1.00000	-865.154
32	76	1.00000	-853.000
32	77	1.00000	-853.000
32	78	1.00000	-853.000
32	79	1.00000	-853.000
32	80	1.00000	-853.000
32	81	1.00000	-853.000
32	82	1.00000	-853.000
32	83	1.00000	-853.000
32	84	1.00000	-853.000
32	85	1.00000	-853.000
32	86	1.00000	-853.000
32	87	1.00000	-853.000
32	88	1.00000	-853.000
32	89	1.00000	-853.000
32	90	1.00000	-853.000
32	91	1.00000	-853.000
32	92	1.00000	-853.000
32	93	1.00000	-853.000
32	94	1.00000	-853.000
32	95	1.00000	-853.000
32	96	1.00000	-853.000
32	97	1.00000	-853.000
32	98	1.00000	-853.000
32	99	1.00000	-853.000
32	100	1.00000	-853.000
32	101	1.00000	-853.000
32	102	1.00000	-853.000
32	103	1.00000	-853.000
32	104	1.00000	-853.000
32	105	1.00000	-853.000
32	106	1.00000	-853.000
32	107	1.00000	-853.000
32	108	1.00000	-853.000
32	109	1.00000	-853.000
32	110	1.00000	-853.000
32	111	1.00000	-853.000
32	112	1.00000	-853.000
32	113	1.00000	-853.000
32	114	1.00000	-853.000
32	115	1.00000	-853.000
32	116	1.00000	-853.000
32	117	1.00000	-853.000
32	118	1.00000	-853.000
32	119	1.00000	-853.000
32	120	1.00000	-853.000
32	121	1.00000	-853.000
32	122	1.00000	-853.000
32	123	1.00000	-853.000
32	124	1.00000	-853.000
32	125	1.00000	-853.000
32	126	1.00000	-853.000
32	127	1.00000	-853.000
32	128	1.00000	-853.000
#
### SDC2-Y1
33	1	1.00000	-853.000
33	2	1.00000	-853.000
33	3	1.00000	-853.000
33	4	1.00000	-853.000
33	5	1.00000	-853.000
33	6	1.00000	-853.000
33	7	1.00000	-853.000
33	8	1.00000	-853.000
33	9	1.00000	-853.000
33	10	1.00000	-853.000
33	11	1.00000	-853.000
33	12	1.00000	-853.000
33	13	1.00000	-853.000
33	14	1.00000	-853.000
33	15	1.00000	-853.000
33	16	1.00000	-853.000
33	17	1.00000	-853.000
33	18	1.00000	-853.000
33	19	1.00000	-853.000
33	20	1.00000	-853.000
33	21	1.00000	-853.000
33	22	1.00000	-853.000
33	23	1.00000	-853.000
33	24	1.00000	-853.000
33	25	1.00000	-853.000
33	26	1.00000	-853.000
33	27	1.00000	-853.000
33	28	1.00000	-853.000
33	29	1.00000	-868.083
33	30	1.00000	-853.000
33	31	1.00000	-853.000
33	32	1.00000	-853.000
33	33	1.00000	-853.000
33	34	1.00000	-853.000
33	35	1.00000	-853.000
33	36	1.00000	-853.000
33	37	1.00000	-853.000
33	38	1.00000	-862.534
33	39	1.00000	-858.886
33	40	1.00000	-851.366
33	41	1.00000	-853.000
33	42	1.00000	-853.709
33	43	1.00000	-853.000
33	44	1.00000	-848.316
33	45	1.00000	-853.000
33	46	1.00000	-858.742
33	47	1.00000	-852.384
33	48	1.00000	-853.748
33	49	1.00000	-849.181
33	50	1.00000	-853.000
33	51	1.00000	-853.603
33	52	1.00000	-854.644
33	53	1.00000	-856.432
33	54	1.00000	-852.694
33	55	1.00000	-853.009
33	56	1.00000	-853.499
33	57	1.00000	-850.786
33	58	1.00000	-851.182
33	59	1.00000	-850.275
33	60	1.00000	-850.853
33	61	1.00000	-850.356
33	62	1.00000	-850.459
33	63	1.00000	-848.991
33	64	1.00000	-848.475
33	65	1.00000	-851.138
33	66	1.00000	-851.239
33	67	1.00000	-850.355
33	68	1.00000	-852.985
33	69	1.00000	-851.216
33	70	1.00000	-853.076
33	71	1.00000	-854.305
33	72	1.00000	-852.039
33	73	1.00000	-851.478
33	74	1.00000	-849.167
33	75	1.00000	-853.000
33	76	1.00000	-855.341
33	77	1.00000	-853.000
33	78	1.00000	-854.510
33	79	1.00000	-852.077
33	80	1.00000	-850.690
33	81	1.00000	-853.584
33	82	1.00000	-856.554
33	83	1.00000	-853.000
33	84	1.00000	-853.000
33	85	1.00000	-856.746
33	86	1.00000	-858.997
33	87	1.00000	-851.387
33	88	1.00000	-849.753
33	89	1.00000	-853.000
33	90	1.00000	-853.000
33	91	1.00000	-852.980
33	92	1.00000	-853.000
33	93	1.00000	-853.000
33	94	1.00000	-853.000
33	95	1.00000	-853.000
33	96	1.00000	-853.000
33	97	1.00000	-861.793
33	98	1.00000	-853.000
33	99	1.00000	-853.000
33	100	1.00000	-853.000
33	101	1.00000	-853.000
33	102	1.00000	-853.000
33	103	1.00000	-853.000
33	104	1.00000	-853.000
33	105	1.00000	-853.000
33	106	1.00000	-853.000
33	107	1.00000	-847.570
33	108	1.00000	-853.000
33	109	1.00000	-853.000
33	110	1.00000	-853.000
33	111	1.00000	-853.000
33	112	1.00000	-853.000
33	113	1.00000	-853.000
33	114	1.00000	-853.000
33	115	1.00000	-853.000
33	116	1.00000	-853.000
33	117	1.00000	-853.000
33	118	1.00000	-853.000
33	119	1.00000	-853.000
33	120	1.00000	-853.000
33	121	1.00000	-853.000
33	122	1.00000	-853.000
33	123	1.00000	-853.000
33	124	1.00000	-853.000
33	125	1.00000	-853.000
33	126	1.00000	-853.000
33	127	1.00000	-853.000
33	128	1.00000	-853.000
#
### SDC2-Y2
34	1	1.00000	-851.000
34	2	1.00000	-851.000
34	3	1.00000	-851.000
34	4	1.00000	-851.000
34	5	1.00000	-851.000
34	6	1.00000	-851.000
34	7	1.00000	-851.000
34	8	1.00000	-851.000
34	9	1.00000	-851.000
34	10	1.00000	-851.000
34	11	1.00000	-851.000
34	12	1.00000	-851.000
34	13	1.00000	-851.000
34	14	1.00000	-851.000
34	15	1.00000	-851.000
34	16	1.00000	-851.000
34	17	1.00000	-851.000
34	18	1.00000	-851.000
34	19	1.00000	-851.000
34	20	1.00000	-851.000
34	21	1.00000	-851.000
34	22	1.00000	-851.000
34	23	1.00000	-851.000
34	24	1.00000	-851.000
34	25	1.00000	-851.000
34	26	1.00000	-851.000
34	27	1.00000	-851.000
34	28	1.00000	-851.000
34	29	1.00000	-851.000
34	30	1.00000	-851.000
34	31	1.00000	-851.000
34	32	1.00000	-851.000
34	33	1.00000	-851.000
34	34	1.00000	-851.000
34	35	1.00000	-851.000
34	36	1.00000	-851.000
34	37	1.00000	-851.000
34	38	1.00000	-851.000
34	39	1.00000	-851.000
34	40	1.00000	-856.997
34	41	1.00000	-846.227
34	42	1.00000	-850.710
34	43	1.00000	-851.000
34	44	1.00000	-851.000
34	45	1.00000	-851.000
34	46	1.00000	-853.877
34	47	1.00000	-849.926
34	48	1.00000	-851.000
34	49	1.00000	-845.860
34	50	1.00000	-851.000
34	51	1.00000	-846.879
34	52	1.00000	-851.000
34	53	1.00000	-851.000
34	54	1.00000	-851.000
34	55	1.00000	-850.693
34	56	1.00000	-854.938
34	57	1.00000	-848.840
34	58	1.00000	-850.229
34	59	1.00000	-850.095
34	60	1.00000	-849.031
34	61	1.00000	-848.110
34	62	1.00000	-848.311
34	63	1.00000	-846.833
34	64	1.00000	-848.128
34	65	1.00000	-847.787
34	66	1.00000	-847.959
34	67	1.00000	-849.012
34	68	1.00000	-848.927
34	69	1.00000	-848.348
34	70	1.00000	-851.717
34	71	1.00000	-852.072
34	72	1.00000	-851.000
34	73	1.00000	-846.871
34	74	1.00000	-849.464
34	75	1.00000	-851.000
34	76	1.00000	-848.676
34	77	1.00000	-851.000
34	78	1.00000	-849.891
34	79	1.00000	-850.003
34	80	1.00000	-851.000
34	81	1.00000	-855.137
34	82	1.00000	-852.876
34	83	1.00000	-843.304
34	84	1.00000	-851.000
34	85	1.00000	-851.000
34	86	1.00000	-851.000
34	87	1.00000	-851.000
34	88	1.00000	-855.026
34	89	1.00000	-854.544
34	90	1.00000	-851.000
34	91	1.00000	-851.000
34	92	1.00000	-851.000
34	93	1.00000	-851.000
34	94	1.00000	-858.801
34	95	1.00000	-851.000
34	96	1.00000	-851.000
34	97	1.00000	-851.000
34	98	1.00000	-851.000
34	99	1.00000	-864.651
34	100	1.00000	-851.000
34	101	1.00000	-851.000
34	102	1.00000	-851.000
34	103	1.00000	-851.000
34	104	1.00000	-851.000
34	105	1.00000	-851.000
34	106	1.00000	-851.000
34	107	1.00000	-851.000
34	108	1.00000	-851.000
34	109	1.00000	-851.757
34	110	1.00000	-851.000
34	111	1.00000	-851.000
34	112	1.00000	-851.000
34	113	1.00000	-851.912
34	114	1.00000	-851.000
34	115	1.00000	-851.000
34	116	1.00000	-851.000
34	117	1.00000	-851.000
34	118	1.00000	-851.000
34	119	1.00000	-851.000
34	120	1.00000	-851.000
34	121	1.00000	-851.000
34	122	1.00000	-851.000
34	123	1.00000	-851.000
34	124	1.00000	-851.000
34	125	1.00000	-851.000
34	126	1.00000	-851.000
34	127	1.00000	-851.000
34	128	1.00000	-851.000
#
### SDC3-Y1
35	1	1.00000	-844.000
35	2	1.00000	-844.000
35	3	1.00000	-844.000
35	4	1.00000	-844.000
35	5	1.00000	-844.000
35	6	1.00000	-844.000
35	7	1.00000	-844.000
35	8	1.00000	-844.000
35	9	1.00000	-844.000
35	10	1.00000	-844.000
35	11	1.00000	-844.000
35	12	1.00000	-844.000
35	13	1.00000	-844.000
35	14	1.00000	-844.000
35	15	1.00000	-844.000
35	16	1.00000	-844.000
35	17	1.00000	-844.000
35	18	1.00000	-844.000
35	19	1.00000	-844.000
35	20	1.00000	-844.000
35	21	1.00000	-854.209
35	22	1.00000	-844.000
35	23	1.00000	-844.000
35	24	1.00000	-844.000
35	25	1.00000	-841.040
35	26	1.00000	-843.185
35	27	1.00000	-844.977
35	28	1.00000	-843.076
35	29	1.00000	-841.560
35	30	1.00000	-844.000
35	31	1.00000	-841.681
35	32	1.00000	-838.896
35	33	1.00000	-841.715
35	34	1.00000	-839.609
35	35	1.00000	-843.839
35	36	1.00000	-844.127
35	37	1.00000	-846.573
35	38	1.00000	-844.000
35	39	1.00000	-844.334
35	40	1.00000	-846.036
35	41	1.00000	-844.000
35	42	1.00000	-845.825
35	43	1.00000	-859.440
35	44	1.00000	-844.000
35	45	1.00000	-844.000
35	46	1.00000	-844.000
35	47	1.00000	-844.000
35	48	1.00000	-844.000
35	49	1.00000	-844.000
35	50	1.00000	-857.502
35	51	1.00000	-844.000
35	52	1.00000	-844.000
35	53	1.00000	-844.000
35	54	1.00000	-844.000
35	55	1.00000	-844.000
35	56	1.00000	-844.000
35	57	1.00000	-844.000
35	58	1.00000	-844.000
35	59	1.00000	-844.000
35	60	1.00000	-844.000
35	61	1.00000	-844.000
35	62	1.00000	-844.000
35	63	1.00000	-844.000
35	64	1.00000	-844.000
#
## SDC3-Y2
36	1	1.00000	-844.000
36	2	1.00000	-844.000
36	3	1.00000	-844.000
36	4	1.00000	-844.000
36	5	1.00000	-844.000
36	6	1.00000	-844.000
36	7	1.00000	-844.000
36	8	1.00000	-844.000
36	9	1.00000	-844.000
36	10	1.00000	-844.000
36	11	1.00000	-844.000
36	12	1.00000	-844.000
36	13	1.00000	-844.000
36	14	1.00000	-844.000
36	15	1.00000	-844.000
36	16	1.00000	-844.000
36	17	1.00000	-844.000
36	18	1.00000	-844.000
36	19	1.00000	-844.000
36	20	1.00000	-844.000
36	21	1.00000	-844.000
36	22	1.00000	-844.000
36	23	1.00000	-844.000
36	24	1.00000	-844.000
36	25	1.00000	-844.000
36	26	1.00000	-847.499
36	27	1.00000	-842.313
36	28	1.00000	-844.920
36	29	1.00000	-845.337
36	30	1.00000	-844.236
36	31	1.00000	-842.350
36	32	1.00000	-842.973
36	33	1.00000	-842.882
36	34	1.00000	-844.066
36	35	1.00000	-844.000
36	36	1.00000	-848.946
36	37	1.00000	-841.842
36	38	1.00000	-848.199
36	39	1.00000	-845.164
36	40	1.00000	-844.000
36	41	1.00000	-844.000
36	42	1.00000	-844.000
36	43	1.00000	-852.381
36	44	1.00000	-844.000
36	45	1.00000	-844.000
36	46	1.00000	-844.000
36	47	1.00000	-844.000
36	48	1.00000	-844.000
36	49	1.00000	-844.000
36	50	1.00000	-844.000
36	51	1.00000	-844.000
36	52	1.00000	-844.000
36	53	1.00000	-844.000
36	54	1.00000	-844.000
36	55	1.00000	-844.000
36	56	1.00000	-844.000
36	57	1.00000	-844.000
36	58	1.00000	-844.000
36	59	1.00000	-844.000
36	60	1.00000	-844.000
36	61	1.00000	-844.000
36	62	1.00000	-844.000
36	63	1.00000	-844.000
36	64	1.00000	-844.000
#
### SDC3-X1
37	1	1.00000	-844.000
37	2	1.00000	-844.000
37	3	1.00000	-844.000
37	4	1.00000	-844.000
37	5	1.00000	-844.000
37	6	1.00000	-844.000
37	7	1.00000	-844.000
37	8	1.00000	-844.000
37	9	1.00000	-844.000
37	10	1.00000	-844.000
37	11	1.00000	-849.872
37	12	1.00000	-844.000
37	13	1.00000	-844.000
37	14	1.00000	-844.000
37	15	1.00000	-844.000
37	16	1.00000	-844.000
37	17	1.00000	-844.000
37	18	1.00000	-844.000
37	19	1.00000	-844.000
37	20	1.00000	-844.000
37	21	1.00000	-844.000
37	22	1.00000	-853.796
37	23	1.00000	-844.000
37	24	1.00000	-845.744
37	25	1.00000	-844.000
37	26	1.00000	-844.000
37	27	1.00000	-844.745
37	28	1.00000	-844.822
37	29	1.00000	-846.405
37	30	1.00000	-845.155
37	31	1.00000	-844.726
37	32	1.00000	-843.632
37	33	1.00000	-844.528
37	34	1.00000	-842.049
37	35	1.00000	-844.935
37	36	1.00000	-845.048
37	37	1.00000	-844.445
37	38	1.00000	-844.064
37	39	1.00000	-844.104
37	40	1.00000	-843.829
37	41	1.00000	-848.796
37	42	1.00000	-846.847
37	43	1.00000	-844.000
37	44	1.00000	-855.318
37	45	1.00000	-844.000
37	46	1.00000	-844.000
37	47	1.00000	-844.000
37	48	1.00000	-844.000
37	49	1.00000	-844.000
37	50	1.00000	-844.000
37	51	1.00000	-844.000
37	52	1.00000	-844.000
37	53	1.00000	-844.000
37	54	1.00000	-844.000
37	55	1.00000	-844.000
37	56	1.00000	-844.000
37	57	1.00000	-844.000
37	58	1.00000	-844.000
37	59	1.00000	-844.000
37	60	1.00000	-851.503
37	61	1.00000	-844.000
37	62	1.00000	-844.000
37	63	1.00000	-844.000
37	64	1.00000	-844.000
37	65	1.00000	-844.000
37	66	1.00000	-844.000
37	67	1.00000	-844.000
37	68	1.00000	-844.000
37	69	1.00000	-844.000
37	70	1.00000	-844.000
37	71	1.00000	-844.000
37	72	1.00000	-844.000
37	73	1.00000	-844.000
37	74	1.00000	-844.000
37	75	1.00000	-844.000
37	76	1.00000	-844.000
37	77	1.00000	-844.000
37	78	1.00000	-844.000
37	79	1.00000	-844.000
37	80	1.00000	-844.000
37	81	1.00000	-844.000
37	82	1.00000	-844.000
37	83	1.00000	-844.000
37	84	1.00000	-844.000
37	85	1.00000	-844.000
37	86	1.00000	-844.000
37	87	1.00000	-844.000
37	88	1.00000	-844.000
37	89	1.00000	-844.000
37	90	1.00000	-844.000
37	91	1.00000	-844.000
37	92	1.00000	-844.000
37	93	1.00000	-844.000
37	94	1.00000	-844.000
37	95	1.00000	-844.000
37	96	1.00000	-844.000
#
### SDC3-X2
38	1	1.00000	-838.000
38	2	1.00000	-838.000
38	3	1.00000	-838.000
38	4	1.00000	-838.000
38	5	1.00000	-838.000
38	6	1.00000	-838.000
38	7	1.00000	-838.000
38	8	1.00000	-838.000
38	9	1.00000	-838.000
38	10	1.00000	-838.000
38	11	1.00000	-838.000
38	12	1.00000	-838.000
38	13	1.00000	-838.000
38	14	1.00000	-838.000
38	15	1.00000	-838.000
38	16	1.00000	-838.000
38	17	1.00000	-838.000
38	18	1.00000	-838.000
38	19	1.00000	-838.000
38	20	1.00000	-838.000
38	21	1.00000	-838.000
38	22	1.00000	-838.000
38	23	1.00000	-838.000
38	24	1.00000	-838.000
38	25	1.00000	-838.000
38	26	1.00000	-845.761
38	27	1.00000	-836.567
38	28	1.00000	-840.547
38	29	1.00000	-839.270
38	30	1.00000	-839.586
38	31	1.00000	-839.642
38	32	1.00000	-838.300
38	33	1.00000	-839.303
38	34	1.00000	-837.392
38	35	1.00000	-838.267
38	36	1.00000	-837.240
38	37	1.00000	-838.141
38	38	1.00000	-835.823
38	39	1.00000	-837.313
38	40	1.00000	-838.759
38	41	1.00000	-838.000
38	42	1.00000	-847.177
38	43	1.00000	-845.334
38	44	1.00000	-838.000
38	45	1.00000	-838.000
38	46	1.00000	-838.000
38	47	1.00000	-838.000
38	48	1.00000	-838.000
38	49	1.00000	-838.000
38	50	1.00000	-838.000
38	51	1.00000	-838.000
38	52	1.00000	-838.000
38	53	1.00000	-838.000
38	54	1.00000	-838.000
38	55	1.00000	-851.825
38	56	1.00000	-838.000
38	57	1.00000	-838.000
38	58	1.00000	-838.000
38	59	1.00000	-838.000
38	60	1.00000	-838.000
38	61	1.00000	-838.000
38	62	1.00000	-838.000
38	63	1.00000	-838.000
38	64	1.00000	-838.000
38	65	1.00000	-857.354
38	66	1.00000	-838.000
38	67	1.00000	-838.000
38	68	1.00000	-838.000
38	69	1.00000	-838.000
38	70	1.00000	-838.000
38	71	1.00000	-838.000
38	72	1.00000	-838.000
38	73	1.00000	-838.000
38	74	1.00000	-838.000
38	75	1.00000	-838.000
38	76	1.00000	-838.000
38	77	1.00000	-838.000
38	78	1.00000	-838.000
38	79	1.00000	-838.000
38	80	1.00000	-838.000
38	81	1.00000	-838.000
38	82	1.00000	-838.000
38	83	1.00000	-838.000
38	84	1.00000	-838.000
38	85	1.00000	-838.000
38	86	1.00000	-838.000
38	87	1.00000	-838.000
38	88	1.00000	-838.000
38	89	1.00000	-838.000
38	90	1.00000	-838.000
38	91	1.00000	-838.000
38	92	1.00000	-838.000
38	93	1.00000	-838.000
38	94	1.00000	-838.000
38	95	1.00000	-838.000
38	96	1.00000	-838.000
#
