##
#  file: DCTdcCalib_05047
#  date: 2021-05-11 13:56:13
#  note: first version
#        DCTdcCalib SdcOut ... done
#        DCTdcCalib SdcIn ... done
#        DCTdcCalib BcOut ... done
#
#
#######################################################################
# Id	WireId	p1	p0
#
### BC3-X1
#
113	1	0.833	-465.113
113	2	0.833	-465.113
113	3	0.833	-465.113
113	4	0.833	-465.113
113	5	0.833	-465.113
113	6	0.833	-465.113
113	7	0.833	-465.113
113	8	0.833	-465.113
113	9	0.833	-465.113
113	10	0.833	-465.113
113	11	0.833	-465.113
113	12	0.833	-465.113
113	13	0.833	-465.113
113	14	0.833	-465.113
113	15	0.833	-465.113
113	16	0.833	-465.113
113	17	0.833	-465.113
113	18	0.833	-465.113
113	19	0.833	-465.113
113	20	0.833	-465.113
113	21	0.833	-465.113
113	22	0.833	-465.113
113	23	0.833	-465.113
113	24	0.833	-465.113
113	25	0.833	-465.113
113	26	0.833	-465.113
113	27	0.833	-465.113
113	28	0.833	-465.113
113	29	0.833	-465.113
113	30	0.833	-465.113
113	31	0.833	-465.113
113	32	0.833	-465.113
113	33	0.833	-465.113
113	34	0.833	-465.113
113	35	0.833	-465.113
113	36	0.833	-465.113
113	37	0.833	-465.113
113	38	0.833	-465.113
113	39	0.833	-465.113
113	40	0.833	-465.113
113	41	0.833	-465.113
113	42	0.833	-465.113
113	43	0.833	-465.113
113	44	0.833	-465.113
113	45	0.833	-465.113
113	46	0.833	-465.113
113	47	0.833	-465.113
113	48	0.833	-465.113
113	49	0.833	-465.113
113	50	0.833	-465.113
113	51	0.833	-465.113
113	52	0.833	-465.113
113	53	0.833	-465.113
113	54	0.833	-465.113
113	55	0.833	-465.113
113	56	0.833	-465.113
113	57	0.833	-465.113
113	58	0.833	-465.113
113	59	0.833	-465.113
113	60	0.833	-465.113
113	61	0.833	-465.113
113	62	0.833	-465.113
113	63	0.833	-465.113
113	64	0.833	-465.113
### BC3-X2
#
114	1	0.833	-463.025
114	2	0.833	-463.025
114	3	0.833	-463.025
114	4	0.833	-463.025
114	5	0.833	-463.025
114	6	0.833	-463.025
114	7	0.833	-463.025
114	8	0.833	-463.025
114	9	0.833	-463.025
114	10	0.833	-463.025
114	11	0.833	-463.025
114	12	0.833	-463.025
114	13	0.833	-463.025
114	14	0.833	-463.025
114	15	0.833	-463.025
114	16	0.833	-463.025
114	17	0.833	-463.025
114	18	0.833	-463.025
114	19	0.833	-463.025
114	20	0.833	-463.025
114	21	0.833	-463.025
114	22	0.833	-463.025
114	23	0.833	-463.025
114	24	0.833	-463.025
114	25	0.833	-463.025
114	26	0.833	-463.025
114	27	0.833	-463.025
114	28	0.833	-463.025
114	29	0.833	-463.025
114	30	0.833	-463.025
114	31	0.833	-463.025
114	32	0.833	-463.025
114	33	0.833	-463.025
114	34	0.833	-463.025
114	35	0.833	-463.025
114	36	0.833	-463.025
114	37	0.833	-463.025
114	38	0.833	-463.025
114	39	0.833	-463.025
114	40	0.833	-463.025
114	41	0.833	-463.025
114	42	0.833	-463.025
114	43	0.833	-463.025
114	44	0.833	-463.025
114	45	0.833	-463.025
114	46	0.833	-463.025
114	47	0.833	-463.025
114	48	0.833	-463.025
114	49	0.833	-463.025
114	50	0.833	-463.025
114	51	0.833	-463.025
114	52	0.833	-463.025
114	53	0.833	-463.025
114	54	0.833	-463.025
114	55	0.833	-463.025
114	56	0.833	-463.025
114	57	0.833	-463.025
114	58	0.833	-463.025
114	59	0.833	-463.025
114	60	0.833	-463.025
114	61	0.833	-463.025
114	62	0.833	-463.025
114	63	0.833	-463.025
114	64	0.833	-463.025
### BC3-U1
#
115	1	0.833	-464.567
115	2	0.833	-464.567
115	3	0.833	-464.567
115	4	0.833	-464.567
115	5	0.833	-464.567
115	6	0.833	-464.567
115	7	0.833	-464.567
115	8	0.833	-464.567
115	9	0.833	-464.567
115	10	0.833	-464.567
115	11	0.833	-464.567
115	12	0.833	-464.567
115	13	0.833	-464.567
115	14	0.833	-464.567
115	15	0.833	-464.567
115	16	0.833	-464.567
115	17	0.833	-464.567
115	18	0.833	-464.567
115	19	0.833	-464.567
115	20	0.833	-464.567
115	21	0.833	-464.567
115	22	0.833	-464.567
115	23	0.833	-464.567
115	24	0.833	-464.567
115	25	0.833	-464.567
115	26	0.833	-464.567
115	27	0.833	-464.567
115	28	0.833	-464.567
115	29	0.833	-464.567
115	30	0.833	-464.567
115	31	0.833	-464.567
115	32	0.833	-464.567
115	33	0.833	-464.567
115	34	0.833	-464.567
115	35	0.833	-464.567
115	36	0.833	-464.567
115	37	0.833	-464.567
115	38	0.833	-464.567
115	39	0.833	-464.567
115	40	0.833	-464.567
115	41	0.833	-464.567
115	42	0.833	-464.567
115	43	0.833	-464.567
115	44	0.833	-464.567
115	45	0.833	-464.567
115	46	0.833	-464.567
115	47	0.833	-464.567
115	48	0.833	-464.567
115	49	0.833	-464.567
115	50	0.833	-464.567
115	51	0.833	-464.567
115	52	0.833	-464.567
115	53	0.833	-464.567
115	54	0.833	-464.567
115	55	0.833	-464.567
115	56	0.833	-464.567
115	57	0.833	-464.567
115	58	0.833	-464.567
115	59	0.833	-464.567
115	60	0.833	-464.567
115	61	0.833	-464.567
115	62	0.833	-464.567
115	63	0.833	-464.567
115	64	0.833	-464.567
### BC3-U2
#
116	1	0.833	-462.626
116	2	0.833	-462.626
116	3	0.833	-462.626
116	4	0.833	-462.626
116	5	0.833	-462.626
116	6	0.833	-462.626
116	7	0.833	-462.626
116	8	0.833	-462.626
116	9	0.833	-462.626
116	10	0.833	-462.626
116	11	0.833	-462.626
116	12	0.833	-462.626
116	13	0.833	-462.626
116	14	0.833	-462.626
116	15	0.833	-462.626
116	16	0.833	-462.626
116	17	0.833	-462.626
116	18	0.833	-462.626
116	19	0.833	-462.626
116	20	0.833	-462.626
116	21	0.833	-462.626
116	22	0.833	-462.626
116	23	0.833	-462.626
116	24	0.833	-462.626
116	25	0.833	-462.626
116	26	0.833	-462.626
116	27	0.833	-462.626
116	28	0.833	-462.626
116	29	0.833	-462.626
116	30	0.833	-462.626
116	31	0.833	-462.626
116	32	0.833	-462.626
116	33	0.833	-462.626
116	34	0.833	-462.626
116	35	0.833	-462.626
116	36	0.833	-462.626
116	37	0.833	-462.626
116	38	0.833	-462.626
116	39	0.833	-462.626
116	40	0.833	-462.626
116	41	0.833	-462.626
116	42	0.833	-462.626
116	43	0.833	-462.626
116	44	0.833	-462.626
116	45	0.833	-462.626
116	46	0.833	-462.626
116	47	0.833	-462.626
116	48	0.833	-462.626
116	49	0.833	-462.626
116	50	0.833	-462.626
116	51	0.833	-462.626
116	52	0.833	-462.626
116	53	0.833	-462.626
116	54	0.833	-462.626
116	55	0.833	-462.626
116	56	0.833	-462.626
116	57	0.833	-462.626
116	58	0.833	-462.626
116	59	0.833	-462.626
116	60	0.833	-462.626
116	61	0.833	-462.626
116	62	0.833	-462.626
116	63	0.833	-462.626
116	64	0.833	-462.626
### BC3-V1
#
117	1	0.833	-465.043
117	2	0.833	-465.043
117	3	0.833	-465.043
117	4	0.833	-465.043
117	5	0.833	-465.043
117	6	0.833	-465.043
117	7	0.833	-465.043
117	8	0.833	-465.043
117	9	0.833	-465.043
117	10	0.833	-465.043
117	11	0.833	-465.043
117	12	0.833	-465.043
117	13	0.833	-465.043
117	14	0.833	-465.043
117	15	0.833	-465.043
117	16	0.833	-465.043
117	17	0.833	-465.043
117	18	0.833	-465.043
117	19	0.833	-465.043
117	20	0.833	-465.043
117	21	0.833	-465.043
117	22	0.833	-465.043
117	23	0.833	-465.043
117	24	0.833	-465.043
117	25	0.833	-465.043
117	26	0.833	-465.043
117	27	0.833	-465.043
117	28	0.833	-465.043
117	29	0.833	-465.043
117	30	0.833	-465.043
117	31	0.833	-465.043
117	32	0.833	-465.043
117	33	0.833	-465.043
117	34	0.833	-465.043
117	35	0.833	-465.043
117	36	0.833	-465.043
117	37	0.833	-465.043
117	38	0.833	-465.043
117	39	0.833	-465.043
117	40	0.833	-465.043
117	41	0.833	-465.043
117	42	0.833	-465.043
117	43	0.833	-465.043
117	44	0.833	-465.043
117	45	0.833	-465.043
117	46	0.833	-465.043
117	47	0.833	-465.043
117	48	0.833	-465.043
117	49	0.833	-465.043
117	50	0.833	-465.043
117	51	0.833	-465.043
117	52	0.833	-465.043
117	53	0.833	-465.043
117	54	0.833	-465.043
117	55	0.833	-465.043
117	56	0.833	-465.043
117	57	0.833	-465.043
117	58	0.833	-465.043
117	59	0.833	-465.043
117	60	0.833	-465.043
117	61	0.833	-465.043
117	62	0.833	-465.043
117	63	0.833	-465.043
117	64	0.833	-465.043
### BC3-V2
#
118	1	0.833	-461.203
118	2	0.833	-461.203
118	3	0.833	-461.203
118	4	0.833	-461.203
118	5	0.833	-461.203
118	6	0.833	-461.203
118	7	0.833	-461.203
118	8	0.833	-461.203
118	9	0.833	-461.203
118	10	0.833	-461.203
118	11	0.833	-461.203
118	12	0.833	-461.203
118	13	0.833	-461.203
118	14	0.833	-461.203
118	15	0.833	-461.203
118	16	0.833	-461.203
118	17	0.833	-461.203
118	18	0.833	-461.203
118	19	0.833	-461.203
118	20	0.833	-461.203
118	21	0.833	-461.203
118	22	0.833	-461.203
118	23	0.833	-461.203
118	24	0.833	-461.203
118	25	0.833	-461.203
118	26	0.833	-461.203
118	27	0.833	-461.203
118	28	0.833	-461.203
118	29	0.833	-461.203
118	30	0.833	-461.203
118	31	0.833	-461.203
118	32	0.833	-461.203
118	33	0.833	-461.203
118	34	0.833	-461.203
118	35	0.833	-461.203
118	36	0.833	-461.203
118	37	0.833	-461.203
118	38	0.833	-461.203
118	39	0.833	-461.203
118	40	0.833	-461.203
118	41	0.833	-461.203
118	42	0.833	-461.203
118	43	0.833	-461.203
118	44	0.833	-461.203
118	45	0.833	-461.203
118	46	0.833	-461.203
118	47	0.833	-461.203
118	48	0.833	-461.203
118	49	0.833	-461.203
118	50	0.833	-461.203
118	51	0.833	-461.203
118	52	0.833	-461.203
118	53	0.833	-461.203
118	54	0.833	-461.203
118	55	0.833	-461.203
118	56	0.833	-461.203
118	57	0.833	-461.203
118	58	0.833	-461.203
118	59	0.833	-461.203
118	60	0.833	-461.203
118	61	0.833	-461.203
118	62	0.833	-461.203
118	63	0.833	-461.203
118	64	0.833	-461.203
### BC4-U1
#
119	1	0.833	-463.828
119	2	0.833	-463.828
119	3	0.833	-463.828
119	4	0.833	-463.828
119	5	0.833	-463.828
119	6	0.833	-463.828
119	7	0.833	-463.828
119	8	0.833	-463.828
119	9	0.833	-463.828
119	10	0.833	-463.828
119	11	0.833	-463.828
119	12	0.833	-463.828
119	13	0.833	-463.828
119	14	0.833	-463.828
119	15	0.833	-463.828
119	16	0.833	-463.828
119	17	0.833	-463.828
119	18	0.833	-463.828
119	19	0.833	-463.828
119	20	0.833	-463.828
119	21	0.833	-463.828
119	22	0.833	-463.828
119	23	0.833	-463.828
119	24	0.833	-463.828
119	25	0.833	-463.828
119	26	0.833	-463.828
119	27	0.833	-463.828
119	28	0.833	-463.828
119	29	0.833	-463.828
119	30	0.833	-463.828
119	31	0.833	-463.828
119	32	0.833	-463.828
119	33	0.833	-463.828
119	34	0.833	-463.828
119	35	0.833	-463.828
119	36	0.833	-463.828
119	37	0.833	-463.828
119	38	0.833	-463.828
119	39	0.833	-463.828
119	40	0.833	-463.828
119	41	0.833	-463.828
119	42	0.833	-463.828
119	43	0.833	-463.828
119	44	0.833	-463.828
119	45	0.833	-463.828
119	46	0.833	-463.828
119	47	0.833	-463.828
119	48	0.833	-463.828
119	49	0.833	-463.828
119	50	0.833	-463.828
119	51	0.833	-463.828
119	52	0.833	-463.828
119	53	0.833	-463.828
119	54	0.833	-463.828
119	55	0.833	-463.828
119	56	0.833	-463.828
119	57	0.833	-463.828
119	58	0.833	-463.828
119	59	0.833	-463.828
119	60	0.833	-463.828
119	61	0.833	-463.828
119	62	0.833	-463.828
119	63	0.833	-463.828
119	64	0.833	-463.828
### BC4-U2
#
120	1	0.833	-460.733
120	2	0.833	-460.733
120	3	0.833	-460.733
120	4	0.833	-460.733
120	5	0.833	-460.733
120	6	0.833	-460.733
120	7	0.833	-460.733
120	8	0.833	-460.733
120	9	0.833	-460.733
120	10	0.833	-460.733
120	11	0.833	-460.733
120	12	0.833	-460.733
120	13	0.833	-460.733
120	14	0.833	-460.733
120	15	0.833	-460.733
120	16	0.833	-460.733
120	17	0.833	-460.733
120	18	0.833	-460.733
120	19	0.833	-460.733
120	20	0.833	-460.733
120	21	0.833	-460.733
120	22	0.833	-460.733
120	23	0.833	-460.733
120	24	0.833	-460.733
120	25	0.833	-460.733
120	26	0.833	-460.733
120	27	0.833	-460.733
120	28	0.833	-460.733
120	29	0.833	-460.733
120	30	0.833	-460.733
120	31	0.833	-460.733
120	32	0.833	-460.733
120	33	0.833	-460.733
120	34	0.833	-460.733
120	35	0.833	-460.733
120	36	0.833	-460.733
120	37	0.833	-460.733
120	38	0.833	-460.733
120	39	0.833	-460.733
120	40	0.833	-460.733
120	41	0.833	-460.733
120	42	0.833	-460.733
120	43	0.833	-460.733
120	44	0.833	-460.733
120	45	0.833	-460.733
120	46	0.833	-460.733
120	47	0.833	-460.733
120	48	0.833	-460.733
120	49	0.833	-460.733
120	50	0.833	-460.733
120	51	0.833	-460.733
120	52	0.833	-460.733
120	53	0.833	-460.733
120	54	0.833	-460.733
120	55	0.833	-460.733
120	56	0.833	-460.733
120	57	0.833	-460.733
120	58	0.833	-460.733
120	59	0.833	-460.733
120	60	0.833	-460.733
120	61	0.833	-460.733
120	62	0.833	-460.733
120	63	0.833	-460.733
120	64	0.833	-460.733
### BC4-V1
#
121	1	0.833	-462.75
121	2	0.833	-462.75
121	3	0.833	-462.75
121	4	0.833	-462.75
121	5	0.833	-462.75
121	6	0.833	-462.75
121	7	0.833	-462.75
121	8	0.833	-462.75
121	9	0.833	-462.75
121	10	0.833	-462.75
121	11	0.833	-462.75
121	12	0.833	-462.75
121	13	0.833	-462.75
121	14	0.833	-462.75
121	15	0.833	-462.75
121	16	0.833	-462.75
121	17	0.833	-462.75
121	18	0.833	-462.75
121	19	0.833	-462.75
121	20	0.833	-462.75
121	21	0.833	-462.75
121	22	0.833	-462.75
121	23	0.833	-462.75
121	24	0.833	-462.75
121	25	0.833	-462.75
121	26	0.833	-462.75
121	27	0.833	-462.75
121	28	0.833	-462.75
121	29	0.833	-462.75
121	30	0.833	-462.75
121	31	0.833	-462.75
121	32	0.833	-462.75
121	33	0.833	-462.75
121	34	0.833	-462.75
121	35	0.833	-462.75
121	36	0.833	-462.75
121	37	0.833	-462.75
121	38	0.833	-462.75
121	39	0.833	-462.75
121	40	0.833	-462.75
121	41	0.833	-462.75
121	42	0.833	-462.75
121	43	0.833	-462.75
121	44	0.833	-462.75
121	45	0.833	-462.75
121	46	0.833	-462.75
121	47	0.833	-462.75
121	48	0.833	-462.75
121	49	0.833	-462.75
121	50	0.833	-462.75
121	51	0.833	-462.75
121	52	0.833	-462.75
121	53	0.833	-462.75
121	54	0.833	-462.75
121	55	0.833	-462.75
121	56	0.833	-462.75
121	57	0.833	-462.75
121	58	0.833	-462.75
121	59	0.833	-462.75
121	60	0.833	-462.75
121	61	0.833	-462.75
121	62	0.833	-462.75
121	63	0.833	-462.75
121	64	0.833	-462.75
### BC4-V2
#
122	1	0.833	-460.355
122	2	0.833	-460.355
122	3	0.833	-460.355
122	4	0.833	-460.355
122	5	0.833	-460.355
122	6	0.833	-460.355
122	7	0.833	-460.355
122	8	0.833	-460.355
122	9	0.833	-460.355
122	10	0.833	-460.355
122	11	0.833	-460.355
122	12	0.833	-460.355
122	13	0.833	-460.355
122	14	0.833	-460.355
122	15	0.833	-460.355
122	16	0.833	-460.355
122	17	0.833	-460.355
122	18	0.833	-460.355
122	19	0.833	-460.355
122	20	0.833	-460.355
122	21	0.833	-460.355
122	22	0.833	-460.355
122	23	0.833	-460.355
122	24	0.833	-460.355
122	25	0.833	-460.355
122	26	0.833	-460.355
122	27	0.833	-460.355
122	28	0.833	-460.355
122	29	0.833	-460.355
122	30	0.833	-460.355
122	31	0.833	-460.355
122	32	0.833	-460.355
122	33	0.833	-460.355
122	34	0.833	-460.355
122	35	0.833	-460.355
122	36	0.833	-460.355
122	37	0.833	-460.355
122	38	0.833	-460.355
122	39	0.833	-460.355
122	40	0.833	-460.355
122	41	0.833	-460.355
122	42	0.833	-460.355
122	43	0.833	-460.355
122	44	0.833	-460.355
122	45	0.833	-460.355
122	46	0.833	-460.355
122	47	0.833	-460.355
122	48	0.833	-460.355
122	49	0.833	-460.355
122	50	0.833	-460.355
122	51	0.833	-460.355
122	52	0.833	-460.355
122	53	0.833	-460.355
122	54	0.833	-460.355
122	55	0.833	-460.355
122	56	0.833	-460.355
122	57	0.833	-460.355
122	58	0.833	-460.355
122	59	0.833	-460.355
122	60	0.833	-460.355
122	61	0.833	-460.355
122	62	0.833	-460.355
122	63	0.833	-460.355
122	64	0.833	-460.355
### BC4-X1
#
123	1	0.833	-462.646
123	2	0.833	-462.646
123	3	0.833	-462.646
123	4	0.833	-462.646
123	5	0.833	-462.646
123	6	0.833	-462.646
123	7	0.833	-462.646
123	8	0.833	-462.646
123	9	0.833	-462.646
123	10	0.833	-462.646
123	11	0.833	-462.646
123	12	0.833	-462.646
123	13	0.833	-462.646
123	14	0.833	-462.646
123	15	0.833	-462.646
123	16	0.833	-462.646
123	17	0.833	-462.646
123	18	0.833	-462.646
123	19	0.833	-462.646
123	20	0.833	-462.646
123	21	0.833	-462.646
123	22	0.833	-462.646
123	23	0.833	-462.646
123	24	0.833	-462.646
123	25	0.833	-462.646
123	26	0.833	-462.646
123	27	0.833	-462.646
123	28	0.833	-462.646
123	29	0.833	-462.646
123	30	0.833	-462.646
123	31	0.833	-462.646
123	32	0.833	-462.646
123	33	0.833	-462.646
123	34	0.833	-462.646
123	35	0.833	-462.646
123	36	0.833	-462.646
123	37	0.833	-462.646
123	38	0.833	-462.646
123	39	0.833	-462.646
123	40	0.833	-462.646
123	41	0.833	-462.646
123	42	0.833	-462.646
123	43	0.833	-462.646
123	44	0.833	-462.646
123	45	0.833	-462.646
123	46	0.833	-462.646
123	47	0.833	-462.646
123	48	0.833	-462.646
123	49	0.833	-462.646
123	50	0.833	-462.646
123	51	0.833	-462.646
123	52	0.833	-462.646
123	53	0.833	-462.646
123	54	0.833	-462.646
123	55	0.833	-462.646
123	56	0.833	-462.646
123	57	0.833	-462.646
123	58	0.833	-462.646
123	59	0.833	-462.646
123	60	0.833	-462.646
123	61	0.833	-462.646
123	62	0.833	-462.646
123	63	0.833	-462.646
123	64	0.833	-462.646
### BC4-X2
#
124	1	0.833	-459.889
124	2	0.833	-459.889
124	3	0.833	-459.889
124	4	0.833	-459.889
124	5	0.833	-459.889
124	6	0.833	-459.889
124	7	0.833	-459.889
124	8	0.833	-459.889
124	9	0.833	-459.889
124	10	0.833	-459.889
124	11	0.833	-459.889
124	12	0.833	-459.889
124	13	0.833	-459.889
124	14	0.833	-459.889
124	15	0.833	-459.889
124	16	0.833	-459.889
124	17	0.833	-459.889
124	18	0.833	-459.889
124	19	0.833	-459.889
124	20	0.833	-459.889
124	21	0.833	-459.889
124	22	0.833	-459.889
124	23	0.833	-459.889
124	24	0.833	-459.889
124	25	0.833	-459.889
124	26	0.833	-459.889
124	27	0.833	-459.889
124	28	0.833	-459.889
124	29	0.833	-459.889
124	30	0.833	-459.889
124	31	0.833	-459.889
124	32	0.833	-459.889
124	33	0.833	-459.889
124	34	0.833	-459.889
124	35	0.833	-459.889
124	36	0.833	-459.889
124	37	0.833	-459.889
124	38	0.833	-459.889
124	39	0.833	-459.889
124	40	0.833	-459.889
124	41	0.833	-459.889
124	42	0.833	-459.889
124	43	0.833	-459.889
124	44	0.833	-459.889
124	45	0.833	-459.889
124	46	0.833	-459.889
124	47	0.833	-459.889
124	48	0.833	-459.889
124	49	0.833	-459.889
124	50	0.833	-459.889
124	51	0.833	-459.889
124	52	0.833	-459.889
124	53	0.833	-459.889
124	54	0.833	-459.889
124	55	0.833	-459.889
124	56	0.833	-459.889
124	57	0.833	-459.889
124	58	0.833	-459.889
124	59	0.833	-459.889
124	60	0.833	-459.889
124	61	0.833	-459.889
124	62	0.833	-459.889
124	63	0.833	-459.889
124	64	0.833	-459.889
### SDC1-V1
#
1	1	0.833	-452.668
1	2	0.833	-452.668
1	3	0.833	-452.668
1	4	0.833	-452.668
1	5	0.833	-452.668
1	6	0.833	-452.668
1	7	0.833	-452.668
1	8	0.833	-452.668
1	9	0.833	-452.668
1	10	0.833	-452.668
1	11	0.833	-452.668
1	12	0.833	-452.668
1	13	0.833	-452.668
1	14	0.833	-452.668
1	15	0.833	-452.668
1	16	0.833	-452.668
1	17	0.833	-452.668
1	18	0.833	-452.668
1	19	0.833	-452.668
1	20	0.833	-452.668
1	21	0.833	-452.668
1	22	0.833	-452.668
1	23	0.833	-452.668
1	24	0.833	-452.668
1	25	0.833	-452.668
1	26	0.833	-452.668
1	27	0.833	-452.668
1	28	0.833	-452.668
1	29	0.833	-452.668
1	30	0.833	-452.668
1	31	0.833	-452.668
1	32	0.833	-452.668
1	33	0.833	-452.668
1	34	0.833	-452.668
1	35	0.833	-452.668
1	36	0.833	-452.668
1	37	0.833	-452.668
1	38	0.833	-452.668
1	39	0.833	-452.668
1	40	0.833	-452.668
1	41	0.833	-452.668
1	42	0.833	-452.668
1	43	0.833	-452.668
1	44	0.833	-452.668
1	45	0.833	-452.668
1	46	0.833	-452.668
1	47	0.833	-452.668
1	48	0.833	-452.668
1	49	0.833	-452.668
1	50	0.833	-452.668
1	51	0.833	-452.668
1	52	0.833	-452.668
1	53	0.833	-452.668
1	54	0.833	-452.668
1	55	0.833	-452.668
1	56	0.833	-452.668
1	57	0.833	-452.668
1	58	0.833	-452.668
1	59	0.833	-452.668
1	60	0.833	-452.668
1	61	0.833	-452.668
1	62	0.833	-452.668
1	63	0.833	-452.668
1	64	0.833	-452.668
### SDC1-V2
#
2	1	0.833	-452.876
2	2	0.833	-452.876
2	3	0.833	-452.876
2	4	0.833	-452.876
2	5	0.833	-452.876
2	6	0.833	-452.876
2	7	0.833	-452.876
2	8	0.833	-452.876
2	9	0.833	-452.876
2	10	0.833	-452.876
2	11	0.833	-452.876
2	12	0.833	-452.876
2	13	0.833	-452.876
2	14	0.833	-452.876
2	15	0.833	-452.876
2	16	0.833	-452.876
2	17	0.833	-452.876
2	18	0.833	-452.876
2	19	0.833	-452.876
2	20	0.833	-452.876
2	21	0.833	-452.876
2	22	0.833	-452.876
2	23	0.833	-452.876
2	24	0.833	-452.876
2	25	0.833	-452.876
2	26	0.833	-452.876
2	27	0.833	-452.876
2	28	0.833	-452.876
2	29	0.833	-452.876
2	30	0.833	-452.876
2	31	0.833	-452.876
2	32	0.833	-452.876
2	33	0.833	-452.876
2	34	0.833	-452.876
2	35	0.833	-452.876
2	36	0.833	-452.876
2	37	0.833	-452.876
2	38	0.833	-452.876
2	39	0.833	-452.876
2	40	0.833	-452.876
2	41	0.833	-452.876
2	42	0.833	-452.876
2	43	0.833	-452.876
2	44	0.833	-452.876
2	45	0.833	-452.876
2	46	0.833	-452.876
2	47	0.833	-452.876
2	48	0.833	-452.876
2	49	0.833	-452.876
2	50	0.833	-452.876
2	51	0.833	-452.876
2	52	0.833	-452.876
2	53	0.833	-452.876
2	54	0.833	-452.876
2	55	0.833	-452.876
2	56	0.833	-452.876
2	57	0.833	-452.876
2	58	0.833	-452.876
2	59	0.833	-452.876
2	60	0.833	-452.876
2	61	0.833	-452.876
2	62	0.833	-452.876
2	63	0.833	-452.876
2	64	0.833	-452.876
### SDC1-X1
#
3	1	0.833	-450.716
3	2	0.833	-450.716
3	3	0.833	-450.716
3	4	0.833	-450.716
3	5	0.833	-450.716
3	6	0.833	-450.716
3	7	0.833	-450.716
3	8	0.833	-450.716
3	9	0.833	-450.716
3	10	0.833	-450.716
3	11	0.833	-450.716
3	12	0.833	-450.716
3	13	0.833	-450.716
3	14	0.833	-450.716
3	15	0.833	-450.716
3	16	0.833	-450.716
3	17	0.833	-450.716
3	18	0.833	-450.716
3	19	0.833	-450.716
3	20	0.833	-450.716
3	21	0.833	-450.716
3	22	0.833	-450.716
3	23	0.833	-450.716
3	24	0.833	-450.716
3	25	0.833	-450.716
3	26	0.833	-450.716
3	27	0.833	-450.716
3	28	0.833	-450.716
3	29	0.833	-450.716
3	30	0.833	-450.716
3	31	0.833	-450.716
3	32	0.833	-450.716
3	33	0.833	-450.716
3	34	0.833	-450.716
3	35	0.833	-450.716
3	36	0.833	-450.716
3	37	0.833	-450.716
3	38	0.833	-450.716
3	39	0.833	-450.716
3	40	0.833	-450.716
3	41	0.833	-450.716
3	42	0.833	-450.716
3	43	0.833	-450.716
3	44	0.833	-450.716
3	45	0.833	-450.716
3	46	0.833	-450.716
3	47	0.833	-450.716
3	48	0.833	-450.716
3	49	0.833	-450.716
3	50	0.833	-450.716
3	51	0.833	-450.716
3	52	0.833	-450.716
3	53	0.833	-450.716
3	54	0.833	-450.716
3	55	0.833	-450.716
3	56	0.833	-450.716
3	57	0.833	-450.716
3	58	0.833	-450.716
3	59	0.833	-450.716
3	60	0.833	-450.716
3	61	0.833	-450.716
3	62	0.833	-450.716
3	63	0.833	-450.716
3	64	0.833	-450.716
### SDC1-X2
#
4	1	0.833	-451.066
4	2	0.833	-451.066
4	3	0.833	-451.066
4	4	0.833	-451.066
4	5	0.833	-451.066
4	6	0.833	-451.066
4	7	0.833	-451.066
4	8	0.833	-451.066
4	9	0.833	-451.066
4	10	0.833	-451.066
4	11	0.833	-451.066
4	12	0.833	-451.066
4	13	0.833	-451.066
4	14	0.833	-451.066
4	15	0.833	-451.066
4	16	0.833	-451.066
4	17	0.833	-451.066
4	18	0.833	-451.066
4	19	0.833	-451.066
4	20	0.833	-451.066
4	21	0.833	-451.066
4	22	0.833	-451.066
4	23	0.833	-451.066
4	24	0.833	-451.066
4	25	0.833	-451.066
4	26	0.833	-451.066
4	27	0.833	-451.066
4	28	0.833	-451.066
4	29	0.833	-451.066
4	30	0.833	-451.066
4	31	0.833	-451.066
4	32	0.833	-451.066
4	33	0.833	-451.066
4	34	0.833	-451.066
4	35	0.833	-451.066
4	36	0.833	-451.066
4	37	0.833	-451.066
4	38	0.833	-451.066
4	39	0.833	-451.066
4	40	0.833	-451.066
4	41	0.833	-451.066
4	42	0.833	-451.066
4	43	0.833	-451.066
4	44	0.833	-451.066
4	45	0.833	-451.066
4	46	0.833	-451.066
4	47	0.833	-451.066
4	48	0.833	-451.066
4	49	0.833	-451.066
4	50	0.833	-451.066
4	51	0.833	-451.066
4	52	0.833	-451.066
4	53	0.833	-451.066
4	54	0.833	-451.066
4	55	0.833	-451.066
4	56	0.833	-451.066
4	57	0.833	-451.066
4	58	0.833	-451.066
4	59	0.833	-451.066
4	60	0.833	-451.066
4	61	0.833	-451.066
4	62	0.833	-451.066
4	63	0.833	-451.066
4	64	0.833	-451.066
### SDC1-U1
#
5	1	0.833	-452.062
5	2	0.833	-452.062
5	3	0.833	-452.062
5	4	0.833	-452.062
5	5	0.833	-452.062
5	6	0.833	-452.062
5	7	0.833	-452.062
5	8	0.833	-452.062
5	9	0.833	-452.062
5	10	0.833	-452.062
5	11	0.833	-452.062
5	12	0.833	-452.062
5	13	0.833	-452.062
5	14	0.833	-452.062
5	15	0.833	-452.062
5	16	0.833	-452.062
5	17	0.833	-452.062
5	18	0.833	-452.062
5	19	0.833	-452.062
5	20	0.833	-452.062
5	21	0.833	-452.062
5	22	0.833	-452.062
5	23	0.833	-452.062
5	24	0.833	-452.062
5	25	0.833	-452.062
5	26	0.833	-452.062
5	27	0.833	-452.062
5	28	0.833	-452.062
5	29	0.833	-452.062
5	30	0.833	-452.062
5	31	0.833	-452.062
5	32	0.833	-452.062
5	33	0.833	-452.062
5	34	0.833	-452.062
5	35	0.833	-452.062
5	36	0.833	-452.062
5	37	0.833	-452.062
5	38	0.833	-452.062
5	39	0.833	-452.062
5	40	0.833	-452.062
5	41	0.833	-452.062
5	42	0.833	-452.062
5	43	0.833	-452.062
5	44	0.833	-452.062
5	45	0.833	-452.062
5	46	0.833	-452.062
5	47	0.833	-452.062
5	48	0.833	-452.062
5	49	0.833	-452.062
5	50	0.833	-452.062
5	51	0.833	-452.062
5	52	0.833	-452.062
5	53	0.833	-452.062
5	54	0.833	-452.062
5	55	0.833	-452.062
5	56	0.833	-452.062
5	57	0.833	-452.062
5	58	0.833	-452.062
5	59	0.833	-452.062
5	60	0.833	-452.062
5	61	0.833	-452.062
5	62	0.833	-452.062
5	63	0.833	-452.062
5	64	0.833	-452.062
### SDC1-U2
#
6	1	0.833	-451.792
6	2	0.833	-451.792
6	3	0.833	-451.792
6	4	0.833	-451.792
6	5	0.833	-451.792
6	6	0.833	-451.792
6	7	0.833	-451.792
6	8	0.833	-451.792
6	9	0.833	-451.792
6	10	0.833	-451.792
6	11	0.833	-451.792
6	12	0.833	-451.792
6	13	0.833	-451.792
6	14	0.833	-451.792
6	15	0.833	-451.792
6	16	0.833	-451.792
6	17	0.833	-451.792
6	18	0.833	-451.792
6	19	0.833	-451.792
6	20	0.833	-451.792
6	21	0.833	-451.792
6	22	0.833	-451.792
6	23	0.833	-451.792
6	24	0.833	-451.792
6	25	0.833	-451.792
6	26	0.833	-451.792
6	27	0.833	-451.792
6	28	0.833	-451.792
6	29	0.833	-451.792
6	30	0.833	-451.792
6	31	0.833	-451.792
6	32	0.833	-451.792
6	33	0.833	-451.792
6	34	0.833	-451.792
6	35	0.833	-451.792
6	36	0.833	-451.792
6	37	0.833	-451.792
6	38	0.833	-451.792
6	39	0.833	-451.792
6	40	0.833	-451.792
6	41	0.833	-451.792
6	42	0.833	-451.792
6	43	0.833	-451.792
6	44	0.833	-451.792
6	45	0.833	-451.792
6	46	0.833	-451.792
6	47	0.833	-451.792
6	48	0.833	-451.792
6	49	0.833	-451.792
6	50	0.833	-451.792
6	51	0.833	-451.792
6	52	0.833	-451.792
6	53	0.833	-451.792
6	54	0.833	-451.792
6	55	0.833	-451.792
6	56	0.833	-451.792
6	57	0.833	-451.792
6	58	0.833	-451.792
6	59	0.833	-451.792
6	60	0.833	-451.792
6	61	0.833	-451.792
6	62	0.833	-451.792
6	63	0.833	-451.792
6	64	0.833	-451.792
### SDC2-X1
#
7	1	0.833	-966.222
7	2	0.833	-966.222
7	3	0.833	-966.222
7	4	0.833	-966.222
7	5	0.833	-966.222
7	6	0.833	-966.222
7	7	0.833	-966.222
7	8	0.833	-966.222
7	9	0.833	-966.222
7	10	0.833	-966.222
7	11	0.833	-966.222
7	12	0.833	-966.222
7	13	0.833	-966.222
7	14	0.833	-966.222
7	15	0.833	-966.222
7	16	0.833	-966.222
7	17	0.833	-966.222
7	18	0.833	-966.222
7	19	0.833	-966.222
7	20	0.833	-966.222
7	21	0.833	-966.222
7	22	0.833	-966.222
7	23	0.833	-966.222
7	24	0.833	-966.222
7	25	0.833	-966.222
7	26	0.833	-966.222
7	27	0.833	-966.222
7	28	0.833	-966.222
7	29	0.833	-966.222
7	30	0.833	-966.222
7	31	0.833	-966.222
7	32	0.833	-966.222
7	33	0.833	-966.222
7	34	0.833	-966.222
7	35	0.833	-966.222
7	36	0.833	-966.222
7	37	0.833	-966.222
7	38	0.833	-966.222
7	39	0.833	-966.222
7	40	0.833	-966.222
7	41	0.833	-966.222
7	42	0.833	-966.222
7	43	0.833	-966.222
7	44	0.833	-966.222
7	45	0.833	-966.222
7	46	0.833	-966.222
7	47	0.833	-966.222
7	48	0.833	-966.222
7	49	0.833	-966.222
7	50	0.833	-966.222
7	51	0.833	-966.222
7	52	0.833	-966.222
7	53	0.833	-966.222
7	54	0.833	-966.222
7	55	0.833	-966.222
7	56	0.833	-966.222
7	57	0.833	-966.222
7	58	0.833	-966.222
7	59	0.833	-966.222
7	60	0.833	-966.222
7	61	0.833	-966.222
7	62	0.833	-966.222
7	63	0.833	-966.222
7	64	0.833	-966.222
7	65	0.833	-966.222
7	66	0.833	-966.222
7	67	0.833	-966.222
7	68	0.833	-966.222
7	69	0.833	-966.222
7	70	0.833	-966.222
### SDC2-X2
#
8	1	0.833	-966.645
8	2	0.833	-966.645
8	3	0.833	-966.645
8	4	0.833	-966.645
8	5	0.833	-966.645
8	6	0.833	-966.645
8	7	0.833	-966.645
8	8	0.833	-966.645
8	9	0.833	-966.645
8	10	0.833	-966.645
8	11	0.833	-966.645
8	12	0.833	-966.645
8	13	0.833	-966.645
8	14	0.833	-966.645
8	15	0.833	-966.645
8	16	0.833	-966.645
8	17	0.833	-966.645
8	18	0.833	-966.645
8	19	0.833	-966.645
8	20	0.833	-966.645
8	21	0.833	-966.645
8	22	0.833	-966.645
8	23	0.833	-966.645
8	24	0.833	-966.645
8	25	0.833	-966.645
8	26	0.833	-966.645
8	27	0.833	-966.645
8	28	0.833	-966.645
8	29	0.833	-966.645
8	30	0.833	-966.645
8	31	0.833	-966.645
8	32	0.833	-966.645
8	33	0.833	-966.645
8	34	0.833	-966.645
8	35	0.833	-966.645
8	36	0.833	-966.645
8	37	0.833	-966.645
8	38	0.833	-966.645
8	39	0.833	-966.645
8	40	0.833	-966.645
8	41	0.833	-966.645
8	42	0.833	-966.645
8	43	0.833	-966.645
8	44	0.833	-966.645
8	45	0.833	-966.645
8	46	0.833	-966.645
8	47	0.833	-966.645
8	48	0.833	-966.645
8	49	0.833	-966.645
8	50	0.833	-966.645
8	51	0.833	-966.645
8	52	0.833	-966.645
8	53	0.833	-966.645
8	54	0.833	-966.645
8	55	0.833	-966.645
8	56	0.833	-966.645
8	57	0.833	-966.645
8	58	0.833	-966.645
8	59	0.833	-966.645
8	60	0.833	-966.645
8	61	0.833	-966.645
8	62	0.833	-966.645
8	63	0.833	-966.645
8	64	0.833	-966.645
8	65	0.833	-966.645
8	66	0.833	-966.645
8	67	0.833	-966.645
8	68	0.833	-966.645
8	69	0.833	-966.645
8	70	0.833	-966.645
### SDC2-Y1
#
9	1	0.833	-964.616
9	2	0.833	-964.616
9	3	0.833	-964.616
9	4	0.833	-964.616
9	5	0.833	-964.616
9	6	0.833	-964.616
9	7	0.833	-964.616
9	8	0.833	-964.616
9	9	0.833	-964.616
9	10	0.833	-964.616
9	11	0.833	-964.616
9	12	0.833	-964.616
9	13	0.833	-964.616
9	14	0.833	-964.616
9	15	0.833	-964.616
9	16	0.833	-964.616
9	17	0.833	-964.616
9	18	0.833	-964.616
9	19	0.833	-964.616
9	20	0.833	-964.616
9	21	0.833	-964.616
9	22	0.833	-964.616
9	23	0.833	-964.616
9	24	0.833	-964.616
9	25	0.833	-964.616
9	26	0.833	-964.616
9	27	0.833	-964.616
9	28	0.833	-964.616
9	29	0.833	-964.616
9	30	0.833	-964.616
9	31	0.833	-964.616
9	32	0.833	-964.616
9	33	0.833	-964.616
9	34	0.833	-964.616
9	35	0.833	-964.616
9	36	0.833	-964.616
9	37	0.833	-964.616
9	38	0.833	-964.616
9	39	0.833	-964.616
9	40	0.833	-964.616
### SDC2-Y2
#
10	1	0.833	-962.043
10	2	0.833	-962.043
10	3	0.833	-962.043
10	4	0.833	-962.043
10	5	0.833	-962.043
10	6	0.833	-962.043
10	7	0.833	-962.043
10	8	0.833	-962.043
10	9	0.833	-962.043
10	10	0.833	-962.043
10	11	0.833	-962.043
10	12	0.833	-962.043
10	13	0.833	-962.043
10	14	0.833	-962.043
10	15	0.833	-962.043
10	16	0.833	-962.043
10	17	0.833	-962.043
10	18	0.833	-962.043
10	19	0.833	-962.043
10	20	0.833	-962.043
10	21	0.833	-962.043
10	22	0.833	-962.043
10	23	0.833	-962.043
10	24	0.833	-962.043
10	25	0.833	-962.043
10	26	0.833	-962.043
10	27	0.833	-962.043
10	28	0.833	-962.043
10	29	0.833	-962.043
10	30	0.833	-962.043
10	31	0.833	-962.043
10	32	0.833	-962.043
10	33	0.833	-962.043
10	34	0.833	-962.043
10	35	0.833	-962.043
10	36	0.833	-962.043
10	37	0.833	-962.043
10	38	0.833	-962.043
10	39	0.833	-962.043
10	40	0.833	-962.043
### SDC3-X1
#
31	1	0.833	-892.636
31	2	0.833	-892.636
31	3	0.833	-892.636
31	4	0.833	-892.636
31	5	0.833	-892.636
31	6	0.833	-892.636
31	7	0.833	-892.636
31	8	0.833	-892.636
31	9	0.833	-892.636
31	10	0.833	-892.636
31	11	0.833	-892.636
31	12	0.833	-892.636
31	13	0.833	-892.636
31	14	0.833	-892.636
31	15	0.833	-892.636
31	16	0.833	-892.636
31	17	0.833	-892.636
31	18	0.833	-892.636
31	19	0.833	-892.636
31	20	0.833	-892.636
31	21	0.833	-892.636
31	22	0.833	-892.636
31	23	0.833	-892.636
31	24	0.833	-892.636
31	25	0.833	-892.636
31	26	0.833	-892.636
31	27	0.833	-892.636
31	28	0.833	-892.636
31	29	0.833	-892.636
31	30	0.833	-892.636
31	31	0.833	-892.636
31	32	0.833	-892.636
31	33	0.833	-892.636
31	34	0.833	-892.636
31	35	0.833	-892.636
31	36	0.833	-892.636
31	37	0.833	-892.636
31	38	0.833	-892.636
31	39	0.833	-892.636
31	40	0.833	-892.636
31	41	0.833	-892.636
31	42	0.833	-892.636
31	43	0.833	-892.636
31	44	0.833	-892.636
31	45	0.833	-892.636
31	46	0.833	-892.636
31	47	0.833	-892.636
31	48	0.833	-892.636
31	49	0.833	-892.636
31	50	0.833	-892.636
31	51	0.833	-892.636
31	52	0.833	-892.636
31	53	0.833	-892.636
31	54	0.833	-892.636
31	55	0.833	-892.636
31	56	0.833	-892.636
31	57	0.833	-892.636
31	58	0.833	-892.636
31	59	0.833	-892.636
31	60	0.833	-892.636
31	61	0.833	-892.636
31	62	0.833	-892.636
31	63	0.833	-892.636
31	64	0.833	-892.636
31	65	0.833	-892.636
31	66	0.833	-892.636
31	67	0.833	-892.636
31	68	0.833	-892.636
31	69	0.833	-892.636
31	70	0.833	-892.636
31	71	0.833	-892.636
31	72	0.833	-892.636
31	73	0.833	-892.636
31	74	0.833	-892.636
31	75	0.833	-892.636
31	76	0.833	-892.636
31	77	0.833	-892.636
31	78	0.833	-892.636
31	79	0.833	-892.636
31	80	0.833	-892.636
31	81	0.833	-892.636
31	82	0.833	-892.636
31	83	0.833	-892.636
31	84	0.833	-892.636
31	85	0.833	-892.636
31	86	0.833	-892.636
31	87	0.833	-892.636
31	88	0.833	-892.636
31	89	0.833	-892.636
31	90	0.833	-892.636
31	91	0.833	-892.636
31	92	0.833	-892.636
31	93	0.833	-892.636
31	94	0.833	-892.636
31	95	0.833	-892.636
31	96	0.833	-892.636
31	97	0.833	-892.636
31	98	0.833	-892.636
31	99	0.833	-892.636
31	100	0.833	-892.636
31	101	0.833	-892.636
31	102	0.833	-892.636
31	103	0.833	-892.636
31	104	0.833	-892.636
31	105	0.833	-892.636
31	106	0.833	-892.636
31	107	0.833	-892.636
31	108	0.833	-892.636
31	109	0.833	-892.636
31	110	0.833	-892.636
31	111	0.833	-892.636
31	112	0.833	-892.636
31	113	0.833	-892.636
31	114	0.833	-892.636
31	115	0.833	-892.636
31	116	0.833	-892.636
31	117	0.833	-892.636
31	118	0.833	-892.636
31	119	0.833	-892.636
31	120	0.833	-892.636
31	121	0.833	-892.636
31	122	0.833	-892.636
31	123	0.833	-892.636
31	124	0.833	-892.636
31	125	0.833	-892.636
31	126	0.833	-892.636
31	127	0.833	-892.636
31	128	0.833	-892.636
### SDC3-X2
#
32	1	0.833	-888.9
32	2	0.833	-888.9
32	3	0.833	-888.9
32	4	0.833	-888.9
32	5	0.833	-888.9
32	6	0.833	-888.9
32	7	0.833	-888.9
32	8	0.833	-888.9
32	9	0.833	-888.9
32	10	0.833	-888.9
32	11	0.833	-888.9
32	12	0.833	-888.9
32	13	0.833	-888.9
32	14	0.833	-888.9
32	15	0.833	-888.9
32	16	0.833	-888.9
32	17	0.833	-888.9
32	18	0.833	-888.9
32	19	0.833	-888.9
32	20	0.833	-888.9
32	21	0.833	-888.9
32	22	0.833	-888.9
32	23	0.833	-888.9
32	24	0.833	-888.9
32	25	0.833	-888.9
32	26	0.833	-888.9
32	27	0.833	-888.9
32	28	0.833	-888.9
32	29	0.833	-888.9
32	30	0.833	-888.9
32	31	0.833	-888.9
32	32	0.833	-888.9
32	33	0.833	-888.9
32	34	0.833	-888.9
32	35	0.833	-888.9
32	36	0.833	-888.9
32	37	0.833	-888.9
32	38	0.833	-888.9
32	39	0.833	-888.9
32	40	0.833	-888.9
32	41	0.833	-888.9
32	42	0.833	-888.9
32	43	0.833	-888.9
32	44	0.833	-888.9
32	45	0.833	-888.9
32	46	0.833	-888.9
32	47	0.833	-888.9
32	48	0.833	-888.9
32	49	0.833	-888.9
32	50	0.833	-888.9
32	51	0.833	-888.9
32	52	0.833	-888.9
32	53	0.833	-888.9
32	54	0.833	-888.9
32	55	0.833	-888.9
32	56	0.833	-888.9
32	57	0.833	-888.9
32	58	0.833	-888.9
32	59	0.833	-888.9
32	60	0.833	-888.9
32	61	0.833	-888.9
32	62	0.833	-888.9
32	63	0.833	-888.9
32	64	0.833	-888.9
32	65	0.833	-888.9
32	66	0.833	-888.9
32	67	0.833	-888.9
32	68	0.833	-888.9
32	69	0.833	-888.9
32	70	0.833	-888.9
32	71	0.833	-888.9
32	72	0.833	-888.9
32	73	0.833	-888.9
32	74	0.833	-888.9
32	75	0.833	-888.9
32	76	0.833	-888.9
32	77	0.833	-888.9
32	78	0.833	-888.9
32	79	0.833	-888.9
32	80	0.833	-888.9
32	81	0.833	-888.9
32	82	0.833	-888.9
32	83	0.833	-888.9
32	84	0.833	-888.9
32	85	0.833	-888.9
32	86	0.833	-888.9
32	87	0.833	-888.9
32	88	0.833	-888.9
32	89	0.833	-888.9
32	90	0.833	-888.9
32	91	0.833	-888.9
32	92	0.833	-888.9
32	93	0.833	-888.9
32	94	0.833	-888.9
32	95	0.833	-888.9
32	96	0.833	-888.9
32	97	0.833	-888.9
32	98	0.833	-888.9
32	99	0.833	-888.9
32	100	0.833	-888.9
32	101	0.833	-888.9
32	102	0.833	-888.9
32	103	0.833	-888.9
32	104	0.833	-888.9
32	105	0.833	-888.9
32	106	0.833	-888.9
32	107	0.833	-888.9
32	108	0.833	-888.9
32	109	0.833	-888.9
32	110	0.833	-888.9
32	111	0.833	-888.9
32	112	0.833	-888.9
32	113	0.833	-888.9
32	114	0.833	-888.9
32	115	0.833	-888.9
32	116	0.833	-888.9
32	117	0.833	-888.9
32	118	0.833	-888.9
32	119	0.833	-888.9
32	120	0.833	-888.9
32	121	0.833	-888.9
32	122	0.833	-888.9
32	123	0.833	-888.9
32	124	0.833	-888.9
32	125	0.833	-888.9
32	126	0.833	-888.9
32	127	0.833	-888.9
32	128	0.833	-888.9
### SDC3-Y1
#
33	1	0.833	-889.01
33	2	0.833	-889.01
33	3	0.833	-889.01
33	4	0.833	-889.01
33	5	0.833	-889.01
33	6	0.833	-889.01
33	7	0.833	-889.01
33	8	0.833	-889.01
33	9	0.833	-889.01
33	10	0.833	-889.01
33	11	0.833	-889.01
33	12	0.833	-889.01
33	13	0.833	-889.01
33	14	0.833	-889.01
33	15	0.833	-889.01
33	16	0.833	-889.01
33	17	0.833	-889.01
33	18	0.833	-889.01
33	19	0.833	-889.01
33	20	0.833	-889.01
33	21	0.833	-889.01
33	22	0.833	-889.01
33	23	0.833	-889.01
33	24	0.833	-889.01
33	25	0.833	-889.01
33	26	0.833	-889.01
33	27	0.833	-889.01
33	28	0.833	-889.01
33	29	0.833	-889.01
33	30	0.833	-889.01
33	31	0.833	-889.01
33	32	0.833	-889.01
33	33	0.833	-889.01
33	34	0.833	-889.01
33	35	0.833	-889.01
33	36	0.833	-889.01
33	37	0.833	-889.01
33	38	0.833	-889.01
33	39	0.833	-889.01
33	40	0.833	-889.01
33	41	0.833	-889.01
33	42	0.833	-889.01
33	43	0.833	-889.01
33	44	0.833	-889.01
33	45	0.833	-889.01
33	46	0.833	-889.01
33	47	0.833	-889.01
33	48	0.833	-889.01
33	49	0.833	-889.01
33	50	0.833	-889.01
33	51	0.833	-889.01
33	52	0.833	-889.01
33	53	0.833	-889.01
33	54	0.833	-889.01
33	55	0.833	-889.01
33	56	0.833	-889.01
33	57	0.833	-889.01
33	58	0.833	-889.01
33	59	0.833	-889.01
33	60	0.833	-889.01
33	61	0.833	-889.01
33	62	0.833	-889.01
33	63	0.833	-889.01
33	64	0.833	-889.01
33	65	0.833	-889.01
33	66	0.833	-889.01
33	67	0.833	-889.01
33	68	0.833	-889.01
33	69	0.833	-889.01
33	70	0.833	-889.01
33	71	0.833	-889.01
33	72	0.833	-889.01
33	73	0.833	-889.01
33	74	0.833	-889.01
33	75	0.833	-889.01
33	76	0.833	-889.01
33	77	0.833	-889.01
33	78	0.833	-889.01
33	79	0.833	-889.01
33	80	0.833	-889.01
33	81	0.833	-889.01
33	82	0.833	-889.01
33	83	0.833	-889.01
33	84	0.833	-889.01
33	85	0.833	-889.01
33	86	0.833	-889.01
33	87	0.833	-889.01
33	88	0.833	-889.01
33	89	0.833	-889.01
33	90	0.833	-889.01
33	91	0.833	-889.01
33	92	0.833	-889.01
33	93	0.833	-889.01
33	94	0.833	-889.01
33	95	0.833	-889.01
33	96	0.833	-889.01
33	97	0.833	-889.01
33	98	0.833	-889.01
33	99	0.833	-889.01
33	100	0.833	-889.01
33	101	0.833	-889.01
33	102	0.833	-889.01
33	103	0.833	-889.01
33	104	0.833	-889.01
33	105	0.833	-889.01
33	106	0.833	-889.01
33	107	0.833	-889.01
33	108	0.833	-889.01
33	109	0.833	-889.01
33	110	0.833	-889.01
33	111	0.833	-889.01
33	112	0.833	-889.01
33	113	0.833	-889.01
33	114	0.833	-889.01
33	115	0.833	-889.01
33	116	0.833	-889.01
33	117	0.833	-889.01
33	118	0.833	-889.01
33	119	0.833	-889.01
33	120	0.833	-889.01
33	121	0.833	-889.01
33	122	0.833	-889.01
33	123	0.833	-889.01
33	124	0.833	-889.01
33	125	0.833	-889.01
33	126	0.833	-889.01
33	127	0.833	-889.01
33	128	0.833	-889.01
### SDC3-Y2
#
34	1	0.833	-889.142
34	2	0.833	-889.142
34	3	0.833	-889.142
34	4	0.833	-889.142
34	5	0.833	-889.142
34	6	0.833	-889.142
34	7	0.833	-889.142
34	8	0.833	-889.142
34	9	0.833	-889.142
34	10	0.833	-889.142
34	11	0.833	-889.142
34	12	0.833	-889.142
34	13	0.833	-889.142
34	14	0.833	-889.142
34	15	0.833	-889.142
34	16	0.833	-889.142
34	17	0.833	-889.142
34	18	0.833	-889.142
34	19	0.833	-889.142
34	20	0.833	-889.142
34	21	0.833	-889.142
34	22	0.833	-889.142
34	23	0.833	-889.142
34	24	0.833	-889.142
34	25	0.833	-889.142
34	26	0.833	-889.142
34	27	0.833	-889.142
34	28	0.833	-889.142
34	29	0.833	-889.142
34	30	0.833	-889.142
34	31	0.833	-889.142
34	32	0.833	-889.142
34	33	0.833	-889.142
34	34	0.833	-889.142
34	35	0.833	-889.142
34	36	0.833	-889.142
34	37	0.833	-889.142
34	38	0.833	-889.142
34	39	0.833	-889.142
34	40	0.833	-889.142
34	41	0.833	-889.142
34	42	0.833	-889.142
34	43	0.833	-889.142
34	44	0.833	-889.142
34	45	0.833	-889.142
34	46	0.833	-889.142
34	47	0.833	-889.142
34	48	0.833	-889.142
34	49	0.833	-889.142
34	50	0.833	-889.142
34	51	0.833	-889.142
34	52	0.833	-889.142
34	53	0.833	-889.142
34	54	0.833	-889.142
34	55	0.833	-889.142
34	56	0.833	-889.142
34	57	0.833	-889.142
34	58	0.833	-889.142
34	59	0.833	-889.142
34	60	0.833	-889.142
34	61	0.833	-889.142
34	62	0.833	-889.142
34	63	0.833	-889.142
34	64	0.833	-889.142
34	65	0.833	-889.142
34	66	0.833	-889.142
34	67	0.833	-889.142
34	68	0.833	-889.142
34	69	0.833	-889.142
34	70	0.833	-889.142
34	71	0.833	-889.142
34	72	0.833	-889.142
34	73	0.833	-889.142
34	74	0.833	-889.142
34	75	0.833	-889.142
34	76	0.833	-889.142
34	77	0.833	-889.142
34	78	0.833	-889.142
34	79	0.833	-889.142
34	80	0.833	-889.142
34	81	0.833	-889.142
34	82	0.833	-889.142
34	83	0.833	-889.142
34	84	0.833	-889.142
34	85	0.833	-889.142
34	86	0.833	-889.142
34	87	0.833	-889.142
34	88	0.833	-889.142
34	89	0.833	-889.142
34	90	0.833	-889.142
34	91	0.833	-889.142
34	92	0.833	-889.142
34	93	0.833	-889.142
34	94	0.833	-889.142
34	95	0.833	-889.142
34	96	0.833	-889.142
34	97	0.833	-889.142
34	98	0.833	-889.142
34	99	0.833	-889.142
34	100	0.833	-889.142
34	101	0.833	-889.142
34	102	0.833	-889.142
34	103	0.833	-889.142
34	104	0.833	-889.142
34	105	0.833	-889.142
34	106	0.833	-889.142
34	107	0.833	-889.142
34	108	0.833	-889.142
34	109	0.833	-889.142
34	110	0.833	-889.142
34	111	0.833	-889.142
34	112	0.833	-889.142
34	113	0.833	-889.142
34	114	0.833	-889.142
34	115	0.833	-889.142
34	116	0.833	-889.142
34	117	0.833	-889.142
34	118	0.833	-889.142
34	119	0.833	-889.142
34	120	0.833	-889.142
34	121	0.833	-889.142
34	122	0.833	-889.142
34	123	0.833	-889.142
34	124	0.833	-889.142
34	125	0.833	-889.142
34	126	0.833	-889.142
34	127	0.833	-889.142
34	128	0.833	-889.142
### SDC4-Y1
#
35	1	0.833	-882.126
35	2	0.833	-882.126
35	3	0.833	-882.126
35	4	0.833	-882.126
35	5	0.833	-882.126
35	6	0.833	-882.126
35	7	0.833	-882.126
35	8	0.833	-882.126
35	9	0.833	-882.126
35	10	0.833	-882.126
35	11	0.833	-882.126
35	12	0.833	-882.126
35	13	0.833	-882.126
35	14	0.833	-882.126
35	15	0.833	-882.126
35	16	0.833	-882.126
35	17	0.833	-882.126
35	18	0.833	-882.126
35	19	0.833	-882.126
35	20	0.833	-882.126
35	21	0.833	-882.126
35	22	0.833	-882.126
35	23	0.833	-882.126
35	24	0.833	-882.126
35	25	0.833	-882.126
35	26	0.833	-882.126
35	27	0.833	-882.126
35	28	0.833	-882.126
35	29	0.833	-882.126
35	30	0.833	-882.126
35	31	0.833	-882.126
35	32	0.833	-882.126
35	33	0.833	-882.126
35	34	0.833	-882.126
35	35	0.833	-882.126
35	36	0.833	-882.126
35	37	0.833	-882.126
35	38	0.833	-882.126
35	39	0.833	-882.126
35	40	0.833	-882.126
35	41	0.833	-882.126
35	42	0.833	-882.126
35	43	0.833	-882.126
35	44	0.833	-882.126
35	45	0.833	-882.126
35	46	0.833	-882.126
35	47	0.833	-882.126
35	48	0.833	-882.126
35	49	0.833	-882.126
35	50	0.833	-882.126
35	51	0.833	-882.126
35	52	0.833	-882.126
35	53	0.833	-882.126
35	54	0.833	-882.126
35	55	0.833	-882.126
35	56	0.833	-882.126
35	57	0.833	-882.126
35	58	0.833	-882.126
35	59	0.833	-882.126
35	60	0.833	-882.126
35	61	0.833	-882.126
35	62	0.833	-882.126
35	63	0.833	-882.126
35	64	0.833	-882.126
## SDC4-Y2
#
36	1	0.833	-882.214
36	2	0.833	-882.214
36	3	0.833	-882.214
36	4	0.833	-882.214
36	5	0.833	-882.214
36	6	0.833	-882.214
36	7	0.833	-882.214
36	8	0.833	-882.214
36	9	0.833	-882.214
36	10	0.833	-882.214
36	11	0.833	-882.214
36	12	0.833	-882.214
36	13	0.833	-882.214
36	14	0.833	-882.214
36	15	0.833	-882.214
36	16	0.833	-882.214
36	17	0.833	-882.214
36	18	0.833	-882.214
36	19	0.833	-882.214
36	20	0.833	-882.214
36	21	0.833	-882.214
36	22	0.833	-882.214
36	23	0.833	-882.214
36	24	0.833	-882.214
36	25	0.833	-882.214
36	26	0.833	-882.214
36	27	0.833	-882.214
36	28	0.833	-882.214
36	29	0.833	-882.214
36	30	0.833	-882.214
36	31	0.833	-882.214
36	32	0.833	-882.214
36	33	0.833	-882.214
36	34	0.833	-882.214
36	35	0.833	-882.214
36	36	0.833	-882.214
36	37	0.833	-882.214
36	38	0.833	-882.214
36	39	0.833	-882.214
36	40	0.833	-882.214
36	41	0.833	-882.214
36	42	0.833	-882.214
36	43	0.833	-882.214
36	44	0.833	-882.214
36	45	0.833	-882.214
36	46	0.833	-882.214
36	47	0.833	-882.214
36	48	0.833	-882.214
36	49	0.833	-882.214
36	50	0.833	-882.214
36	51	0.833	-882.214
36	52	0.833	-882.214
36	53	0.833	-882.214
36	54	0.833	-882.214
36	55	0.833	-882.214
36	56	0.833	-882.214
36	57	0.833	-882.214
36	58	0.833	-882.214
36	59	0.833	-882.214
36	60	0.833	-882.214
36	61	0.833	-882.214
36	62	0.833	-882.214
36	63	0.833	-882.214
36	64	0.833	-882.214
### SDC4-X1
#
37	1	0.833	-884.73
37	2	0.833	-884.73
37	3	0.833	-884.73
37	4	0.833	-884.73
37	5	0.833	-884.73
37	6	0.833	-884.73
37	7	0.833	-884.73
37	8	0.833	-884.73
37	9	0.833	-884.73
37	10	0.833	-884.73
37	11	0.833	-884.73
37	12	0.833	-884.73
37	13	0.833	-884.73
37	14	0.833	-884.73
37	15	0.833	-884.73
37	16	0.833	-884.73
37	17	0.833	-884.73
37	18	0.833	-884.73
37	19	0.833	-884.73
37	20	0.833	-884.73
37	21	0.833	-884.73
37	22	0.833	-884.73
37	23	0.833	-884.73
37	24	0.833	-884.73
37	25	0.833	-884.73
37	26	0.833	-884.73
37	27	0.833	-884.73
37	28	0.833	-884.73
37	29	0.833	-884.73
37	30	0.833	-884.73
37	31	0.833	-884.73
37	32	0.833	-884.73
37	33	0.833	-884.73
37	34	0.833	-884.73
37	35	0.833	-884.73
37	36	0.833	-884.73
37	37	0.833	-884.73
37	38	0.833	-884.73
37	39	0.833	-884.73
37	40	0.833	-884.73
37	41	0.833	-884.73
37	42	0.833	-884.73
37	43	0.833	-884.73
37	44	0.833	-884.73
37	45	0.833	-884.73
37	46	0.833	-884.73
37	47	0.833	-884.73
37	48	0.833	-884.73
37	49	0.833	-884.73
37	50	0.833	-884.73
37	51	0.833	-884.73
37	52	0.833	-884.73
37	53	0.833	-884.73
37	54	0.833	-884.73
37	55	0.833	-884.73
37	56	0.833	-884.73
37	57	0.833	-884.73
37	58	0.833	-884.73
37	59	0.833	-884.73
37	60	0.833	-884.73
37	61	0.833	-884.73
37	62	0.833	-884.73
37	63	0.833	-884.73
37	64	0.833	-884.73
37	65	0.833	-884.73
37	66	0.833	-884.73
37	67	0.833	-884.73
37	68	0.833	-884.73
37	69	0.833	-884.73
37	70	0.833	-884.73
37	71	0.833	-884.73
37	72	0.833	-884.73
37	73	0.833	-884.73
37	74	0.833	-884.73
37	75	0.833	-884.73
37	76	0.833	-884.73
37	77	0.833	-884.73
37	78	0.833	-884.73
37	79	0.833	-884.73
37	80	0.833	-884.73
37	81	0.833	-884.73
37	82	0.833	-884.73
37	83	0.833	-884.73
37	84	0.833	-884.73
37	85	0.833	-884.73
37	86	0.833	-884.73
37	87	0.833	-884.73
37	88	0.833	-884.73
37	89	0.833	-884.73
37	90	0.833	-884.73
37	91	0.833	-884.73
37	92	0.833	-884.73
37	93	0.833	-884.73
37	94	0.833	-884.73
37	95	0.833	-884.73
37	96	0.833	-884.73
### SDC4-X2
#
38	1	0.833	-885.494
38	2	0.833	-885.494
38	3	0.833	-885.494
38	4	0.833	-885.494
38	5	0.833	-885.494
38	6	0.833	-885.494
38	7	0.833	-885.494
38	8	0.833	-885.494
38	9	0.833	-885.494
38	10	0.833	-885.494
38	11	0.833	-885.494
38	12	0.833	-885.494
38	13	0.833	-885.494
38	14	0.833	-885.494
38	15	0.833	-885.494
38	16	0.833	-885.494
38	17	0.833	-885.494
38	18	0.833	-885.494
38	19	0.833	-885.494
38	20	0.833	-885.494
38	21	0.833	-885.494
38	22	0.833	-885.494
38	23	0.833	-885.494
38	24	0.833	-885.494
38	25	0.833	-885.494
38	26	0.833	-885.494
38	27	0.833	-885.494
38	28	0.833	-885.494
38	29	0.833	-885.494
38	30	0.833	-885.494
38	31	0.833	-885.494
38	32	0.833	-885.494
38	33	0.833	-885.494
38	34	0.833	-885.494
38	35	0.833	-885.494
38	36	0.833	-885.494
38	37	0.833	-885.494
38	38	0.833	-885.494
38	39	0.833	-885.494
38	40	0.833	-885.494
38	41	0.833	-885.494
38	42	0.833	-885.494
38	43	0.833	-885.494
38	44	0.833	-885.494
38	45	0.833	-885.494
38	46	0.833	-885.494
38	47	0.833	-885.494
38	48	0.833	-885.494
38	49	0.833	-885.494
38	50	0.833	-885.494
38	51	0.833	-885.494
38	52	0.833	-885.494
38	53	0.833	-885.494
38	54	0.833	-885.494
38	55	0.833	-885.494
38	56	0.833	-885.494
38	57	0.833	-885.494
38	58	0.833	-885.494
38	59	0.833	-885.494
38	60	0.833	-885.494
38	61	0.833	-885.494
38	62	0.833	-885.494
38	63	0.833	-885.494
38	64	0.833	-885.494
38	65	0.833	-885.494
38	66	0.833	-885.494
38	67	0.833	-885.494
38	68	0.833	-885.494
38	69	0.833	-885.494
38	70	0.833	-885.494
38	71	0.833	-885.494
38	72	0.833	-885.494
38	73	0.833	-885.494
38	74	0.833	-885.494
38	75	0.833	-885.494
38	76	0.833	-885.494
38	77	0.833	-885.494
38	78	0.833	-885.494
38	79	0.833	-885.494
38	80	0.833	-885.494
38	81	0.833	-885.494
38	82	0.833	-885.494
38	83	0.833	-885.494
38	84	0.833	-885.494
38	85	0.833	-885.494
38	86	0.833	-885.494
38	87	0.833	-885.494
38	88	0.833	-885.494
38	89	0.833	-885.494
38	90	0.833	-885.494
38	91	0.833	-885.494
38	92	0.833	-885.494
38	93	0.833	-885.494
38	94	0.833	-885.494
38	95	0.833	-885.494
38	96	0.833	-885.494
