##
#  file: DCTdcCalib_0
#  date: 2017.01.18
#  note: first version
#
#
#######################################################################
# Id	WireId	p1	p0
#
### BC3-X1
113	1	0.833	-867.970
113	2	0.833	-867.970
113	3	0.833	-867.970
113	4	0.833	-867.970
113	5	0.833	-867.970
113	6	0.833	-867.970
113	7	0.833	-867.970
113	8	0.833	-867.970
113	9	0.833	-867.970
113	10	0.833	-867.970
113	11	0.833	-867.970
113	12	0.833	-867.970
113	13	0.833	-867.970
113	14	0.833	-867.970
113	15	0.833	-867.970
113	16	0.833	-867.970
113	17	0.833	-867.970
113	18	0.833	-867.970
113	19	0.833	-867.970
113	20	0.833	-867.970
113	21	0.833	-867.970
113	22	0.833	-871.486
113	23	0.833	-868.860
113	24	0.833	-868.137
113	25	0.833	-866.574
113	26	0.833	-868.118
113	27	0.833	-867.359
113	28	0.833	-867.453
113	29	0.833	-866.313
113	30	0.833	-868.203
113	31	0.833	-865.970
113	32	0.833	-867.165
113	33	0.833	-869.374
113	34	0.833	-869.245
113	35	0.833	-868.785
113	36	0.833	-869.065
113	37	0.833	-868.090
113	38	0.833	-868.599
113	39	0.833	-868.093
113	40	0.833	-868.457
113	41	0.833	-867.808
113	42	0.833	-868.967
113	43	0.833	-867.448
113	44	0.833	-868.706
113	45	0.833	-868.078
113	46	0.833	-866.854
113	47	0.833	-868.465
113	48	0.833	-866.697
113	49	0.833	-866.073
113	50	0.833	-866.411
113	51	0.833	-865.359
113	52	0.833	-866.862
113	53	0.833	-864.237
113	54	0.833	-865.820
113	55	0.833	-867.970
113	56	0.833	-867.970
113	57	0.833	-867.970
113	58	0.833	-867.970
113	59	0.833	-867.970
113	60	0.833	-867.970
113	61	0.833	-867.970
113	62	0.833	-867.970
113	63	0.833	-867.970
113	64	0.833	-867.970
#
### BC3-X2
#
114	1	0.833	-864.767
114	2	0.833	-864.767
114	3	0.833	-864.767
114	4	0.833	-864.767
114	5	0.833	-864.767
114	6	0.833	-864.767
114	7	0.833	-864.767
114	8	0.833	-864.767
114	9	0.833	-864.767
114	10	0.833	-864.767
114	11	0.833	-864.767
114	12	0.833	-864.767
114	13	0.833	-864.767
114	14	0.833	-864.767
114	15	0.833	-864.767
114	16	0.833	-864.767
114	17	0.833	-864.767
114	18	0.833	-864.767
114	19	0.833	-864.767
114	20	0.833	-864.767
114	21	0.833	-864.767
114	22	0.833	-868.630
114	23	0.833	-864.767
114	24	0.833	-865.554
114	25	0.833	-863.704
114	26	0.833	-863.577
114	27	0.833	-864.924
114	28	0.833	-864.637
114	29	0.833	-864.291
114	30	0.833	-863.446
114	31	0.833	-863.976
114	32	0.833	-863.292
114	33	0.833	-865.964
114	34	0.833	-864.839
114	35	0.833	-866.465
114	36	0.833	-865.502
114	37	0.833	-866.580
114	38	0.833	-865.752
114	39	0.833	-865.818
114	40	0.833	-866.423
114	41	0.833	-865.133
114	42	0.833	-865.150
114	43	0.833	-867.578
114	44	0.833	-866.643
114	45	0.833	-866.316
114	46	0.833	-865.830
114	47	0.833	-864.387
114	48	0.833	-864.487
114	49	0.833	-867.422
114	50	0.833	-866.544
114	51	0.833	-862.489
114	52	0.833	-866.667
114	53	0.833	-860.884
114	54	0.833	-864.767
114	55	0.833	-864.767
114	56	0.833	-864.767
114	57	0.833	-864.767
114	58	0.833	-864.767
114	59	0.833	-864.767
114	60	0.833	-864.767
114	61	0.833	-864.767
114	62	0.833	-864.767
114	63	0.833	-864.767
114	64	0.833	-864.767
### BC3-U1
#
115	1	0.833	-865.255
115	2	0.833	-867.676
115	3	0.833	-865.255
115	4	0.833	-865.255
115	5	0.833	-869.663
115	6	0.833	-869.511
115	7	0.833	-865.255
115	8	0.833	-865.255
115	9	0.833	-865.255
115	10	0.833	-865.255
115	11	0.833	-865.255
115	12	0.833	-865.255
115	13	0.833	-865.255
115	14	0.833	-866.600
115	15	0.833	-865.255
115	16	0.833	-865.255
115	17	0.833	-865.255
115	18	0.833	-865.255
115	19	0.833	-865.255
115	20	0.833	-865.255
115	21	0.833	-865.255
115	22	0.833	-865.255
115	23	0.833	-863.320
115	24	0.833	-866.045
115	25	0.833	-865.690
115	26	0.833	-864.802
115	27	0.833	-864.060
115	28	0.833	-863.400
115	29	0.833	-863.422
115	30	0.833	-863.975
115	31	0.833	-862.638
115	32	0.833	-863.288
115	33	0.833	-867.341
115	34	0.833	-867.710
115	35	0.833	-867.942
115	36	0.833	-867.620
115	37	0.833	-867.256
115	38	0.833	-866.472
115	39	0.833	-867.401
115	40	0.833	-866.605
115	41	0.833	-866.977
115	42	0.833	-869.325
115	43	0.833	-868.245
115	44	0.833	-867.371
115	45	0.833	-866.943
115	46	0.833	-866.934
115	47	0.833	-866.721
115	48	0.833	-866.725
115	49	0.833	-867.015
115	50	0.833	-865.839
115	51	0.833	-861.112
115	52	0.833	-866.333
115	53	0.833	-863.593
115	54	0.833	-865.255
115	55	0.833	-865.255
115	56	0.833	-865.255
115	57	0.833	-865.255
115	58	0.833	-865.255
115	59	0.833	-865.255
115	60	0.833	-865.255
115	61	0.833	-865.255
115	62	0.833	-865.255
115	63	0.833	-865.255
115	64	0.833	-865.255
### BC3-U2
#
116	1	0.833	-863.557
116	2	0.833	-863.557
116	3	0.833	-863.557
116	4	0.833	-863.557
116	5	0.833	-863.557
116	6	0.833	-863.557
116	7	0.833	-863.557
116	8	0.833	-863.557
116	9	0.833	-863.557
116	10	0.833	-863.557
116	11	0.833	-863.557
116	12	0.833	-863.557
116	13	0.833	-863.557
116	14	0.833	-863.557
116	15	0.833	-863.557
116	16	0.833	-863.557
116	17	0.833	-863.557
116	18	0.833	-863.557
116	19	0.833	-863.557
116	20	0.833	-863.557
116	21	0.833	-863.557
116	22	0.833	-863.557
116	23	0.833	-863.188
116	24	0.833	-863.146
116	25	0.833	-862.726
116	26	0.833	-863.328
116	27	0.833	-862.712
116	28	0.833	-863.491
116	29	0.833	-862.653
116	30	0.833	-861.607
116	31	0.833	-862.893
116	32	0.833	-862.620
116	33	0.833	-864.830
116	34	0.833	-863.975
116	35	0.833	-866.085
116	36	0.833	-865.013
116	37	0.833	-864.913
116	38	0.833	-865.146
116	39	0.833	-865.734
116	40	0.833	-864.926
116	41	0.833	-865.045
116	42	0.833	-864.126
116	43	0.833	-862.724
116	44	0.833	-866.687
116	45	0.833	-863.883
116	46	0.833	-862.432
116	47	0.833	-866.658
116	48	0.833	-863.144
116	49	0.833	-862.937
116	50	0.833	-866.573
116	51	0.833	-863.736
116	52	0.833	-865.690
116	53	0.833	-863.557
116	54	0.833	-863.557
116	55	0.833	-863.557
116	56	0.833	-863.557
116	57	0.833	-863.557
116	58	0.833	-863.557
116	59	0.833	-863.557
116	60	0.833	-863.557
116	61	0.833	-863.557
116	62	0.833	-863.557
116	63	0.833	-863.557
116	64	0.833	-863.557
### BC3-V1
#
117	1	0.833	-867.500
117	2	0.833	-867.503
117	3	0.833	-867.503
117	4	0.833	-867.503
117	5	0.833	-867.503
117	6	0.833	-867.503
117	7	0.833	-867.503
117	8	0.833	-867.503
117	9	0.833	-867.503
117	10	0.833	-867.503
117	11	0.833	-867.503
117	12	0.833	-867.503
117	13	0.833	-867.503
117	14	0.833	-867.503
117	15	0.833	-867.503
117	16	0.833	-867.503
117	17	0.833	-867.503
117	18	0.833	-867.503
117	19	0.833	-867.503
117	20	0.833	-867.503
117	21	0.833	-867.503
117	22	0.833	-867.503
117	23	0.833	-867.503
117	24	0.833	-865.933
117	25	0.833	-865.728
117	26	0.833	-866.895
117	27	0.833	-865.798
117	28	0.833	-866.647
117	29	0.833	-865.414
117	30	0.833	-866.812
117	31	0.833	-865.078
117	32	0.833	-866.294
117	33	0.833	-868.792
117	34	0.833	-868.829
117	35	0.833	-869.638
117	36	0.833	-868.930
117	37	0.833	-869.437
117	38	0.833	-869.526
117	39	0.833	-868.823
117	40	0.833	-868.781
117	41	0.833	-869.680
117	42	0.833	-869.896
117	43	0.833	-870.589
117	44	0.833	-868.884
117	45	0.833	-869.418
117	46	0.833	-869.461
117	47	0.833	-868.198
117	48	0.833	-867.853
117	49	0.833	-869.000
117	50	0.833	-868.058
117	51	0.833	-868.800
117	52	0.833	-865.647
117	53	0.833	-867.503
117	54	0.833	-867.503
117	55	0.833	-867.503
117	56	0.833	-867.503
117	57	0.833	-867.503
117	58	0.833	-867.503
117	59	0.833	-867.503
117	60	0.833	-867.503
117	61	0.833	-867.503
117	62	0.833	-867.503
117	63	0.833	-867.503
117	64	0.833	-867.503
### BC3-V2
#
118	1	0.833	-861.926
118	2	0.833	-861.926
118	3	0.833	-861.926
118	4	0.833	-861.926
118	5	0.833	-861.926
118	6	0.833	-861.926
118	7	0.833	-861.926
118	8	0.833	-861.926
118	9	0.833	-861.926
118	10	0.833	-861.926
118	11	0.833	-861.926
118	12	0.833	-861.926
118	13	0.833	-861.926
118	14	0.833	-861.926
118	15	0.833	-861.926
118	16	0.833	-861.926
118	17	0.833	-861.926
118	18	0.833	-861.926
118	19	0.833	-861.926
118	20	0.833	-861.926
118	21	0.833	-861.926
118	22	0.833	-861.926
118	23	0.833	-861.926
118	24	0.833	-861.926
118	25	0.833	-861.548
118	26	0.833	-861.656
118	27	0.833	-860.569
118	28	0.833	-860.934
118	29	0.833	-859.110
118	30	0.833	-859.783
118	31	0.833	-860.308
118	32	0.833	-860.729
118	33	0.833	-862.922
118	34	0.833	-862.755
118	35	0.833	-863.429
118	36	0.833	-862.856
118	37	0.833	-863.647
118	38	0.833	-863.637
118	39	0.833	-863.269
118	40	0.833	-863.031
118	41	0.833	-861.556
118	42	0.833	-863.747
118	43	0.833	-864.194
118	44	0.833	-864.025
118	45	0.833	-864.042
118	46	0.833	-864.474
118	47	0.833	-860.140
118	48	0.833	-863.108
118	49	0.833	-864.407
118	50	0.833	-864.680
118	51	0.833	-862.112
118	52	0.833	-863.045
118	53	0.833	-862.382
118	54	0.833	-861.126
118	55	0.833	-861.926
118	56	0.833	-861.926
118	57	0.833	-861.926
118	58	0.833	-861.926
118	59	0.833	-861.926
118	60	0.833	-861.926
118	61	0.833	-861.926
118	62	0.833	-861.926
118	63	0.833	-861.926
118	64	0.833	-861.926
### BC4-U1
#
119	1	0.833	-865.173
119	2	0.833	-865.173
119	3	0.833	-865.173
119	4	0.833	-865.173
119	5	0.833	-865.173
119	6	0.833	-865.173
119	7	0.833	-865.173
119	8	0.833	-865.173
119	9	0.833	-865.173
119	10	0.833	-865.173
119	11	0.833	-865.173
119	12	0.833	-865.173
119	13	0.833	-865.173
119	14	0.833	-865.173
119	15	0.833	-865.173
119	16	0.833	-865.173
119	17	0.833	-865.173
119	18	0.833	-865.173
119	19	0.833	-865.173
119	20	0.833	-865.173
119	21	0.833	-865.173
119	22	0.833	-865.173
119	23	0.833	-865.173
119	24	0.833	-865.173
119	25	0.833	-865.208
119	26	0.833	-867.702
119	27	0.833	-866.930
119	28	0.833	-866.717
119	29	0.833	-865.530
119	30	0.833	-865.380
119	31	0.833	-865.080
119	32	0.833	-865.087
119	33	0.833	-865.236
119	34	0.833	-864.414
119	35	0.833	-864.955
119	36	0.833	-865.125
119	37	0.833	-865.130
119	38	0.833	-864.750
119	39	0.833	-866.173
119	40	0.833	-864.605
119	41	0.833	-866.130
119	42	0.833	-865.657
119	43	0.833	-864.836
119	44	0.833	-865.174
119	45	0.833	-865.759
119	46	0.833	-864.865
119	47	0.833	-865.536
119	48	0.833	-863.348
119	49	0.833	-865.019
119	50	0.833	-864.112
119	51	0.833	-863.639
119	52	0.833	-865.173
119	53	0.833	-865.173
119	54	0.833	-865.173
119	55	0.833	-865.173
119	56	0.833	-865.173
119	57	0.833	-865.173
119	58	0.833	-865.173
119	59	0.833	-865.173
119	60	0.833	-865.173
119	61	0.833	-865.173
119	62	0.833	-865.173
119	63	0.833	-865.173
119	64	0.833	-865.173
### BC4-U2
#
120	1	0.833	-862.121
120	2	0.833	-862.121
120	3	0.833	-862.121
120	4	0.833	-862.121
120	5	0.833	-862.121
120	6	0.833	-862.121
120	7	0.833	-862.121
120	8	0.833	-862.121
120	9	0.833	-862.121
120	10	0.833	-862.121
120	11	0.833	-862.121
120	12	0.833	-862.121
120	13	0.833	-862.121
120	14	0.833	-862.121
120	15	0.833	-862.121
120	16	0.833	-862.121
120	17	0.833	-862.121
120	18	0.833	-862.121
120	19	0.833	-862.121
120	20	0.833	-862.121
120	21	0.833	-862.121
120	22	0.833	-862.121
120	23	0.833	-862.121
120	24	0.833	-862.121
120	25	0.833	-862.121
120	26	0.833	-864.225
120	27	0.833	-861.146
120	28	0.833	-862.403
120	29	0.833	-860.002
120	30	0.833	-860.822
120	31	0.833	-860.132
120	32	0.833	-860.876
120	33	0.833	-863.102
120	34	0.833	-861.446
120	35	0.833	-863.639
120	36	0.833	-862.363
120	37	0.833	-863.316
120	38	0.833	-862.945
120	39	0.833	-863.091
120	40	0.833	-863.295
120	41	0.833	-862.196
120	42	0.833	-863.159
120	43	0.833	-863.733
120	44	0.833	-863.481
120	45	0.833	-863.685
120	46	0.833	-865.226
120	47	0.833	-863.472
120	48	0.833	-864.225
120	49	0.833	-862.571
120	50	0.833	-862.384
120	51	0.833	-862.150
120	52	0.833	-858.264
120	53	0.833	-862.121
120	54	0.833	-862.121
120	55	0.833	-862.121
120	56	0.833	-862.121
120	57	0.833	-862.121
120	58	0.833	-862.121
120	59	0.833	-862.121
120	60	0.833	-862.121
120	61	0.833	-862.121
120	62	0.833	-862.121
120	63	0.833	-862.121
120	64	0.833	-862.121
### BC4-V1
#
121	1	0.833	-863.105
121	2	0.833	-863.105
121	3	0.833	-863.105
121	4	0.833	-863.105
121	5	0.833	-863.105
121	6	0.833	-863.105
121	7	0.833	-863.105
121	8	0.833	-863.105
121	9	0.833	-863.105
121	10	0.833	-863.105
121	11	0.833	-863.105
121	12	0.833	-863.105
121	13	0.833	-863.105
121	14	0.833	-863.105
121	15	0.833	-863.105
121	16	0.833	-863.105
121	17	0.833	-863.105
121	18	0.833	-863.105
121	19	0.833	-863.105
121	20	0.833	-863.105
121	21	0.833	-863.105
121	22	0.833	-863.105
121	23	0.833	-858.769
121	24	0.833	-863.105
121	25	0.833	-864.968
121	26	0.833	-864.475
121	27	0.833	-862.601
121	28	0.833	-863.572
121	29	0.833	-862.124
121	30	0.833	-863.408
121	31	0.833	-862.467
121	32	0.833	-862.888
121	33	0.833	-862.549
121	34	0.833	-862.807
121	35	0.833	-863.883
121	36	0.833	-864.179
121	37	0.833	-863.922
121	38	0.833	-863.096
121	39	0.833	-863.714
121	40	0.833	-863.105
121	41	0.833	-864.704
121	42	0.833	-863.606
121	43	0.833	-863.455
121	44	0.833	-864.657
121	45	0.833	-865.288
121	46	0.833	-865.251
121	47	0.833	-864.903
121	48	0.833	-860.473
121	49	0.833	-861.847
121	50	0.833	-863.891
121	51	0.833	-862.213
121	52	0.833	-862.382
121	53	0.833	-863.105
121	54	0.833	-863.105
121	55	0.833	-863.105
121	56	0.833	-863.105
121	57	0.833	-863.105
121	58	0.833	-863.105
121	59	0.833	-863.105
121	60	0.833	-863.105
121	61	0.833	-863.105
121	62	0.833	-863.105
121	63	0.833	-863.105
121	64	0.833	-863.105
### BC4-V2
#
122	1	0.833	-861.642
122	2	0.833	-861.642
122	3	0.833	-861.642
122	4	0.833	-861.642
122	5	0.833	-861.642
122	6	0.833	-861.642
122	7	0.833	-861.642
122	8	0.833	-861.642
122	9	0.833	-861.642
122	10	0.833	-861.642
122	11	0.833	-861.642
122	12	0.833	-861.642
122	13	0.833	-861.642
122	14	0.833	-861.642
122	15	0.833	-861.642
122	16	0.833	-861.642
122	17	0.833	-861.642
122	18	0.833	-861.642
122	19	0.833	-861.642
122	20	0.833	-861.642
122	21	0.833	-861.642
122	22	0.833	-861.642
122	23	0.833	-861.642
122	24	0.833	-861.642
122	25	0.833	-861.465
122	26	0.833	-861.360
122	27	0.833	-862.179
122	28	0.833	-862.223
122	29	0.833	-861.341
122	30	0.833	-861.098
122	31	0.833	-861.440
122	32	0.833	-860.954
122	33	0.833	-861.453
122	34	0.833	-860.961
122	35	0.833	-862.764
122	36	0.833	-861.619
122	37	0.833	-862.241
122	38	0.833	-862.434
122	39	0.833	-862.684
122	40	0.833	-861.794
122	41	0.833	-861.974
122	42	0.833	-862.545
122	43	0.833	-863.961
122	44	0.833	-863.527
122	45	0.833	-862.931
122	46	0.833	-861.465
122	47	0.833	-860.611
122	48	0.833	-860.921
122	49	0.833	-861.398
122	50	0.833	-862.438
122	51	0.833	-862.658
122	52	0.833	-865.227
122	53	0.833	-861.642
122	54	0.833	-861.642
122	55	0.833	-861.642
122	56	0.833	-861.642
122	57	0.833	-861.642
122	58	0.833	-861.642
122	59	0.833	-861.642
122	60	0.833	-861.642
122	61	0.833	-861.642
122	62	0.833	-861.642
122	63	0.833	-861.642
122	64	0.833	-861.642
### BC4-X1
#
123	1	0.833	-862.872
123	2	0.833	-862.872
123	3	0.833	-862.872
123	4	0.833	-862.872
123	5	0.833	-862.872
123	6	0.833	-862.872
123	7	0.833	-862.872
123	8	0.833	-862.872
123	9	0.833	-862.872
123	10	0.833	-862.872
123	11	0.833	-862.872
123	12	0.833	-862.872
123	13	0.833	-862.872
123	14	0.833	-862.872
123	15	0.833	-862.872
123	16	0.833	-862.872
123	17	0.833	-862.872
123	18	0.833	-862.872
123	19	0.833	-862.872
123	20	0.833	-862.872
123	21	0.833	-862.872
123	22	0.833	-862.872
123	23	0.833	-862.872
123	24	0.833	-862.872
123	25	0.833	-859.557
123	26	0.833	-864.360
123	27	0.833	-864.018
123	28	0.833	-863.066
123	29	0.833	-861.482
123	30	0.833	-863.412
123	31	0.833	-861.957
123	32	0.833	-862.797
123	33	0.833	-862.328
123	34	0.833	-862.345
123	35	0.833	-863.908
123	36	0.833	-863.742
123	37	0.833	-863.586
123	38	0.833	-862.398
123	39	0.833	-864.266
123	40	0.833	-860.965
123	41	0.833	-862.461
123	42	0.833	-864.668
123	43	0.833	-865.029
123	44	0.833	-865.523
123	45	0.833	-864.991
123	46	0.833	-865.271
123	47	0.833	-860.284
123	48	0.833	-861.579
123	49	0.833	-863.036
123	50	0.833	-860.727
123	51	0.833	-863.306
123	52	0.833	-858.870
123	53	0.833	-862.872
123	54	0.833	-862.872
123	55	0.833	-862.872
123	56	0.833	-862.872
123	57	0.833	-862.872
123	58	0.833	-862.872
123	59	0.833	-862.872
123	60	0.833	-862.872
123	61	0.833	-862.872
123	62	0.833	-862.872
123	63	0.833	-862.872
123	64	0.833	-862.872
### BC4-X2
#
124	1	0.833	-860.636
124	2	0.833	-861.507
124	3	0.833	-860.636
124	4	0.833	-860.636
124	5	0.833	-860.636
124	6	0.833	-860.636
124	7	0.833	-860.636
124	8	0.833	-860.636
124	9	0.833	-860.636
124	10	0.833	-860.636
124	11	0.833	-860.636
124	12	0.833	-860.636
124	13	0.833	-860.636
124	14	0.833	-860.636
124	15	0.833	-860.636
124	16	0.833	-860.636
124	17	0.833	-860.636
124	18	0.833	-860.636
124	19	0.833	-860.636
124	20	0.833	-860.636
124	21	0.833	-860.636
124	22	0.833	-860.636
124	23	0.833	-860.636
124	24	0.833	-860.636
124	25	0.833	-861.167
124	26	0.833	-861.311
124	27	0.833	-859.993
124	28	0.833	-860.922
124	29	0.833	-859.895
124	30	0.833	-858.273
124	31	0.833	-860.146
124	32	0.833	-859.134
124	33	0.833	-861.134
124	34	0.833	-862.185
124	35	0.833	-860.793
124	36	0.833	-861.498
124	37	0.833	-861.046
124	38	0.833	-861.184
124	39	0.833	-860.129
124	40	0.833	-860.354
124	41	0.833	-861.048
124	42	0.833	-860.487
124	43	0.833	-862.926
124	44	0.833	-863.097
124	45	0.833	-861.939
124	46	0.833	-862.636
124	47	0.833	-862.131
124	48	0.833	-860.160
124	49	0.833	-860.343
124	50	0.833	-860.636
124	51	0.833	-859.560
124	52	0.833	-860.339
124	53	0.833	-860.636
124	54	0.833	-860.636
124	55	0.833	-860.636
124	56	0.833	-860.636
124	57	0.833	-860.636
124	58	0.833	-860.636
124	59	0.833	-860.636
124	60	0.833	-860.636
124	61	0.833	-860.636
124	62	0.833	-860.636
124	63	0.833	-860.636
124	64	0.833	-860.636
### SDC1-V1
1	1	0.833	-1055.0
1	2	0.833	-1055.0
1	3	0.833	-1055.0
1	4	0.833	-1055.0
1	5	0.833	-1055.0
1	6	0.833	-1055.0
1	7	0.833	-1055.0
1	8	0.833	-1055.0
1	9	0.833	-1055.0
1	10	0.833	-1055.0
1	11	0.833	-1055.0
1	12	0.833	-1055.0
1	13	0.833	-1055.0
1	14	0.833	-1055.0
1	15	0.833	-1055.0
1	16	0.833	-1055.0
1	17	0.833	-1055.0
1	18	0.833	-1055.0
1	19	0.833	-1055.0
1	20	0.833	-1055.0
1	21	0.833	-1055.0
1	22	0.833	-1055.0
1	23	0.833	-1055.0
1	24	0.833	-1055.0
1	25	0.833	-1055.0
1	26	0.833	-1055.0
1	27	0.833	-1055.0
1	28	0.833	-1055.0
1	29	0.833	-1055.0
1	30	0.833	-1055.0
1	31	0.833	-1055.0
1	32	0.833	-1055.0
1	33	0.833	-1055.0
1	34	0.833	-1055.0
1	35	0.833	-1055.0
1	36	0.833	-1055.0
1	37	0.833	-1055.0
1	38	0.833	-1055.0
1	39	0.833	-1055.0
1	40	0.833	-1055.0
1	41	0.833	-1055.0
1	42	0.833	-1055.0
1	43	0.833	-1055.0
1	44	0.833	-1055.0
1	45	0.833	-1055.0
1	46	0.833	-1055.0
1	47	0.833	-1055.0
1	48	0.833	-1055.0
1	49	0.833	-1055.0
1	50	0.833	-1055.0
1	51	0.833	-1055.0
1	52	0.833	-1055.0
1	53	0.833	-1055.0
1	54	0.833	-1055.0
1	55	0.833	-1055.0
1	56	0.833	-1055.0
1	57	0.833	-1055.0
1	58	0.833	-1055.0
1	59	0.833	-1055.0
1	60	0.833	-1055.0
1	61	0.833	-1055.0
1	62	0.833	-1055.0
1	63	0.833	-1055.0
1	64	0.833	-1055.0
#
### SDC1-V2
2	1	0.833	-1055.0
2	2	0.833	-1055.0
2	3	0.833	-1055.0
2	4	0.833	-1055.0
2	5	0.833	-1055.0
2	6	0.833	-1055.0
2	7	0.833	-1055.0
2	8	0.833	-1055.0
2	9	0.833	-1055.0
2	10	0.833	-1055.0
2	11	0.833	-1055.0
2	12	0.833	-1055.0
2	13	0.833	-1055.0
2	14	0.833	-1055.0
2	15	0.833	-1055.0
2	16	0.833	-1055.0
2	17	0.833	-1055.0
2	18	0.833	-1055.0
2	19	0.833	-1055.0
2	20	0.833	-1055.0
2	21	0.833	-1055.0
2	22	0.833	-1055.0
2	23	0.833	-1055.0
2	24	0.833	-1055.0
2	25	0.833	-1055.0
2	26	0.833	-1055.0
2	27	0.833	-1055.0
2	28	0.833	-1055.0
2	29	0.833	-1055.0
2	30	0.833	-1055.0
2	31	0.833	-1055.0
2	32	0.833	-1055.0
2	33	0.833	-1055.0
2	34	0.833	-1055.0
2	35	0.833	-1055.0
2	36	0.833	-1055.0
2	37	0.833	-1055.0
2	38	0.833	-1055.0
2	39	0.833	-1055.0
2	40	0.833	-1055.0
2	41	0.833	-1055.0
2	42	0.833	-1055.0
2	43	0.833	-1055.0
2	44	0.833	-1055.0
2	45	0.833	-1055.0
2	46	0.833	-1055.0
2	47	0.833	-1055.0
2	48	0.833	-1055.0
2	49	0.833	-1055.0
2	50	0.833	-1055.0
2	51	0.833	-1055.0
2	52	0.833	-1055.0
2	53	0.833	-1055.0
2	54	0.833	-1055.0
2	55	0.833	-1055.0
2	56	0.833	-1055.0
2	57	0.833	-1055.0
2	58	0.833	-1055.0
2	59	0.833	-1055.0
2	60	0.833	-1055.0
2	61	0.833	-1055.0
2	62	0.833	-1055.0
2	63	0.833	-1055.0
2	64	0.833	-1055.0
#
### SDC1-X1
3	1	0.833	-1055.0
3	2	0.833	-1055.0
3	3	0.833	-1055.0
3	4	0.833	-1055.0
3	5	0.833	-1055.0
3	6	0.833	-1055.0
3	7	0.833	-1055.0
3	8	0.833	-1055.0
3	9	0.833	-1055.0
3	10	0.833	-1055.0
3	11	0.833	-1055.0
3	12	0.833	-1055.0
3	13	0.833	-1055.0
3	14	0.833	-1055.0
3	15	0.833	-1055.0
3	16	0.833	-1055.0
3	17	0.833	-1055.0
3	18	0.833	-1055.0
3	19	0.833	-1055.0
3	20	0.833	-1055.0
3	21	0.833	-1055.0
3	22	0.833	-1055.0
3	23	0.833	-1055.0
3	24	0.833	-1055.0
3	25	0.833	-1055.0
3	26	0.833	-1055.0
3	27	0.833	-1055.0
3	28	0.833	-1055.0
3	29	0.833	-1055.0
3	30	0.833	-1055.0
3	31	0.833	-1055.0
3	32	0.833	-1055.0
3	33	0.833	-1055.0
3	34	0.833	-1055.0
3	35	0.833	-1055.0
3	36	0.833	-1055.0
3	37	0.833	-1055.0
3	38	0.833	-1055.0
3	39	0.833	-1055.0
3	40	0.833	-1055.0
3	41	0.833	-1055.0
3	42	0.833	-1055.0
3	43	0.833	-1055.0
3	44	0.833	-1055.0
3	45	0.833	-1055.0
3	46	0.833	-1055.0
3	47	0.833	-1055.0
3	48	0.833	-1055.0
3	49	0.833	-1055.0
3	50	0.833	-1055.0
3	51	0.833	-1055.0
3	52	0.833	-1055.0
3	53	0.833	-1055.0
3	54	0.833	-1055.0
3	55	0.833	-1055.0
3	56	0.833	-1055.0
3	57	0.833	-1055.0
3	58	0.833	-1055.0
3	59	0.833	-1055.0
3	60	0.833	-1055.0
3	61	0.833	-1055.0
3	62	0.833	-1055.0
3	63	0.833	-1055.0
3	64	0.833	-1055.0
#
### SDC1-X2
4	1	0.833	-1055.0
4	2	0.833	-1055.0
4	3	0.833	-1055.0
4	4	0.833	-1055.0
4	5	0.833	-1055.0
4	6	0.833	-1055.0
4	7	0.833	-1055.0
4	8	0.833	-1055.0
4	9	0.833	-1055.0
4	10	0.833	-1055.0
4	11	0.833	-1055.0
4	12	0.833	-1055.0
4	13	0.833	-1055.0
4	14	0.833	-1055.0
4	15	0.833	-1055.0
4	16	0.833	-1055.0
4	17	0.833	-1055.0
4	18	0.833	-1055.0
4	19	0.833	-1055.0
4	20	0.833	-1055.0
4	21	0.833	-1055.0
4	22	0.833	-1055.0
4	23	0.833	-1055.0
4	24	0.833	-1055.0
4	25	0.833	-1055.0
4	26	0.833	-1055.0
4	27	0.833	-1055.0
4	28	0.833	-1055.0
4	29	0.833	-1055.0
4	30	0.833	-1055.0
4	31	0.833	-1055.0
4	32	0.833	-1055.0
4	33	0.833	-1055.0
4	34	0.833	-1055.0
4	35	0.833	-1055.0
4	36	0.833	-1055.0
4	37	0.833	-1055.0
4	38	0.833	-1055.0
4	39	0.833	-1055.0
4	40	0.833	-1055.0
4	41	0.833	-1055.0
4	42	0.833	-1055.0
4	43	0.833	-1055.0
4	44	0.833	-1055.0
4	45	0.833	-1055.0
4	46	0.833	-1055.0
4	47	0.833	-1055.0
4	48	0.833	-1055.0
4	49	0.833	-1055.0
4	50	0.833	-1055.0
4	51	0.833	-1055.0
4	52	0.833	-1055.0
4	53	0.833	-1055.0
4	54	0.833	-1055.0
4	55	0.833	-1055.0
4	56	0.833	-1055.0
4	57	0.833	-1055.0
4	58	0.833	-1055.0
4	59	0.833	-1055.0
4	60	0.833	-1055.0
4	61	0.833	-1055.0
4	62	0.833	-1055.0
4	63	0.833	-1055.0
4	64	0.833	-1055.0
#
### SDC1-U1
5	1	0.833	-1055.0
5	2	0.833	-1055.0
5	3	0.833	-1055.0
5	4	0.833	-1055.0
5	5	0.833	-1055.0
5	6	0.833	-1055.0
5	7	0.833	-1055.0
5	8	0.833	-1055.0
5	9	0.833	-1055.0
5	10	0.833	-1055.0
5	11	0.833	-1055.0
5	12	0.833	-1055.0
5	13	0.833	-1055.0
5	14	0.833	-1055.0
5	15	0.833	-1055.0
5	16	0.833	-1055.0
5	17	0.833	-1055.0
5	18	0.833	-1055.0
5	19	0.833	-1055.0
5	20	0.833	-1055.0
5	21	0.833	-1055.0
5	22	0.833	-1055.0
5	23	0.833	-1055.0
5	24	0.833	-1055.0
5	25	0.833	-1055.0
5	26	0.833	-1055.0
5	27	0.833	-1055.0
5	28	0.833	-1055.0
5	29	0.833	-1055.0
5	30	0.833	-1055.0
5	31	0.833	-1055.0
5	32	0.833	-1055.0
5	33	0.833	-1055.0
5	34	0.833	-1055.0
5	35	0.833	-1055.0
5	36	0.833	-1055.0
5	37	0.833	-1055.0
5	38	0.833	-1055.0
5	39	0.833	-1055.0
5	40	0.833	-1055.0
5	41	0.833	-1055.0
5	42	0.833	-1055.0
5	43	0.833	-1055.0
5	44	0.833	-1055.0
5	45	0.833	-1055.0
5	46	0.833	-1055.0
5	47	0.833	-1055.0
5	48	0.833	-1055.0
5	49	0.833	-1055.0
5	50	0.833	-1055.0
5	51	0.833	-1055.0
5	52	0.833	-1055.0
5	53	0.833	-1055.0
5	54	0.833	-1055.0
5	55	0.833	-1055.0
5	56	0.833	-1055.0
5	57	0.833	-1055.0
5	58	0.833	-1055.0
5	59	0.833	-1055.0
5	60	0.833	-1055.0
5	61	0.833	-1055.0
5	62	0.833	-1055.0
5	63	0.833	-1055.0
5	64	0.833	-1055.0
#
### SDC1-U2
6	1	0.833	-1055.0
6	2	0.833	-1055.0
6	3	0.833	-1055.0
6	4	0.833	-1055.0
6	5	0.833	-1055.0
6	6	0.833	-1055.0
6	7	0.833	-1055.0
6	8	0.833	-1055.0
6	9	0.833	-1055.0
6	10	0.833	-1055.0
6	11	0.833	-1055.0
6	12	0.833	-1055.0
6	13	0.833	-1055.0
6	14	0.833	-1055.0
6	15	0.833	-1055.0
6	16	0.833	-1055.0
6	17	0.833	-1055.0
6	18	0.833	-1055.0
6	19	0.833	-1055.0
6	20	0.833	-1055.0
6	21	0.833	-1055.0
6	22	0.833	-1055.0
6	23	0.833	-1055.0
6	24	0.833	-1055.0
6	25	0.833	-1055.0
6	26	0.833	-1055.0
6	27	0.833	-1055.0
6	28	0.833	-1055.0
6	29	0.833	-1055.0
6	30	0.833	-1055.0
6	31	0.833	-1055.0
6	32	0.833	-1055.0
6	33	0.833	-1055.0
6	34	0.833	-1055.0
6	35	0.833	-1055.0
6	36	0.833	-1055.0
6	37	0.833	-1055.0
6	38	0.833	-1055.0
6	39	0.833	-1055.0
6	40	0.833	-1055.0
6	41	0.833	-1055.0
6	42	0.833	-1055.0
6	43	0.833	-1055.0
6	44	0.833	-1055.0
6	45	0.833	-1055.0
6	46	0.833	-1055.0
6	47	0.833	-1055.0
6	48	0.833	-1055.0
6	49	0.833	-1055.0
6	50	0.833	-1055.0
6	51	0.833	-1055.0
6	52	0.833	-1055.0
6	53	0.833	-1055.0
6	54	0.833	-1055.0
6	55	0.833	-1055.0
6	56	0.833	-1055.0
6	57	0.833	-1055.0
6	58	0.833	-1055.0
6	59	0.833	-1055.0
6	60	0.833	-1055.0
6	61	0.833	-1055.0
6	62	0.833	-1055.0
6	63	0.833	-1055.0
6	64	0.833	-1055.0
#
### SDC2-X1
31	1	0.833	-891.674
31	2	0.833	-887.063
31	3	0.833	-889.897
31	4	0.833	-888.689
31	5	0.833	-881.977
31	6	0.833	-881.977
31	7	0.833	-881.977
31	8	0.833	-881.977
31	9	0.833	-893.869
31	10	0.833	-890.624
31	11	0.833	-881.977
31	12	0.833	-885.043
31	13	0.833	-891.918
31	14	0.833	-881.977
31	15	0.833	-881.977
31	16	0.833	-890.864
31	17	0.833	-882.422
31	18	0.833	-887.766
31	19	0.833	-881.977
31	20	0.833	-881.977
31	21	0.833	-889.841
31	22	0.833	-889.141
31	23	0.833	-881.977
31	24	0.833	-881.977
31	25	0.833	-892.613
31	26	0.833	-881.977
31	27	0.833	-881.977
31	28	0.833	-881.977
31	29	0.833	-881.977
31	30	0.833	-881.977
31	31	0.833	-881.977
31	32	0.833	-890.332
31	33	0.833	-895.092
31	34	0.833	-886.388
31	35	0.833	-881.977
31	36	0.833	-886.974
31	37	0.833	-886.794
31	38	0.833	-887.439
31	39	0.833	-885.556
31	40	0.833	-881.943
31	41	0.833	-884.573
31	42	0.833	-884.615
31	43	0.833	-888.372
31	44	0.833	-885.956
31	45	0.833	-885.828
31	46	0.833	-884.247
31	47	0.833	-885.827
31	48	0.833	-884.972
31	49	0.833	-884.517
31	50	0.833	-884.517
31	51	0.833	-886.520
31	52	0.833	-885.079
31	53	0.833	-879.837
31	54	0.833	-881.977
31	55	0.833	-881.977
31	56	0.833	-881.977
31	57	0.833	-881.977
31	58	0.833	-881.977
31	59	0.833	-881.977
31	60	0.833	-881.977
31	61	0.833	-881.977
31	62	0.833	-881.977
31	63	0.833	-881.977
31	64	0.833	-881.977
31	65	0.833	-886.220
31	66	0.833	-878.521
31	67	0.833	-882.464
31	68	0.833	-883.317
31	69	0.833	-882.967
31	70	0.833	-883.667
31	71	0.833	-881.860
31	72	0.833	-882.509
31	73	0.833	-882.680
31	74	0.833	-884.966
31	75	0.833	-883.540
31	76	0.833	-885.621
31	77	0.833	-885.355
31	78	0.833	-886.036
31	79	0.833	-886.890
31	80	0.833	-883.220
31	81	0.833	-882.391
31	82	0.833	-882.396
31	83	0.833	-881.410
31	84	0.833	-883.485
31	85	0.833	-883.637
31	86	0.833	-883.576
31	87	0.833	-882.739
31	88	0.833	-882.762
31	89	0.833	-879.926
31	90	0.833	-881.543
31	91	0.833	-881.088
31	92	0.833	-881.038
31	93	0.833	-882.209
31	94	0.833	-881.606
31	95	0.833	-881.027
31	96	0.833	-881.181
31	97	0.833	-880.420
31	98	0.833	-881.726
31	99	0.833	-880.980
31	100	0.833	-882.379
31	101	0.833	-882.097
31	102	0.833	-880.734
31	103	0.833	-883.593
31	104	0.833	-881.396
31	105	0.833	-882.209
31	106	0.833	-880.393
31	107	0.833	-879.713
31	108	0.833	-881.726
31	109	0.833	-880.694
31	110	0.833	-880.776
31	111	0.833	-881.634
31	112	0.833	-881.860
31	113	0.833	-880.895
31	114	0.833	-880.485
31	115	0.833	-882.674
31	116	0.833	-880.273
31	117	0.833	-882.232
31	118	0.833	-880.579
31	119	0.833	-882.032
31	120	0.833	-880.482
31	121	0.833	-882.896
31	122	0.833	-881.087
31	123	0.833	-886.019
31	124	0.833	-884.819
31	125	0.833	-883.678
31	126	0.833	-881.176
31	127	0.833	-885.220
31	128	0.833	-881.977
#
### SDC2-X2
32	1	0.833	-888.023
32	2	0.833	-888.023
32	3	0.833	-888.023
32	4	0.833	-888.023
32	5	0.833	-888.023
32	6	0.833	-888.023
32	7	0.833	-888.023
32	8	0.833	-888.023
32	9	0.833	-888.023
32	10	0.833	-888.023
32	11	0.833	-888.023
32	12	0.833	-888.023
32	13	0.833	-888.023
32	14	0.833	-888.023
32	15	0.833	-888.023
32	16	0.833	-888.023
32	17	0.833	-888.023
32	18	0.833	-888.023
32	19	0.833	-888.023
32	20	0.833	-888.023
32	21	0.833	-888.023
32	22	0.833	-888.023
32	23	0.833	-888.023
32	24	0.833	-888.023
32	25	0.833	-888.023
32	26	0.833	-888.023
32	27	0.833	-888.023
32	28	0.833	-888.023
32	29	0.833	-888.023
32	30	0.833	-888.023
32	31	0.833	-891.418
32	32	0.833	-888.023
32	33	0.833	-888.023
32	34	0.833	-891.267
32	35	0.833	-888.023
32	36	0.833	-888.023
32	37	0.833	-892.188
32	38	0.833	-899.937
32	39	0.833	-888.018
32	40	0.833	-889.019
32	41	0.833	-889.111
32	42	0.833	-886.718
32	43	0.833	-892.997
32	44	0.833	-886.953
32	45	0.833	-889.652
32	46	0.833	-890.528
32	47	0.833	-892.149
32	48	0.833	-890.292
32	49	0.833	-889.455
32	50	0.833	-889.343
32	51	0.833	-888.608
32	52	0.833	-882.757
32	53	0.833	-879.257
32	54	0.833	-888.023
32	55	0.833	-888.023
32	56	0.833	-888.023
32	57	0.833	-888.023
32	58	0.833	-888.023
32	59	0.833	-888.023
32	60	0.833	-888.023
32	61	0.833	-888.023
32	62	0.833	-888.023
32	63	0.833	-888.023
32	64	0.833	-888.023
32	65	0.833	-874.952
32	66	0.833	-889.295
32	67	0.833	-889.394
32	68	0.833	-890.588
32	69	0.833	-888.507
32	70	0.833	-887.519
32	71	0.833	-888.434
32	72	0.833	-888.396
32	73	0.833	-889.069
32	74	0.833	-889.873
32	75	0.833	-887.988
32	76	0.833	-891.108
32	77	0.833	-889.836
32	78	0.833	-889.069
32	79	0.833	-888.140
32	80	0.833	-887.038
32	81	0.833	-887.663
32	82	0.833	-887.758
32	83	0.833	-889.032
32	84	0.833	-888.799
32	85	0.833	-887.493
32	86	0.833	-889.078
32	87	0.833	-888.682
32	88	0.833	-889.785
32	89	0.833	-889.161
32	90	0.833	-888.072
32	91	0.833	-887.812
32	92	0.833	-887.150
32	93	0.833	-886.219
32	94	0.833	-883.922
32	95	0.833	-885.182
32	96	0.833	-883.181
32	97	0.833	-886.301
32	98	0.833	-884.579
32	99	0.833	-885.867
32	100	0.833	-887.040
32	101	0.833	-886.410
32	102	0.833	-885.292
32	103	0.833	-885.872
32	104	0.833	-885.670
32	105	0.833	-885.746
32	106	0.833	-887.035
32	107	0.833	-887.038
32	108	0.833	-883.853
32	109	0.833	-885.198
32	110	0.833	-887.172
32	111	0.833	-887.214
32	112	0.833	-885.424
32	113	0.833	-887.572
32	114	0.833	-885.953
32	115	0.833	-888.343
32	116	0.833	-887.110
32	117	0.833	-888.366
32	118	0.833	-886.100
32	119	0.833	-887.123
32	120	0.833	-888.691
32	121	0.833	-886.426
32	122	0.833	-887.858
32	123	0.833	-886.755
32	124	0.833	-884.897
32	125	0.833	-886.435
32	126	0.833	-891.239
32	127	0.833	-891.873
32	128	0.833	-888.023
#
### SDC2-Y1
33	1	0.833	-890.764
33	2	0.833	-890.764
33	3	0.833	-890.764
33	4	0.833	-890.764
33	5	0.833	-890.764
33	6	0.833	-891.108
33	7	0.833	-891.410
33	8	0.833	-892.596
33	9	0.833	-892.816
33	10	0.833	-898.637
33	11	0.833	-893.284
33	12	0.833	-892.978
33	13	0.833	-889.821
33	14	0.833	-897.294
33	15	0.833	-894.791
33	16	0.833	-890.764
33	17	0.833	-890.315
33	18	0.833	-893.041
33	19	0.833	-890.687
33	20	0.833	-891.180
33	21	0.833	-891.150
33	22	0.833	-893.336
33	23	0.833	-890.977
33	24	0.833	-889.547
33	25	0.833	-893.363
33	26	0.833	-895.136
33	27	0.833	-893.046
33	28	0.833	-890.867
33	29	0.833	-894.202
33	30	0.833	-892.189
33	31	0.833	-892.386
33	32	0.833	-890.668
33	33	0.833	-890.936
33	34	0.833	-890.815
33	35	0.833	-888.410
33	36	0.833	-886.825
33	37	0.833	-883.568
33	38	0.833	-887.919
33	39	0.833	-887.626
33	40	0.833	-889.864
33	41	0.833	-888.862
33	42	0.833	-890.722
33	43	0.833	-888.768
33	44	0.833	-886.506
33	45	0.833	-890.619
33	46	0.833	-890.098
33	47	0.833	-890.557
33	48	0.833	-889.615
33	49	0.833	-890.171
33	50	0.833	-890.863
33	51	0.833	-890.538
33	52	0.833	-890.189
33	53	0.833	-890.314
33	54	0.833	-890.079
33	55	0.833	-889.678
33	56	0.833	-890.685
33	57	0.833	-891.828
33	58	0.833	-892.546
33	59	0.833	-892.514
33	60	0.833	-890.194
33	61	0.833	-876.489
33	62	0.833	-890.764
33	63	0.833	-890.764
33	64	0.833	-890.764
33	65	0.833	-890.764
33	66	0.833	-890.764
33	67	0.833	-890.764
33	68	0.833	-874.186
33	69	0.833	-887.587
33	70	0.833	-891.771
33	71	0.833	-891.063
33	72	0.833	-892.323
33	73	0.833	-890.186
33	74	0.833	-889.662
33	75	0.833	-891.177
33	76	0.833	-890.985
33	77	0.833	-890.112
33	78	0.833	-892.039
33	79	0.833	-891.796
33	80	0.833	-890.618
33	81	0.833	-889.580
33	82	0.833	-892.511
33	83	0.833	-891.673
33	84	0.833	-890.949
33	85	0.833	-889.698
33	86	0.833	-892.547
33	87	0.833	-890.820
33	88	0.833	-889.682
33	89	0.833	-886.892
33	90	0.833	-888.622
33	91	0.833	-888.605
33	92	0.833	-889.065
33	93	0.833	-892.404
33	94	0.833	-892.539
33	95	0.833	-891.426
33	96	0.833	-888.929
33	97	0.833	-889.145
33	98	0.833	-887.868
33	99	0.833	-889.772
33	100	0.833	-889.831
33	101	0.833	-890.367
33	102	0.833	-887.417
33	103	0.833	-888.674
33	104	0.833	-887.683
33	105	0.833	-889.414
33	106	0.833	-892.267
33	107	0.833	-891.498
33	108	0.833	-888.664
33	109	0.833	-893.708
33	110	0.833	-895.856
33	111	0.833	-892.914
33	112	0.833	-892.395
33	113	0.833	-891.247
33	114	0.833	-891.841
33	115	0.833	-891.694
33	116	0.833	-892.489
33	117	0.833	-890.764
33	118	0.833	-891.687
33	119	0.833	-897.989
33	120	0.833	-890.764
33	121	0.833	-890.764
33	122	0.833	-890.764
33	123	0.833	-896.360
33	124	0.833	-890.764
33	125	0.833	-890.764
33	126	0.833	-890.764
33	127	0.833	-890.764
33	128	0.833	-890.168
#
### SDC2-Y2
34	1	0.833	-887.399
34	2	0.833	-886.235
34	3	0.833	-886.235
34	4	0.833	-886.235
34	5	0.833	-887.201
34	6	0.833	-890.895
34	7	0.833	-887.153
34	8	0.833	-886.591
34	9	0.833	-888.123
34	10	0.833	-891.406
34	11	0.833	-890.122
34	12	0.833	-887.421
34	13	0.833	-885.778
34	14	0.833	-890.135
34	15	0.833	-886.872
34	16	0.833	-888.325
34	17	0.833	-885.677
34	18	0.833	-888.484
34	19	0.833	-885.750
34	20	0.833	-886.375
34	21	0.833	-887.350
34	22	0.833	-887.486
34	23	0.833	-886.833
34	24	0.833	-887.325
34	25	0.833	-889.924
34	26	0.833	-887.427
34	27	0.833	-889.331
34	28	0.833	-887.137
34	29	0.833	-887.774
34	30	0.833	-887.926
34	31	0.833	-888.727
34	32	0.833	-888.928
34	33	0.833	-886.525
34	34	0.833	-887.807
34	35	0.833	-886.765
34	36	0.833	-887.170
34	37	0.833	-886.951
34	38	0.833	-885.290
34	39	0.833	-887.044
34	40	0.833	-885.793
34	41	0.833	-888.285
34	42	0.833	-885.793
34	43	0.833	-888.382
34	44	0.833	-889.087
34	45	0.833	-886.440
34	46	0.833	-886.294
34	47	0.833	-886.017
34	48	0.833	-885.806
34	49	0.833	-888.162
34	50	0.833	-889.476
34	51	0.833	-888.520
34	52	0.833	-888.712
34	53	0.833	-890.030
34	54	0.833	-889.528
34	55	0.833	-889.217
34	56	0.833	-888.701
34	57	0.833	-888.716
34	58	0.833	-887.655
34	59	0.833	-888.677
34	60	0.833	-884.086
34	61	0.833	-876.049
34	62	0.833	-886.235
34	63	0.833	-886.235
34	64	0.833	-886.235
34	65	0.833	-886.235
34	66	0.833	-886.235
34	67	0.833	-886.235
34	68	0.833	-871.683
34	69	0.833	-885.407
34	70	0.833	-887.263
34	71	0.833	-887.396
34	72	0.833	-886.467
34	73	0.833	-884.913
34	74	0.833	-885.107
34	75	0.833	-886.307
34	76	0.833	-886.398
34	77	0.833	-883.957
34	78	0.833	-886.093
34	79	0.833	-886.832
34	80	0.833	-887.114
34	81	0.833	-885.754
34	82	0.833	-888.175
34	83	0.833	-888.528
34	84	0.833	-887.422
34	85	0.833	-884.765
34	86	0.833	-885.273
34	87	0.833	-886.049
34	88	0.833	-885.861
34	89	0.833	-883.335
34	90	0.833	-884.376
34	91	0.833	-889.176
34	92	0.833	-887.736
34	93	0.833	-888.394
34	94	0.833	-887.306
34	95	0.833	-885.088
34	96	0.833	-885.648
34	97	0.833	-884.812
34	98	0.833	-883.268
34	99	0.833	-884.543
34	100	0.833	-882.329
34	101	0.833	-885.997
34	102	0.833	-886.660
34	103	0.833	-884.525
34	104	0.833	-884.644
34	105	0.833	-887.214
34	106	0.833	-883.973
34	107	0.833	-884.502
34	108	0.833	-885.452
34	109	0.833	-884.084
34	110	0.833	-885.484
34	111	0.833	-886.677
34	112	0.833	-882.347
34	113	0.833	-888.386
34	114	0.833	-880.957
34	115	0.833	-881.194
34	116	0.833	-884.024
34	117	0.833	-887.239
34	118	0.833	-888.492
34	119	0.833	-886.736
34	120	0.833	-882.843
34	121	0.833	-888.459
34	122	0.833	-889.468
34	123	0.833	-882.905
34	124	0.833	-886.235
34	125	0.833	-887.092
34	126	0.833	-886.235
34	127	0.833	-886.235
34	128	0.833	-886.235
#
### SDC3-Y1
35	1	0.833	-881.141
35	2	0.833	-881.141
35	3	0.833	-875.173
35	4	0.833	-878.973
35	5	0.833	-876.549
35	6	0.833	-883.898
35	7	0.833	-881.639
35	8	0.833	-879.679
35	9	0.833	-879.788
35	10	0.833	-880.418
35	11	0.833	-882.072
35	12	0.833	-885.937
35	13	0.833	-880.002
35	14	0.833	-879.784
35	15	0.833	-880.329
35	16	0.833	-880.976
35	17	0.833	-881.157
35	18	0.833	-875.600
35	19	0.833	-879.572
35	20	0.833	-880.195
35	21	0.833	-880.187
35	22	0.833	-878.427
35	23	0.833	-879.437
35	24	0.833	-878.414
35	25	0.833	-878.909
35	26	0.833	-877.145
35	27	0.833	-876.689
35	28	0.833	-877.591
35	29	0.833	-875.488
35	30	0.833	-856.696
35	31	0.833	-881.141
35	32	0.833	-881.141
35	33	0.833	-881.141
35	34	0.833	-881.141
35	35	0.833	-863.213
35	36	0.833	-876.807
35	37	0.833	-879.793
35	38	0.833	-881.093
35	39	0.833	-881.586
35	40	0.833	-880.978
35	41	0.833	-881.791
35	42	0.833	-880.021
35	43	0.833	-882.637
35	44	0.833	-881.947
35	45	0.833	-884.290
35	46	0.833	-880.201
35	47	0.833	-883.727
35	48	0.833	-881.948
35	49	0.833	-883.295
35	50	0.833	-880.384
35	51	0.833	-882.115
35	52	0.833	-882.751
35	53	0.833	-882.795
35	54	0.833	-881.237
35	55	0.833	-882.685
35	56	0.833	-879.599
35	57	0.833	-884.342
35	58	0.833	-883.162
35	59	0.833	-883.488
35	60	0.833	-882.171
35	61	0.833	-884.552
35	62	0.833	-877.661
35	63	0.833	-881.771
35	64	0.833	-881.141
#
## SDC3-Y2
36	1	0.833	-856.770
36	2	0.833	-856.770
36	3	0.833	-856.770
36	4	0.833	-877.581
36	5	0.833	-856.770
36	6	0.833	-881.156
36	7	0.833	-874.779
36	8	0.833	-879.824
36	9	0.833	-856.770
36	10	0.833	-856.770
36	11	0.833	-856.770
36	12	0.833	-881.575
36	13	0.833	-879.540
36	14	0.833	-856.770
36	15	0.833	-856.770
36	16	0.833	-856.770
36	17	0.833	-880.017
36	18	0.833	-878.749
36	19	0.833	-876.476
36	20	0.833	-879.056
36	21	0.833	-879.589
36	22	0.833	-877.936
36	23	0.833	-880.890
36	24	0.833	-879.303
36	25	0.833	-878.030
36	26	0.833	-876.877
36	27	0.833	-874.965
36	28	0.833	-876.657
36	29	0.833	-875.858
36	30	0.833	-857.095
36	31	0.833	-856.770
36	32	0.833	-856.770
36	33	0.833	-856.770
36	34	0.833	-856.770
36	35	0.833	-863.846
36	36	0.833	-879.815
36	37	0.833	-878.294
36	38	0.833	-878.707
36	39	0.833	-879.286
36	40	0.833	-878.488
36	41	0.833	-879.058
36	42	0.833	-879.433
36	43	0.833	-880.697
36	44	0.833	-879.379
36	45	0.833	-856.770
36	46	0.833	-881.100
36	47	0.833	-856.770
36	48	0.833	-856.770
36	49	0.833	-856.770
36	50	0.833	-856.770
36	51	0.833	-879.094
36	52	0.833	-856.770
36	53	0.833	-856.770
36	54	0.833	-856.770
36	55	0.833	-878.916
36	56	0.833	-879.798
36	57	0.833	-880.959
36	58	0.833	-856.770
36	59	0.833	-856.770
36	60	0.833	-856.770
36	61	0.833	-856.770
36	62	0.833	-856.770
36	63	0.833	-879.998
36	64	0.833	-856.770
#
### SDC3-X1
37	1	0.833	-880.323
37	2	0.833	-880.323
37	3	0.833	-880.323
37	4	0.833	-880.323
37	5	0.833	-880.323
37	6	0.833	-880.323
37	7	0.833	-880.323
37	8	0.833	-880.323
37	9	0.833	-880.323
37	10	0.833	-880.323
37	11	0.833	-880.323
37	12	0.833	-880.323
37	13	0.833	-880.323
37	14	0.833	-880.323
37	15	0.833	-878.464
37	16	0.833	-880.323
37	17	0.833	-876.090
37	18	0.833	-876.447
37	19	0.833	-890.788
37	20	0.833	-878.615
37	21	0.833	-880.609
37	22	0.833	-878.410
37	23	0.833	-886.838
37	24	0.833	-887.945
37	25	0.833	-881.493
37	26	0.833	-889.379
37	27	0.833	-880.762
37	28	0.833	-887.203
37	29	0.833	-880.296
37	30	0.833	-886.540
37	31	0.833	-887.188
37	32	0.833	-890.703
37	33	0.833	-882.341
37	34	0.833	-881.140
37	35	0.833	-881.846
37	36	0.833	-882.944
37	37	0.833	-877.376
37	38	0.833	-889.476
37	39	0.833	-882.510
37	40	0.833	-883.381
37	41	0.833	-883.131
37	42	0.833	-887.215
37	43	0.833	-881.173
37	44	0.833	-880.323
37	45	0.833	-880.323
37	46	0.833	-880.323
37	47	0.833	-880.323
37	48	0.833	-880.323
37	49	0.833	-880.323
37	50	0.833	-880.323
37	51	0.833	-880.323
37	52	0.833	-880.323
37	53	0.833	-880.323
37	54	0.833	-865.788
37	55	0.833	-877.191
37	56	0.833	-879.948
37	57	0.833	-880.892
37	58	0.833	-883.012
37	59	0.833	-880.721
37	60	0.833	-882.770
37	61	0.833	-880.611
37	62	0.833	-882.079
37	63	0.833	-882.304
37	64	0.833	-881.297
37	65	0.833	-878.940
37	66	0.833	-876.322
37	67	0.833	-875.741
37	68	0.833	-877.644
37	69	0.833	-876.985
37	70	0.833	-877.306
37	71	0.833	-876.287
37	72	0.833	-876.841
37	73	0.833	-876.957
37	74	0.833	-879.552
37	75	0.833	-880.573
37	76	0.833	-880.255
37	77	0.833	-881.084
37	78	0.833	-881.097
37	79	0.833	-879.620
37	80	0.833	-881.243
37	81	0.833	-875.074
37	82	0.833	-892.241
37	83	0.833	-887.148
37	84	0.833	-876.039
37	85	0.833	-888.341
37	86	0.833	-881.254
37	87	0.833	-886.194
37	88	0.833	-879.182
37	89	0.833	-880.323
37	90	0.833	-880.323
37	91	0.833	-889.947
37	92	0.833	-877.782
37	93	0.833	-886.718
37	94	0.833	-884.388
37	95	0.833	-879.162
37	96	0.833	-883.273
#
### SDC3-X2
38	1	0.833	-874.927
38	2	0.833	-874.927
38	3	0.833	-874.927
38	4	0.833	-874.927
38	5	0.833	-874.927
38	6	0.833	-874.927
38	7	0.833	-874.927
38	8	0.833	-874.927
38	9	0.833	-874.927
38	10	0.833	-874.927
38	11	0.833	-874.927
38	12	0.833	-874.927
38	13	0.833	-874.927
38	14	0.833	-874.927
38	15	0.833	-874.927
38	16	0.833	-874.927
38	17	0.833	-874.927
38	18	0.833	-879.259
38	19	0.833	-874.927
38	20	0.833	-875.714
38	21	0.833	-874.927
38	22	0.833	-874.927
38	23	0.833	-874.927
38	24	0.833	-878.668
38	25	0.833	-878.271
38	26	0.833	-881.400
38	27	0.833	-874.564
38	28	0.833	-875.767
38	29	0.833	-886.214
38	30	0.833	-881.310
38	31	0.833	-872.668
38	32	0.833	-879.188
38	33	0.833	-884.429
38	34	0.833	-882.395
38	35	0.833	-880.965
38	36	0.833	-865.601
38	37	0.833	-876.554
38	38	0.833	-876.344
38	39	0.833	-877.575
38	40	0.833	-875.519
38	41	0.833	-878.460
38	42	0.833	-875.882
38	43	0.833	-874.352
38	44	0.833	-874.927
38	45	0.833	-874.927
38	46	0.833	-874.927
38	47	0.833	-874.927
38	48	0.833	-874.927
38	49	0.833	-874.927
38	50	0.833	-874.927
38	51	0.833	-874.927
38	52	0.833	-874.927
38	53	0.833	-874.927
38	54	0.833	-869.451
38	55	0.833	-871.211
38	56	0.833	-875.597
38	57	0.833	-877.555
38	58	0.833	-879.015
38	59	0.833	-879.072
38	60	0.833	-879.108
38	61	0.833	-878.898
38	62	0.833	-878.994
38	63	0.833	-881.121
38	64	0.833	-880.204
38	65	0.833	-875.822
38	66	0.833	-875.380
38	67	0.833	-872.235
38	68	0.833	-870.709
38	69	0.833	-869.774
38	70	0.833	-870.904
38	71	0.833	-874.322
38	72	0.833	-873.554
38	73	0.833	-874.107
38	74	0.833	-875.762
38	75	0.833	-874.453
38	76	0.833	-874.526
38	77	0.833	-875.485
38	78	0.833	-873.606
38	79	0.833	-875.494
38	80	0.833	-873.054
38	81	0.833	-875.265
38	82	0.833	-874.991
38	83	0.833	-878.143
38	84	0.833	-874.129
38	85	0.833	-881.660
38	86	0.833	-879.247
38	87	0.833	-878.117
38	88	0.833	-881.979
38	89	0.833	-884.017
38	90	0.833	-878.572
38	91	0.833	-874.927
38	92	0.833	-877.636
38	93	0.833	-880.137
38	94	0.833	-873.857
38	95	0.833	-882.514
38	96	0.833	-857.459
#
