##
#  file: DCTdcCalib_0
#  date: 2017.01.18
#  note: first version
#
#
#######################################################################
# Id	WireId	p1	p0
#
### BC3-X1
113     1       1.000   -358.000
113     2       1.000   -358.000
113     3       1.000   -358.000
113     4       1.000   -358.000
113     5       1.000   -358.000
113     6       1.000   -358.000
113     7       1.000   -358.000
113     8       1.000   -358.000
113     9       1.000   -358.000
113     10      1.000   -358.000
113     11      1.000   -358.000
113     12      1.000   -358.000
113     13      1.000   -358.000
113     14      1.000   -358.000
113     15      1.000   -358.000
113     16      1.000   -358.000
113     17      1.000   -358.000
113     18      1.000   -358.000
113     19      1.000   -358.000
113     20      1.000   -358.000
113     21      1.000   -358.000
113     22      1.000   -358.000
113     23      1.000   -366.553
113     24      1.000   -359.853
113     25      1.000   -358.253
113     26      1.000   -359.210
113     27      1.000   -357.139
113     28      1.000   -356.166
113     29      1.000   -355.776
113     30      1.000   -358.049
113     31      1.000   -355.757
113     32      1.000   -356.732
113     33      1.000   -356.525
113     34      1.000   -357.400
113     35      1.000   -357.324
113     36      1.000   -359.393
113     37      1.000   -360.000
113     38      1.000   -358.000
113     39      1.000   -358.000
113     40      1.000   -358.000
113     41      1.000   -358.000
113     42      1.000   -358.000
113     43      1.000   -358.000
113     44      1.000   -358.000
113     45      1.000   -358.000
113     46      1.000   -358.000
113     47      1.000   -358.000
113     48      1.000   -358.000
113     49      1.000   -358.000
113     50      1.000   -358.000
113     51      1.000   -358.000
113     52      1.000   -358.000
113     53      1.000   -358.000
113     54      1.000   -358.000
113     55      1.000   -358.000
113     56      1.000   -358.000
113     57      1.000   -358.000
113     58      1.000   -358.000
113     59      1.000   -358.000
113     60      1.000   -358.000
113     61      1.000   -358.000
113     62      1.000   -358.000
113     63      1.000   -358.000
113     64      1.000   -358.000
#
### BC3-X2
114     1       1.000   -358.000
114     2       1.000   -358.000
114     3       1.000   -358.000
114     4       1.000   -358.000
114     5       1.000   -358.000
114     6       1.000   -358.000
114     7       1.000   -358.000
114     8       1.000   -358.000
114     9       1.000   -358.000
114     10      1.000   -358.000
114     11      1.000   -358.000
114     12      1.000   -358.000
114     13      1.000   -358.000
114     14      1.000   -358.000
114     15      1.000   -358.000
114     16      1.000   -358.000
114     17      1.000   -358.000
114     18      1.000   -358.000
114     19      1.000   -358.000
114     20      1.000   -358.000
114     21      1.000   -358.000
114     22      1.000   -362.012
114     23      1.000   -357.876
114     24      1.000   -355.951
114     25      1.000   -353.539
114     26      1.000   -354.589
114     27      1.000   -354.321
114     28      1.000   -353.366
114     29      1.000   -353.810
114     30      1.000   -353.864
114     31      1.000   -353.805
114     32      1.000   -352.338
114     33      1.000   -353.004
114     34      1.000   -353.456
114     35      1.000   -354.467
114     36      1.000   -353.031
114     37      1.000   -356.579
114     38      1.000   -360.616
114     39      1.000   -362.613
114     40      1.000   -357.907
114     41      1.000   -361.790
114     42      1.000   -358.000
114     43      1.000   -358.000
114     44      1.000   -358.000
114     45      1.000   -358.000
114     46      1.000   -358.000
114     47      1.000   -358.000
114     48      1.000   -358.000
114     49      1.000   -358.000
114     50      1.000   -358.000
114     51      1.000   -358.000
114     52      1.000   -358.000
114     53      1.000   -358.000
114     54      1.000   -358.000
114     55      1.000   -358.000
114     56      1.000   -358.000
114     57      1.000   -358.000
114     58      1.000   -358.000
114     59      1.000   -358.000
114     60      1.000   -358.000
114     61      1.000   -358.000
114     62      1.000   -358.000
114     63      1.000   -358.000
114     64      1.000   -358.000
#
### BC3-U1
115     1       1.000   -358.000
115     2       1.000   -358.000
115     3       1.000   -358.000
115     4       1.000   -358.000
115     5       1.000   -358.000
115     6       1.000   -358.000
115     7       1.000   -358.000
115     8       1.000   -358.000
115     9       1.000   -358.000
115     10      1.000   -358.000
115     11      1.000   -358.000
115     12      1.000   -358.000
115     13      1.000   -358.000
115     14      1.000   -358.000
115     15      1.000   -358.000
115     16      1.000   -358.000
115     17      1.000   -358.000
115     18      1.000   -358.000
115     19      1.000   -358.000
115     20      1.000   -358.000
115     21      1.000   -358.000
115     22      1.000   -358.950
115     23      1.000   -354.797
115     24      1.000   -353.350
115     25      1.000   -352.810
115     26      1.000   -352.270
115     27      1.000   -353.627
115     28      1.000   -351.894
115     29      1.000   -352.243
115     30      1.000   -352.454
115     31      1.000   -352.045
115     32      1.000   -352.444
115     33      1.000   -353.027
115     34      1.000   -353.894
115     35      1.000   -357.147
115     36      1.000   -356.918
115     37      1.000   -356.919
115     38      1.000   -359.440
115     39      1.000   -358.000
115     40      1.000   -358.000
115     41      1.000   -361.033
115     42      1.000   -358.000
115     43      1.000   -358.000
115     44      1.000   -358.000
115     45      1.000   -358.000
115     46      1.000   -358.000
115     47      1.000   -358.000
115     48      1.000   -358.000
115     49      1.000   -358.000
115     50      1.000   -358.000
115     51      1.000   -358.000
115     52      1.000   -358.000
115     53      1.000   -358.000
115     54      1.000   -358.000
115     55      1.000   -358.000
115     56      1.000   -358.000
115     57      1.000   -358.000
115     58      1.000   -358.000
115     59      1.000   -358.000
115     60      1.000   -358.000
115     61      1.000   -358.000
115     62      1.000   -358.000
115     63      1.000   -358.000
115     64      1.000   -358.000
#
### BC3-U2
116     1       1.000   -358.000
116     2       1.000   -358.000
116     3       1.000   -358.000
116     4       1.000   -358.000
116     5       1.000   -358.000
116     6       1.000   -358.000
116     7       1.000   -358.000
116     8       1.000   -358.000
116     9       1.000   -358.000
116     10      1.000   -358.000
116     11      1.000   -358.000
116     12      1.000   -358.000
116     13      1.000   -358.000
116     14      1.000   -358.000
116     15      1.000   -358.000
116     16      1.000   -358.000
116     17      1.000   -358.000
116     18      1.000   -358.000
116     19      1.000   -358.000
116     20      1.000   -358.000
116     21      1.000   -360.599
116     22      1.000   -355.572
116     23      1.000   -353.954
116     24      1.000   -353.403
116     25      1.000   -351.965
116     26      1.000   -353.015
116     27      1.000   -352.837
116     28      1.000   -351.514
116     29      1.000   -351.374
116     30      1.000   -351.385
116     31      1.000   -351.177
116     32      1.000   -350.708
116     33      1.000   -351.353
116     34      1.000   -351.074
116     35      1.000   -352.242
116     36      1.000   -351.403
116     37      1.000   -352.147
116     38      1.000   -355.790
116     39      1.000   -357.483
116     40      1.000   -353.095
116     41      1.000   -358.364
116     42      1.000   -362.420
116     43      1.000   -361.333
116     44      1.000   -358.000
116     45      1.000   -359.240
116     46      1.000   -358.000
116     47      1.000   -358.000
116     48      1.000   -359.308
116     49      1.000   -358.000
116     50      1.000   -358.000
116     51      1.000   -358.000
116     52      1.000   -358.000
116     53      1.000   -358.000
116     54      1.000   -358.000
116     55      1.000   -358.000
116     56      1.000   -358.000
116     57      1.000   -358.000
116     58      1.000   -358.000
116     59      1.000   -358.000
116     60      1.000   -358.000
116     61      1.000   -358.000
116     62      1.000   -358.000
116     63      1.000   -358.000
116     64      1.000   -358.000
#
### BC3-V1
117     1       1.000   -358.000
117     2       1.000   -358.000
117     3       1.000   -358.000
117     4       1.000   -358.000
117     5       1.000   -358.000
117     6       1.000   -358.000
117     7       1.000   -358.000
117     8       1.000   -358.000
117     9       1.000   -358.000
117     10      1.000   -358.000
117     11      1.000   -358.000
117     12      1.000   -358.000
117     13      1.000   -358.000
117     14      1.000   -358.000
117     15      1.000   -358.000
117     16      1.000   -358.000
117     17      1.000   -358.000
117     18      1.000   -358.000
117     19      1.000   -358.000
117     20      1.000   -358.000
117     21      1.000   -358.000
117     22      1.000   -358.000
117     23      1.000   -358.000
117     24      1.000   -358.955
117     25      1.000   -354.729
117     26      1.000   -355.471
117     27      1.000   -354.769
117     28      1.000   -354.988
117     29      1.000   -354.448
117     30      1.000   -355.331
117     31      1.000   -354.495
117     32      1.000   -355.078
117     33      1.000   -352.119
117     34      1.000   -354.267
117     35      1.000   -355.358
117     36      1.000   -356.399
117     37      1.000   -357.314
117     38      1.000   -360.580
117     39      1.000   -361.908
117     40      1.000   -358.000
117     41      1.000   -358.000
117     42      1.000   -358.000
117     43      1.000   -358.000
117     44      1.000   -358.000
117     45      1.000   -358.000
117     46      1.000   -358.000
117     47      1.000   -358.000
117     48      1.000   -358.000
117     49      1.000   -358.000
117     50      1.000   -358.000
117     51      1.000   -358.000
117     52      1.000   -358.000
117     53      1.000   -358.000
117     54      1.000   -358.000
117     55      1.000   -358.000
117     56      1.000   -358.000
117     57      1.000   -358.000
117     58      1.000   -358.000
117     59      1.000   -358.000
117     60      1.000   -358.000
117     61      1.000   -358.000
117     62      1.000   -358.000
117     63      1.000   -358.000
117     64      1.000   -358.000
#
### BC3-V2
118     1       1.000   -358.000
118     2       1.000   -358.000
118     3       1.000   -358.000
118     4       1.000   -358.000
118     5       1.000   -358.000
118     6       1.000   -358.000
118     7       1.000   -358.000
118     8       1.000   -358.000
118     9       1.000   -358.000
118     10      1.000   -358.000
118     11      1.000   -358.000
118     12      1.000   -358.000
118     13      1.000   -358.000
118     14      1.000   -358.000
118     15      1.000   -358.000
118     16      1.000   -358.274
118     17      1.000   -358.000
118     18      1.000   -355.537
118     19      1.000   -358.000
118     20      1.000   -356.957
118     21      1.000   -355.123
118     22      1.000   -352.452
118     23      1.000   -350.498
118     24      1.000   -349.830
118     25      1.000   -348.401
118     26      1.000   -348.800
118     27      1.000   -348.661
118     28      1.000   -348.063
118     29      1.000   -348.407
118     30      1.000   -348.844
118     31      1.000   -347.708
118     32      1.000   -347.311
118     33      1.000   -348.046
118     34      1.000   -348.728
118     35      1.000   -348.700
118     36      1.000   -348.567
118     37      1.000   -349.123
118     38      1.000   -350.840
118     39      1.000   -349.838
118     40      1.000   -350.455
118     41      1.000   -351.120
118     42      1.000   -352.154
118     43      1.000   -351.437
118     44      1.000   -352.011
118     45      1.000   -353.004
118     46      1.000   -353.801
118     47      1.000   -352.391
118     48      1.000   -351.160
118     49      1.000   -350.791
118     50      1.000   -352.944
118     51      1.000   -352.883
118     52      1.000   -354.429
118     53      1.000   -360.254
118     54      1.000   -358.000
118     55      1.000   -358.000
118     56      1.000   -358.000
118     57      1.000   -358.000
118     58      1.000   -358.000
118     59      1.000   -358.000
118     60      1.000   -358.000
118     61      1.000   -358.000
118     62      1.000   -358.000
118     63      1.000   -358.000
118     64      1.000   -358.000
#
### BC4-U1
119     1       1.000   -358.000
119     2       1.000   -358.000
119     3       1.000   -358.000
119     4       1.000   -358.000
119     5       1.000   -358.000
119     6       1.000   -358.000
119     7       1.000   -358.000
119     8       1.000   -358.000
119     9       1.000   -358.000
119     10      1.000   -358.000
119     11      1.000   -358.000
119     12      1.000   -358.000
119     13      1.000   -358.000
119     14      1.000   -358.000
119     15      1.000   -358.000
119     16      1.000   -358.000
119     17      1.000   -358.000
119     18      1.000   -358.000
119     19      1.000   -358.000
119     20      1.000   -358.000
119     21      1.000   -358.000
119     22      1.000   -358.000
119     23      1.000   -358.000
119     24      1.000   -358.000
119     25      1.000   -354.044
119     26      1.000   -354.508
119     27      1.000   -352.401
119     28      1.000   -352.569
119     29      1.000   -352.977
119     30      1.000   -353.045
119     31      1.000   -352.212
119     32      1.000   -351.731
119     33      1.000   -349.762
119     34      1.000   -350.552
119     35      1.000   -351.823
119     36      1.000   -351.924
119     37      1.000   -354.139
119     38      1.000   -354.744
119     39      1.000   -361.449
119     40      1.000   -353.954
119     41      1.000   -359.934
119     42      1.000   -354.578
119     43      1.000   -358.000
119     44      1.000   -358.000
119     45      1.000   -358.000
119     46      1.000   -355.877
119     47      1.000   -359.703
119     48      1.000   -355.196
119     49      1.000   -357.041
119     50      1.000   -358.000
119     51      1.000   -358.000
119     52      1.000   -358.000
119     53      1.000   -358.000
119     54      1.000   -358.000
119     55      1.000   -358.000
119     56      1.000   -358.000
119     57      1.000   -358.000
119     58      1.000   -358.000
119     59      1.000   -358.000
119     60      1.000   -358.000
119     61      1.000   -358.000
119     62      1.000   -358.000
119     63      1.000   -358.000
119     64      1.000   -358.000
#
### BC4-U2
120     1       1.000   -358.000
120     2       1.000   -358.000
120     3       1.000   -358.000
120     4       1.000   -358.000
120     5       1.000   -358.000
120     6       1.000   -358.000
120     7       1.000   -358.000
120     8       1.000   -358.000
120     9       1.000   -358.000
120     10      1.000   -358.000
120     11      1.000   -358.000
120     12      1.000   -358.000
120     13      1.000   -358.000
120     14      1.000   -358.000
120     15      1.000   -358.000
120     16      1.000   -358.000
120     17      1.000   -358.000
120     18      1.000   -358.000
120     19      1.000   -358.000
120     20      1.000   -358.000
120     21      1.000   -358.000
120     22      1.000   -358.000
120     23      1.000   -358.000
120     24      1.000   -358.000
120     25      1.000   -348.910
120     26      1.000   -349.780
120     27      1.000   -348.386
120     28      1.000   -349.277
120     29      1.000   -348.429
120     30      1.000   -349.402
120     31      1.000   -347.211
120     32      1.000   -347.034
120     33      1.000   -348.026
120     34      1.000   -347.906
120     35      1.000   -348.267
120     36      1.000   -347.375
120     37      1.000   -348.340
120     38      1.000   -348.692
120     39      1.000   -349.886
120     40      1.000   -348.919
120     41      1.000   -349.387
120     42      1.000   -351.193
120     43      1.000   -350.728
120     44      1.000   -351.411
120     45      1.000   -351.332
120     46      1.000   -352.131
120     47      1.000   -351.949
120     48      1.000   -349.417
120     49      1.000   -351.257
120     50      1.000   -351.351
120     51      1.000   -352.856
120     52      1.000   -353.507
120     53      1.000   -358.000
120     54      1.000   -358.000
120     55      1.000   -358.000
120     56      1.000   -358.000
120     57      1.000   -358.000
120     58      1.000   -358.000
120     59      1.000   -358.000
120     60      1.000   -358.000
120     61      1.000   -358.000
120     62      1.000   -358.000
120     63      1.000   -358.000
120     64      1.000   -358.000
#
### BC4-V1
121     1       1.000   -358.000
121     2       1.000   -358.000
121     3       1.000   -358.000
121     4       1.000   -358.000
121     5       1.000   -358.000
121     6       1.000   -358.000
121     7       1.000   -358.000
121     8       1.000   -358.000
121     9       1.000   -358.000
121     10      1.000   -358.000
121     11      1.000   -358.000
121     12      1.000   -358.000
121     13      1.000   -358.000
121     14      1.000   -358.000
121     15      1.000   -358.000
121     16      1.000   -358.000
121     17      1.000   -358.000
121     18      1.000   -358.000
121     19      1.000   -358.000
121     20      1.000   -358.000
121     21      1.000   -358.000
121     22      1.000   -358.000
121     23      1.000   -358.000
121     24      1.000   -358.000
121     25      1.000   -350.796
121     26      1.000   -352.531
121     27      1.000   -350.978
121     28      1.000   -351.006
121     29      1.000   -350.786
121     30      1.000   -351.205
121     31      1.000   -350.514
121     32      1.000   -350.816
121     33      1.000   -349.493
121     34      1.000   -350.116
121     35      1.000   -352.230
121     36      1.000   -351.768
121     37      1.000   -353.018
121     38      1.000   -355.139
121     39      1.000   -353.891
121     40      1.000   -352.508
121     41      1.000   -357.271
121     42      1.000   -356.064
121     43      1.000   -360.937
121     44      1.000   -360.643
121     45      1.000   -356.331
121     46      1.000   -357.193
121     47      1.000   -358.000
121     48      1.000   -354.005
121     49      1.000   -354.253
121     50      1.000   -358.000
121     51      1.000   -358.000
121     52      1.000   -358.000
121     53      1.000   -358.000
121     54      1.000   -358.000
121     55      1.000   -358.000
121     56      1.000   -358.000
121     57      1.000   -358.000
121     58      1.000   -358.000
121     59      1.000   -358.000
121     60      1.000   -358.000
121     61      1.000   -358.000
121     62      1.000   -358.000
121     63      1.000   -358.000
121     64      1.000   -358.000
#
### BC4-V2
122     1       1.000   -358.000
122     2       1.000   -358.000
122     3       1.000   -358.000
122     4       1.000   -358.000
122     5       1.000   -358.000
122     6       1.000   -358.000
122     7       1.000   -358.000
122     8       1.000   -358.000
122     9       1.000   -358.000
122     10      1.000   -358.000
122     11      1.000   -358.000
122     12      1.000   -358.000
122     13      1.000   -358.000
122     14      1.000   -358.000
122     15      1.000   -358.000
122     16      1.000   -358.000
122     17      1.000   -358.000
122     18      1.000   -358.000
122     19      1.000   -358.000
122     20      1.000   -358.000
122     21      1.000   -358.000
122     22      1.000   -358.000
122     23      1.000   -358.000
122     24      1.000   -354.361
122     25      1.000   -350.146
122     26      1.000   -351.569
122     27      1.000   -351.003
122     28      1.000   -350.860
122     29      1.000   -349.819
122     30      1.000   -350.158
122     31      1.000   -349.212
122     32      1.000   -349.290
122     33      1.000   -348.749
122     34      1.000   -348.813
122     35      1.000   -349.915
122     36      1.000   -348.888
122     37      1.000   -350.176
122     38      1.000   -350.422
122     39      1.000   -350.947
122     40      1.000   -350.572
122     41      1.000   -352.112
122     42      1.000   -353.158
122     43      1.000   -356.098
122     44      1.000   -354.205
122     45      1.000   -352.950
122     46      1.000   -355.120
122     47      1.000   -353.024
122     48      1.000   -351.454
122     49      1.000   -351.641
122     50      1.000   -351.995
122     51      1.000   -358.000
122     52      1.000   -358.000
122     53      1.000   -358.000
122     54      1.000   -358.000
122     55      1.000   -358.000
122     56      1.000   -358.000
122     57      1.000   -358.000
122     58      1.000   -358.000
122     59      1.000   -358.000
122     60      1.000   -358.000
122     61      1.000   -358.000
122     62      1.000   -358.000
122     63      1.000   -358.000
122     64      1.000   -358.000
#
### BC4-X1
123     1       1.000   -358.000
123     2       1.000   -358.000
123     3       1.000   -358.000
123     4       1.000   -358.000
123     5       1.000   -358.000
123     6       1.000   -358.000
123     7       1.000   -358.000
123     8       1.000   -358.000
123     9       1.000   -358.000
123     10      1.000   -358.000
123     11      1.000   -358.000
123     12      1.000   -358.000
123     13      1.000   -358.000
123     14      1.000   -358.000
123     15      1.000   -358.000
123     16      1.000   -358.000
123     17      1.000   -358.000
123     18      1.000   -358.000
123     19      1.000   -358.000
123     20      1.000   -358.000
123     21      1.000   -358.000
123     22      1.000   -358.000
123     23      1.000   -358.000
123     24      1.000   -356.525
123     25      1.000   -352.248
123     26      1.000   -351.118
123     27      1.000   -350.970
123     28      1.000   -351.003
123     29      1.000   -350.195
123     30      1.000   -352.350
123     31      1.000   -350.474
123     32      1.000   -350.921
123     33      1.000   -349.290
123     34      1.000   -350.338
123     35      1.000   -351.627
123     36      1.000   -351.233
123     37      1.000   -352.554
123     38      1.000   -352.504
123     39      1.000   -356.363
123     40      1.000   -353.045
123     41      1.000   -354.800
123     42      1.000   -355.399
123     43      1.000   -358.000
123     44      1.000   -358.388
123     45      1.000   -356.534
123     46      1.000   -353.840
123     47      1.000   -359.170
123     48      1.000   -354.071
123     49      1.000   -354.411
123     50      1.000   -362.191
123     51      1.000   -358.460
123     52      1.000   -358.462
123     53      1.000   -358.000
123     54      1.000   -358.000
123     55      1.000   -358.000
123     56      1.000   -358.000
123     57      1.000   -358.000
123     58      1.000   -358.000
123     59      1.000   -358.000
123     60      1.000   -358.000
123     61      1.000   -358.000
123     62      1.000   -358.000
123     63      1.000   -358.000
123     64      1.000   -358.000
#
### BC4-X2
124     1       1.000   -358.000
124     2       1.000   -358.000
124     3       1.000   -358.000
124     4       1.000   -358.000
124     5       1.000   -358.000
124     6       1.000   -358.000
124     7       1.000   -358.000
124     8       1.000   -358.000
124     9       1.000   -358.000
124     10      1.000   -358.000
124     11      1.000   -358.000
124     12      1.000   -358.000
124     13      1.000   -358.000
124     14      1.000   -358.000
124     15      1.000   -358.000
124     16      1.000   -358.000
124     17      1.000   -358.000
124     18      1.000   -358.000
124     19      1.000   -358.000
124     20      1.000   -358.000
124     21      1.000   -358.000
124     22      1.000   -358.000
124     23      1.000   -358.000
124     24      1.000   -351.987
124     25      1.000   -349.748
124     26      1.000   -350.826
124     27      1.000   -350.282
124     28      1.000   -350.292
124     29      1.000   -349.949
124     30      1.000   -348.555
124     31      1.000   -348.501
124     32      1.000   -347.698
124     33      1.000   -348.649
124     34      1.000   -349.418
124     35      1.000   -348.556
124     36      1.000   -348.798
124     37      1.000   -349.177
124     38      1.000   -351.685
124     39      1.000   -350.179
124     40      1.000   -350.231
124     41      1.000   -350.027
124     42      1.000   -351.123
124     43      1.000   -351.268
124     44      1.000   -351.051
124     45      1.000   -351.144
124     46      1.000   -352.883
124     47      1.000   -351.646
124     48      1.000   -350.720
124     49      1.000   -350.046
124     50      1.000   -350.851
124     51      1.000   -352.908
124     52      1.000   -352.510
124     53      1.000   -358.000
124     54      1.000   -358.000
124     55      1.000   -358.000
124     56      1.000   -358.000
124     57      1.000   -358.000
124     58      1.000   -358.000
124     59      1.000   -358.000
124     60      1.000   -358.000
124     61      1.000   -358.000
124     62      1.000   -358.000
124     63      1.000   -358.000
124     64      1.000   -358.000
#
### SDC1-V1
1       1       1.000   -335.497
1       2       1.000   -336.791
1       3       1.000   -337.040
1       4       1.000   -337.083
1       5       1.000   -338.489
1       6       1.000   -338.241
1       7       1.000   -337.866
1       8       1.000   -336.866
1       9       1.000   -338.891
1       10      1.000   -338.370
1       11      1.000   -338.308
1       12      1.000   -338.030
1       13      1.000   -337.443
1       14      1.000   -337.296
1       15      1.000   -338.026
1       16      1.000   -337.410
1       17      1.000   -335.292
1       18      1.000   -336.045
1       19      1.000   -336.261
1       20      1.000   -335.963
1       21      1.000   -337.168
1       22      1.000   -337.421
1       23      1.000   -336.760
1       24      1.000   -336.216
1       25      1.000   -337.214
1       26      1.000   -336.537
1       27      1.000   -336.930
1       28      1.000   -336.279
1       29      1.000   -335.927
1       30      1.000   -335.274
1       31      1.000   -335.593
1       32      1.000   -335.130
1       33      1.000   -335.610
1       34      1.000   -335.671
1       35      1.000   -335.562
1       36      1.000   -335.083
1       37      1.000   -337.154
1       38      1.000   -335.991
1       39      1.000   -336.217
1       40      1.000   -335.485
1       41      1.000   -336.381
1       42      1.000   -336.503
1       43      1.000   -336.826
1       44      1.000   -336.257
1       45      1.000   -336.169
1       46      1.000   -335.241
1       47      1.000   -335.502
1       48      1.000   -335.531
1       49      1.000   -335.665
1       50      1.000   -336.292
1       51      1.000   -335.859
1       52      1.000   -336.413
1       53      1.000   -337.866
1       54      1.000   -339.016
1       55      1.000   -338.906
1       56      1.000   -339.203
1       57      1.000   -338.000
1       58      1.000   -338.332
1       59      1.000   -338.000
1       60      1.000   -338.000
1       61      1.000   -340.582
1       62      1.000   -336.801
1       63      1.000   -338.000
1       64      1.000   -338.000  
#			 342.000
### SDC1-V2		 342.000
2       1       1.000   -334.675
2       2       1.000   -337.042
2       3       1.000   -337.014
2       4       1.000   -338.180
2       5       1.000   -339.193
2       6       1.000   -339.088
2       7       1.000   -338.108
2       8       1.000   -338.332
2       9       1.000   -337.517
2       10      1.000   -338.336
2       11      1.000   -338.074
2       12      1.000   -338.652
2       13      1.000   -337.192
2       14      1.000   -337.422
2       15      1.000   -337.042
2       16      1.000   -337.314
2       17      1.000   -335.426
2       18      1.000   -336.320
2       19      1.000   -336.513
2       20      1.000   -336.671
2       21      1.000   -337.240
2       22      1.000   -337.303
2       23      1.000   -337.098
2       24      1.000   -336.836
2       25      1.000   -336.563
2       26      1.000   -336.847
2       27      1.000   -336.772
2       28      1.000   -337.054
2       29      1.000   -336.073
2       30      1.000   -336.280
2       31      1.000   -336.336
2       32      1.000   -335.767
2       33      1.000   -335.614
2       34      1.000   -336.406
2       35      1.000   -336.697
2       36      1.000   -336.144
2       37      1.000   -335.727
2       38      1.000   -336.558
2       39      1.000   -336.029
2       40      1.000   -336.298
2       41      1.000   -335.141
2       42      1.000   -336.687
2       43      1.000   -335.951
2       44      1.000   -335.719
2       45      1.000   -335.804
2       46      1.000   -335.698
2       47      1.000   -334.698
2       48      1.000   -335.566
2       49      1.000   -335.479
2       50      1.000   -336.543
2       51      1.000   -336.834
2       52      1.000   -336.784
2       53      1.000   -337.299
2       54      1.000   -339.219
2       55      1.000   -338.418
2       56      1.000   -339.644
2       57      1.000   -338.252
2       58      1.000   -338.000
2       59      1.000   -338.146
2       60      1.000   -338.136
2       61      1.000   -337.139
2       62      1.000   -338.401
2       63      1.000   -339.019
2       64      1.000   -335.725
#			 342.000
### SDC1-X1		 342.000
3       1       1.000   -335.367
3       2       1.000   -337.093
3       3       1.000   -337.261
3       4       1.000   -338.025
3       5       1.000   -338.282
3       6       1.000   -337.776
3       7       1.000   -337.297
3       8       1.000   -337.170
3       9       1.000   -337.033
3       10      1.000   -338.003
3       11      1.000   -337.474
3       12      1.000   -337.815
3       13      1.000   -336.331
3       14      1.000   -336.575
3       15      1.000   -336.157
3       16      1.000   -336.253
3       17      1.000   -337.381
3       18      1.000   -338.111
3       19      1.000   -338.713
3       20      1.000   -338.564
3       21      1.000   -338.916
3       22      1.000   -340.016
3       23      1.000   -338.705
3       24      1.000   -339.015
3       25      1.000   -338.489
3       26      1.000   -339.537
3       27      1.000   -339.749
3       28      1.000   -339.345
3       29      1.000   -338.371
3       30      1.000   -338.000
3       31      1.000   -340.119
3       32      1.000   -339.497
3       33      1.000   -336.087
3       34      1.000   -336.652
3       35      1.000   -335.804
3       36      1.000   -335.723
3       37      1.000   -336.375
3       38      1.000   -336.719
3       39      1.000   -336.838
3       40      1.000   -336.804
3       41      1.000   -335.710
3       42      1.000   -336.528
3       43      1.000   -336.529
3       44      1.000   -336.599
3       45      1.000   -335.265
3       46      1.000   -335.893
3       47      1.000   -334.851
3       48      1.000   -335.177
3       49      1.000   -334.378
3       50      1.000   -335.636
3       51      1.000   -335.780
3       52      1.000   -336.044
3       53      1.000   -335.538
3       54      1.000   -336.357
3       55      1.000   -335.968
3       56      1.000   -335.975
3       57      1.000   -336.419
3       58      1.000   -337.914
3       59      1.000   -338.793
3       60      1.000   -338.450
3       61      1.000   -336.306
3       62      1.000   -337.168
3       63      1.000   -336.161
3       64      1.000   -334.541
#			 342.000
### SDC1-X2		 342.000
4       1       1.000   -336.024
4       2       1.000   -337.345
4       3       1.000   -338.386
4       4       1.000   -337.575
4       5       1.000   -338.437
4       6       1.000   -338.110
4       7       1.000   -337.857
4       8       1.000   -337.011
4       9       1.000   -338.096
4       10      1.000   -337.577
4       11      1.000   -337.984
4       12      1.000   -337.102
4       13      1.000   -336.464
4       14      1.000   -336.270
4       15      1.000   -336.952
4       16      1.000   -336.647
4       17      1.000   -337.526
4       18      1.000   -337.750
4       19      1.000   -338.390
4       20      1.000   -337.827
4       21      1.000   -338.879
4       22      1.000   -339.213
4       23      1.000   -339.136
4       24      1.000   -337.985
4       25      1.000   -340.820
4       26      1.000   -339.753
4       27      1.000   -341.455
4       28      1.000   -339.701
4       29      1.000   -342.196
4       30      1.000   -341.324
4       31      1.000   -341.076
4       32      1.000   -340.124
4       33      1.000   -335.787
4       34      1.000   -335.785
4       35      1.000   -336.787
4       36      1.000   -335.644
4       37      1.000   -335.760
4       38      1.000   -335.828
4       39      1.000   -336.048
4       40      1.000   -335.542
4       41      1.000   -336.314
4       42      1.000   -335.954
4       43      1.000   -336.010
4       44      1.000   -335.622
4       45      1.000   -335.753
4       46      1.000   -334.904
4       47      1.000   -334.825
4       48      1.000   -335.295
4       49      1.000   -335.586
4       50      1.000   -335.340
4       51      1.000   -336.456
4       52      1.000   -334.961
4       53      1.000   -335.702
4       54      1.000   -335.903
4       55      1.000   -336.341
4       56      1.000   -335.844
4       57      1.000   -336.843
4       58      1.000   -335.945
4       59      1.000   -337.953
4       60      1.000   -338.258
4       61      1.000   -335.402
4       62      1.000   -335.035
4       63      1.000   -334.591
4       64      1.000   -338.000
#			 342.000
### SDC1-U1		 342.000
5       1       1.000   -333.755
5       2       1.000   -334.772
5       3       1.000   -335.334
5       4       1.000   -335.827
5       5       1.000   -337.310
5       6       1.000   -336.791
5       7       1.000   -336.258
5       8       1.000   -335.342
5       9       1.000   -336.129
5       10      1.000   -336.068
5       11      1.000   -335.998
5       12      1.000   -336.222
5       13      1.000   -335.589
5       14      1.000   -335.174
5       15      1.000   -335.309
5       16      1.000   -335.092
5       17      1.000   -336.389
5       18      1.000   -337.238
5       19      1.000   -337.212
5       20      1.000   -336.736
5       21      1.000   -338.012
5       22      1.000   -337.460
5       23      1.000   -337.781
5       24      1.000   -337.219
5       25      1.000   -337.976
5       26      1.000   -337.915
5       27      1.000   -337.477
5       28      1.000   -336.491
5       29      1.000   -337.500
5       30      1.000   -337.093
5       31      1.000   -337.757
5       32      1.000   -337.545
5       33      1.000   -336.553
5       34      1.000   -336.144
5       35      1.000   -335.769
5       36      1.000   -336.336
5       37      1.000   -337.030
5       38      1.000   -337.099
5       39      1.000   -336.581
5       40      1.000   -335.686
5       41      1.000   -337.294
5       42      1.000   -336.245
5       43      1.000   -337.062
5       44      1.000   -336.646
5       45      1.000   -336.209
5       46      1.000   -336.208
5       47      1.000   -335.894
5       48      1.000   -335.830
5       49      1.000   -336.230
5       50      1.000   -335.405
5       51      1.000   -336.197
5       52      1.000   -336.009
5       53      1.000   -336.707
5       54      1.000   -336.134
5       55      1.000   -336.100
5       56      1.000   -335.493
5       57      1.000   -337.639
5       58      1.000   -336.130
5       59      1.000   -336.701
5       60      1.000   -335.037
5       61      1.000   -335.223
5       62      1.000   -336.411
5       63      1.000   -335.403
5       64      1.000   -335.129
#			 342.000
### SDC1-U2		 342.000
6       1       1.000   -338.000
6       2       1.000   -335.135
6       3       1.000   -335.059
6       4       1.000   -335.918
6       5       1.000   -337.194
6       6       1.000   -337.471
6       7       1.000   -335.834
6       8       1.000   -336.100
6       9       1.000   -335.328
6       10      1.000   -336.124
6       11      1.000   -336.117
6       12      1.000   -336.443
6       13      1.000   -335.318
6       14      1.000   -335.840
6       15      1.000   -335.263
6       16      1.000   -335.362
6       17      1.000   -335.577
6       18      1.000   -336.546
6       19      1.000   -336.104
6       20      1.000   -337.121
6       21      1.000   -337.211
6       22      1.000   -337.268
6       23      1.000   -336.709
6       24      1.000   -337.040
6       25      1.000   -336.721
6       26      1.000   -337.719
6       27      1.000   -337.595
6       28      1.000   -337.388
6       29      1.000   -335.523
6       30      1.000   -336.600
6       31      1.000   -336.253
6       32      1.000   -336.691
6       33      1.000   -334.986
6       34      1.000   -335.868
6       35      1.000   -336.306
6       36      1.000   -336.459
6       37      1.000   -336.279
6       38      1.000   -337.078
6       39      1.000   -336.470
6       40      1.000   -335.709
6       41      1.000   -335.805
6       42      1.000   -336.726
6       43      1.000   -336.680
6       44      1.000   -336.572
6       45      1.000   -334.954
6       46      1.000   -335.699
6       47      1.000   -335.352
6       48      1.000   -335.321
6       49      1.000   -334.909
6       50      1.000   -335.479
6       51      1.000   -335.570
6       52      1.000   -335.830
6       53      1.000   -336.441
6       54      1.000   -335.338
6       55      1.000   -335.942
6       56      1.000   -336.039
6       57      1.000   -336.720
6       58      1.000   -337.126
6       59      1.000   -336.845
6       60      1.000   -337.296
6       61      1.000   -335.096
6       62      1.000   -335.603
6       63      1.000   -336.250
6       64      1.000   -334.446
#
### SDC2-X1
31      1       0.833   -896.030
31      2       0.833   -897.251
31      3       0.833   -907.260
31      4       0.833   -900.000
31      5       0.833   -912.262
31      6       0.833   -907.712
31      7       0.833   -913.552
31      8       0.833   -908.092
31      9       0.833   -900.000
31      10      0.833   -900.000
31      11      0.833   -900.000
31      12      0.833   -900.000
31      13      0.833   -900.000
31      14      0.833   -912.280
31      15      0.833   -900.000
31      16      0.833   -900.000
31      17      0.833   -900.000
31      18      0.833   -900.000
31      19      0.833   -900.000
31      20      0.833   -900.000
31      21      0.833   -900.000
31      22      0.833   -900.000
31      23      0.833   -900.000
31      24      0.833   -900.000
31      25      0.833   -900.000
31      26      0.833   -900.000
31      27      0.833   -900.000
31      28      0.833   -900.000
31      29      0.833   -900.000
31      30      0.833   -900.000
31      31      0.833   -900.000
31      32      0.833   -900.000
31      33      0.833   -900.000
31      34      0.833   -900.000
31      35      0.833   -900.000
31      36      0.833   -900.000
31      37      0.833   -900.000
31      38      0.833   -900.000
31      39      0.833   -900.000
31      40      0.833   -900.000
31      41      0.833   -900.000
31      42      0.833   -900.000
31      43      0.833   -900.000
31      44      0.833   -900.000
31      45      0.833   -900.000
31      46      0.833   -900.000
31      47      0.833   -900.000
31      48      0.833   -900.000
31      49      0.833   -900.000
31      50      0.833   -900.000
31      51      0.833   -900.000
31      52      0.833   -900.000
31      53      0.833   -900.000
31      54      0.833   -913.000
31      55      0.833   -913.000
31      56      0.833   -913.000
31      57      0.833   -913.000
31      58      0.833   -913.000
31      59      0.833   -913.000
31      60      0.833   -913.000
31      61      0.833   -913.000
31      62      0.833   -913.000
31      63      0.833   -913.000
31      64      0.833   -913.000
31      65      0.833   -900.000
31      66      0.833   -900.000
31      67      0.833   -900.000
31      68      0.833   -900.000
31      69      0.833   -900.000
31      70      0.833   -900.000
31      71      0.833   -900.000
31      72      0.833   -900.000
31      73      0.833   -900.000
31      74      0.833   -900.000
31      75      0.833   -900.000
31      76      0.833   -900.000
31      77      0.833   -900.000
31      78      0.833   -900.000
31      79      0.833   -900.000
31      80      0.833   -900.000
31      81      0.833   -900.000
31      82      0.833   -900.000
31      83      0.833   -900.000
31      84      0.833   -900.000
31      85      0.833   -900.000
31      86      0.833   -900.000
31      87      0.833   -900.000
31      88      0.833   -900.000
31      89      0.833   -900.000
31      90      0.833   -900.000
31      91      0.833   -900.000
31      92      0.833   -900.000
31      93      0.833   -900.000
31      94      0.833   -900.000
31      95      0.833   -900.000
31      96      0.833   -900.000
31      97      0.833   -900.000
31      98      0.833   -900.000
31      99      0.833   -900.000
31      100     0.833   -900.000
31      101     0.833   -900.000
31      102     0.833   -900.000
31      103     0.833   -900.000
31      104     0.833   -900.000
31      105     0.833   -900.000
31      106     0.833   -900.000
31      107     0.833   -900.000
31      108     0.833   -900.000
31      109     0.833   -900.000
31      110     0.833   -900.000
31      111     0.833   -900.000
31      112     0.833   -900.000
31      113     0.833   -900.000
31      114     0.833   -900.000
31      115     0.833   -900.000
31      116     0.833   -900.000
31      117     0.833   -900.000
31      118     0.833   -900.000
31      119     0.833   -900.000
31      120     0.833   -900.000
31      121     0.833   -900.000
31      122     0.833   -900.000
31      123     0.833   -900.000
31      124     0.833   -900.000
31      125     0.833   -900.000
31      126     0.833   -900.000
31      127     0.833   -900.000
31      128     0.833   -900.000
#
### SDC2-X2
32      1       0.833   -900.000
32      2       0.833   -913.639
32      3       0.833   -913.616
32      4       0.833   -900.000
32      5       0.833   -900.000
32      6       0.833   -900.000
32      7       0.833   -900.000
32      8       0.833   -916.271
32      9       0.833   -900.000
32      10      0.833   -900.000
32      11      0.833   -900.000
32      12      0.833   -900.000
32      13      0.833   -900.000
32      14      0.833   -900.000
32      15      0.833   -900.000
32      16      0.833   -900.000
32      17      0.833   -900.000
32      18      0.833   -900.000
32      19      0.833   -900.000
32      20      0.833   -900.000
32      21      0.833   -900.000
32      22      0.833   -900.000
32      23      0.833   -900.000
32      24      0.833   -900.000
32      25      0.833   -900.000
32      26      0.833   -900.000
32      27      0.833   -900.000
32      28      0.833   -900.000
32      29      0.833   -900.000
32      30      0.833   -900.000
32      31      0.833   -900.000
32      32      0.833   -900.000
32      33      0.833   -900.000
32      34      0.833   -900.000
32      35      0.833   -900.000
32      36      0.833   -900.000
32      37      0.833   -900.000
32      38      0.833   -900.000
32      39      0.833   -900.000
32      40      0.833   -900.000
32      41      0.833   -900.000
32      42      0.833   -900.000
32      43      0.833   -900.000
32      44      0.833   -900.000
32      45      0.833   -900.000
32      46      0.833   -900.000
32      47      0.833   -900.000
32      48      0.833   -900.000
32      49      0.833   -900.000
32      50      0.833   -900.000
32      51      0.833   -900.000
32      52      0.833   -900.000
32      53      0.833   -893.968
32      54      0.833   -913.000
32      55      0.833   -913.000
32      56      0.833   -913.000
32      57      0.833   -913.000
32      58      0.833   -913.000
32      59      0.833   -913.000
32      60      0.833   -913.000
32      61      0.833   -913.000
32      62      0.833   -913.000
32      63      0.833   -913.000
32      64      0.833   -913.000
32      65      0.833   -900.000
32      66      0.833   -900.000
32      67      0.833   -900.000
32      68      0.833   -900.000
32      69      0.833   -900.000
32      70      0.833   -900.000
32      71      0.833   -900.000
32      72      0.833   -900.000
32      73      0.833   -900.000
32      74      0.833   -900.000
32      75      0.833   -900.000
32      76      0.833   -900.000
32      77      0.833   -900.000
32      78      0.833   -900.000
32      79      0.833   -900.000
32      80      0.833   -900.000
32      81      0.833   -900.000
32      82      0.833   -900.000
32      83      0.833   -900.000
32      84      0.833   -900.000
32      85      0.833   -900.000
32      86      0.833   -900.000
32      87      0.833   -900.000
32      88      0.833   -900.000
32      89      0.833   -900.000
32      90      0.833   -900.000
32      91      0.833   -900.000
32      92      0.833   -900.000
32      93      0.833   -900.000
32      94      0.833   -900.000
32      95      0.833   -900.000
32      96      0.833   -900.000
32      97      0.833   -900.000
32      98      0.833   -900.000
32      99      0.833   -900.000
32      100     0.833   -900.000
32      101     0.833   -900.000
32      102     0.833   -900.000
32      103     0.833   -900.000
32      104     0.833   -900.000
32      105     0.833   -900.000
32      106     0.833   -900.000
32      107     0.833   -900.000
32      108     0.833   -900.000
32      109     0.833   -900.000
32      110     0.833   -900.000
32      111     0.833   -900.000
32      112     0.833   -900.000
32      113     0.833   -900.000
32      114     0.833   -900.000
32      115     0.833   -900.000
32      116     0.833   -900.000
32      117     0.833   -900.000
32      118     0.833   -900.000
32      119     0.833   -900.000
32      120     0.833   -900.000
32      121     0.833   -900.000
32      122     0.833   -900.000
32      123     0.833   -900.000
32      124     0.833   -900.000
32      125     0.833   -900.000
32      126     0.833   -900.000
32      127     0.833   -900.000
32      128     0.833   -913.000
#
### SDC2-Y1
33      1       0.833   -900.000
33      2       0.833   -900.000
33      3       0.833   -900.000
33      4       0.833   -900.000
33      5       0.833   -900.000
33      6       0.833   -900.000
33      7       0.833   -900.000
33      8       0.833   -900.000
33      9       0.833   -900.000
33      10      0.833   -900.000
33      11      0.833   -900.000
33      12      0.833   -900.000
33      13      0.833   -900.000
33      14      0.833   -900.000
33      15      0.833   -900.000
33      16      0.833   -900.000
33      17      0.833   -900.000
33      18      0.833   -900.000
33      19      0.833   -900.000
33      20      0.833   -900.000
33      21      0.833   -900.000
33      22      0.833   -900.000
33      23      0.833   -900.000
33      24      0.833   -900.000
33      25      0.833   -900.000
33      26      0.833   -900.000
33      27      0.833   -900.000
33      28      0.833   -900.000
33      29      0.833   -900.000
33      30      0.833   -900.000
33      31      0.833   -900.000
33      32      0.833   -900.000
33      33      0.833   -900.000
33      34      0.833   -900.000
33      35      0.833   -900.000
33      36      0.833   -900.000
33      37      0.833   -900.000
33      38      0.833   -900.000
33      39      0.833   -900.000
33      40      0.833   -900.000
33      41      0.833   -900.000
33      42      0.833   -900.000
33      43      0.833   -900.000
33      44      0.833   -900.000
33      45      0.833   -900.000
33      46      0.833   -900.000
33      47      0.833   -900.000
33      48      0.833   -900.000
33      49      0.833   -900.000
33      50      0.833   -900.000
33      51      0.833   -900.000
33      52      0.833   -900.000
33      53      0.833   -900.000
33      54      0.833   -900.000
33      55      0.833   -900.000
33      56      0.833   -900.000
33      57      0.833   -900.000
33      58      0.833   -900.000
33      59      0.833   -900.000
33      60      0.833   -900.000
33      61      0.833   -899.340
33      62      0.833   -913.000
33      63      0.833   -913.000
33      64      0.833   -913.000
33      65      0.833   -913.000
33      66      0.833   -913.000
33      67      0.833   -913.000
33      68      0.833   -901.191
33      69      0.833   -900.000
33      70      0.833   -900.000
33      71      0.833   -900.000
33      72      0.833   -900.000
33      73      0.833   -900.000
33      74      0.833   -900.000
33      75      0.833   -900.000
33      76      0.833   -900.000
33      77      0.833   -900.000
33      78      0.833   -900.000
33      79      0.833   -900.000
33      80      0.833   -900.000
33      81      0.833   -900.000
33      82      0.833   -900.000
33      83      0.833   -900.000
33      84      0.833   -900.000
33      85      0.833   -900.000
33      86      0.833   -900.000
33      87      0.833   -900.000
33      88      0.833   -900.000
33      89      0.833   -900.000
33      90      0.833   -900.000
33      91      0.833   -900.000
33      92      0.833   -900.000
33      93      0.833   -900.000
33      94      0.833   -900.000
33      95      0.833   -900.000
33      96      0.833   -900.000
33      97      0.833   -900.000
33      98      0.833   -900.000
33      99      0.833   -900.000
33      100     0.833   -900.000
33      101     0.833   -900.000
33      102     0.833   -900.000
33      103     0.833   -900.000
33      104     0.833   -900.000
33      105     0.833   -900.000
33      106     0.833   -900.000
33      107     0.833   -900.000
33      108     0.833   -900.000
33      109     0.833   -900.000
33      110     0.833   -900.000
33      111     0.833   -900.000
33      112     0.833   -900.000
33      113     0.833   -900.000
33      114     0.833   -900.000
33      115     0.833   -900.000
33      116     0.833   -900.000
33      117     0.833   -900.000
33      118     0.833   -900.000
33      119     0.833   -900.000
33      120     0.833   -900.000
33      121     0.833   -900.000
33      122     0.833   -900.000
33      123     0.833   -900.000
33      124     0.833   -913.000
33      125     0.833   -900.000
33      126     0.833   -900.000
33      127     0.833   -900.000
33      128     0.833   -900.000
#
### SDC2-Y2
34      1       0.833   -900.000
34      2       0.833   -900.000
34      3       0.833   -900.000
34      4       0.833   -900.000
34      5       0.833   -900.000
34      6       0.833   -900.000
34      7       0.833   -900.000
34      8       0.833   -900.000
34      9       0.833   -900.000
34      10      0.833   -900.000
34      11      0.833   -900.000
34      12      0.833   -900.000
34      13      0.833   -900.000
34      14      0.833   -900.000
34      15      0.833   -900.000
34      16      0.833   -900.000
34      17      0.833   -900.000
34      18      0.833   -900.000
34      19      0.833   -900.000
34      20      0.833   -900.000
34      21      0.833   -900.000
34      22      0.833   -900.000
34      23      0.833   -900.000
34      24      0.833   -900.000
34      25      0.833   -900.000
34      26      0.833   -900.000
34      27      0.833   -900.000
34      28      0.833   -900.000
34      29      0.833   -900.000
34      30      0.833   -900.000
34      31      0.833   -900.000
34      32      0.833   -900.000
34      33      0.833   -900.000
34      34      0.833   -900.000
34      35      0.833   -900.000
34      36      0.833   -900.000
34      37      0.833   -900.000
34      38      0.833   -900.000
34      39      0.833   -900.000
34      40      0.833   -900.000
34      41      0.833   -900.000
34      42      0.833   -900.000
34      43      0.833   -900.000
34      44      0.833   -900.000
34      45      0.833   -900.000
34      46      0.833   -900.000
34      47      0.833   -900.000
34      48      0.833   -900.000
34      49      0.833   -900.000
34      50      0.833   -900.000
34      51      0.833   -900.000
34      52      0.833   -900.000
34      53      0.833   -900.000
34      54      0.833   -900.000
34      55      0.833   -900.000
34      56      0.833   -900.000
34      57      0.833   -900.000
34      58      0.833   -900.000
34      59      0.833   -900.000
34      60      0.833   -900.000
34      61      0.833   -899.746
34      62      0.833   -913.000
34      63      0.833   -913.000
34      64      0.833   -913.000
34      65      0.833   -900.000
34      66      0.833   -913.000
34      67      0.833   -913.000
34      68      0.833   -899.200
34      69      0.833   -900.000
34      70      0.833   -900.000
34      71      0.833   -900.000
34      72      0.833   -900.000
34      73      0.833   -900.000
34      74      0.833   -900.000
34      75      0.833   -900.000
34      76      0.833   -900.000
34      77      0.833   -900.000
34      78      0.833   -900.000
34      79      0.833   -900.000
34      80      0.833   -900.000
34      81      0.833   -900.000
34      82      0.833   -900.000
34      83      0.833   -900.000
34      84      0.833   -900.000
34      85      0.833   -900.000
34      86      0.833   -900.000
34      87      0.833   -900.000
34      88      0.833   -900.000
34      89      0.833   -900.000
34      90      0.833   -900.000
34      91      0.833   -900.000
34      92      0.833   -900.000
34      93      0.833   -900.000
34      94      0.833   -900.000
34      95      0.833   -900.000
34      96      0.833   -900.000
34      97      0.833   -900.000
34      98      0.833   -900.000
34      99      0.833   -900.000
34      100     0.833   -900.000
34      101     0.833   -900.000
34      102     0.833   -900.000
34      103     0.833   -900.000
34      104     0.833   -900.000
34      105     0.833   -900.000
34      106     0.833   -900.000
34      107     0.833   -900.000
34      108     0.833   -900.000
34      109     0.833   -900.000
34      110     0.833   -900.000
34      111     0.833   -900.000
34      112     0.833   -900.000
34      113     0.833   -900.000
34      114     0.833   -900.000
34      115     0.833   -900.000
34      116     0.833   -900.000
34      117     0.833   -900.000
34      118     0.833   -900.000
34      119     0.833   -900.000
34      120     0.833   -900.000
34      121     0.833   -900.000
34      122     0.833   -900.000
34      123     0.833   -900.000
34      124     0.833   -917.962
34      125     0.833   -901.586
34      126     0.833   -913.987
34      127     0.833   -914.121
34      128     0.833   -892.960
#
### SDC3-Y1
35      1       0.833   -900.000
35      2       0.833   -900.000
35      3       0.833   -900.000
35      4       0.833   -900.000
35      5       0.833   -900.000
35      6       0.833   -900.000
35      7       0.833   -900.000
35      8       0.833   -900.000
35      9       0.833   -900.000
35      10      0.833   -900.000
35      11      0.833   -900.000
35      12      0.833   -900.000
35      13      0.833   -900.000
35      14      0.833   -900.000
35      15      0.833   -900.000
35      16      0.833   -900.000
35      17      0.833   -900.000
35      18      0.833   -900.000
35      19      0.833   -900.000
35      20      0.833   -900.000
35      21      0.833   -900.000
35      22      0.833   -900.000
35      23      0.833   -900.000
35      24      0.833   -900.000
35      25      0.833   -900.000
35      26      0.833   -900.000
35      27      0.833   -900.000
35      28      0.833   -900.000
35      29      0.833   -900.000
35      30      0.833   -900.000
35      31      0.833   -900.000
35      32      0.833   -880.000
35      33      0.833   -880.000
35      34      0.833   -880.000
35      35      0.833   -900.000
35      36      0.833   -900.000
35      37      0.833   -900.000
35      38      0.833   -900.000
35      39      0.833   -900.000
35      40      0.833   -900.000
35      41      0.833   -900.000
35      42      0.833   -900.000
35      43      0.833   -900.000
35      44      0.833   -900.000
35      45      0.833   -900.000
35      46      0.833   -900.000
35      47      0.833   -900.000
35      48      0.833   -900.000
35      49      0.833   -900.000
35      50      0.833   -900.000
35      51      0.833   -900.000
35      52      0.833   -900.000
35      53      0.833   -900.000
35      54      0.833   -900.000
35      55      0.833   -900.000
35      56      0.833   -900.000
35      57      0.833   -900.000
35      58      0.833   -900.000
35      59      0.833   -900.000
35      60      0.833   -900.000
35      61      0.833   -900.000
35      62      0.833   -900.000
35      63      0.833   -900.000
35      64      0.833   -900.000
#
## SDC3-Y2
36      1       0.833   -880.000
36      2       0.833   -900.000
36      3       0.833   -900.000
36      4       0.833   -900.000
36      5       0.833   -900.000
36      6       0.833   -900.000
36      7       0.833   -900.000
36      8       0.833   -900.000
36      9       0.833   -900.000
36      10      0.833   -900.000
36      11      0.833   -900.000
36      12      0.833   -900.000
36      13      0.833   -900.000
36      14      0.833   -900.000
36      15      0.833   -900.000
36      16      0.833   -900.000
36      17      0.833   -900.000
36      18      0.833   -900.000
36      19      0.833   -900.000
36      20      0.833   -900.000
36      21      0.833   -900.000
36      22      0.833   -900.000
36      23      0.833   -900.000
36      24      0.833   -900.000
36      25      0.833   -900.000
36      26      0.833   -900.000
36      27      0.833   -900.000
36      28      0.833   -900.000
36      29      0.833   -900.000
36      30      0.833   -900.000
36      31      0.833   -880.000
36      32      0.833   -880.000
36      33      0.833   -880.000
36      34      0.833   -900.000
36      35      0.833   -900.000
36      36      0.833   -900.000
36      37      0.833   -900.000
36      38      0.833   -900.000
36      39      0.833   -900.000
36      40      0.833   -900.000
36      41      0.833   -900.000
36      42      0.833   -900.000
36      43      0.833   -900.000
36      44      0.833   -900.000
36      45      0.833   -900.000
36      46      0.833   -900.000
36      47      0.833   -900.000
36      48      0.833   -900.000
36      49      0.833   -900.000
36      50      0.833   -900.000
36      51      0.833   -900.000
36      52      0.833   -900.000
36      53      0.833   -900.000
36      54      0.833   -900.000
36      55      0.833   -900.000
36      56      0.833   -900.000
36      57      0.833   -900.000
36      58      0.833   -900.000
36      59      0.833   -900.000
36      60      0.833   -900.000
36      61      0.833   -900.000
36      62      0.833   -900.000
36      63      0.833   -900.000
36      64      0.833   -900.000
#
### SDC3-X1
37      1       0.833   -900.000
37      2       0.833   -900.000
37      3       0.833   -900.000
37      4       0.833   -900.000
37      5       0.833   -900.000
37      6       0.833   -900.000
37      7       0.833   -900.000
37      8       0.833   -900.000
37      9       0.833   -900.000
37      10      0.833   -900.000
37      11      0.833   -900.000
37      12      0.833   -900.000
37      13      0.833   -900.000
37      14      0.833   -900.000
37      15      0.833   -900.000
37      16      0.833   -900.000
37      17      0.833   -900.000
37      18      0.833   -900.000
37      19      0.833   -900.000
37      20      0.833   -900.000
37      21      0.833   -900.000
37      22      0.833   -900.000
37      23      0.833   -900.000
37      24      0.833   -900.000
37      25      0.833   -900.000
37      26      0.833   -900.000
37      27      0.833   -900.000
37      28      0.833   -900.000
37      29      0.833   -900.000
37      30      0.833   -900.000
37      31      0.833   -900.000
37      32      0.833   -900.000
37      33      0.833   -900.000
37      34      0.833   -900.000
37      35      0.833   -900.000
37      36      0.833   -900.000
37      37      0.833   -900.000
37      38      0.833   -900.000
37      39      0.833   -900.000
37      40      0.833   -900.000
37      41      0.833   -900.000
37      42      0.833   -900.000
37      43      0.833   -900.000
37      44      0.833   -900.000
37      45      0.833   -880.000
37      46      0.833   -880.000
37      47      0.833   -880.000
37      48      0.833   -880.000
37      49      0.833   -880.000
37      50      0.833   -880.000
37      51      0.833   -880.000
37      52      0.833   -880.000
37      53      0.833   -880.000
37      54      0.833   -900.000
37      55      0.833   -900.000
37      56      0.833   -900.000
37      57      0.833   -900.000
37      58      0.833   -900.000
37      59      0.833   -900.000
37      60      0.833   -900.000
37      61      0.833   -900.000
37      62      0.833   -900.000
37      63      0.833   -900.000
37      64      0.833   -900.000
37      65      0.833   -900.000
37      66      0.833   -900.000
37      67      0.833   -900.000
37      68      0.833   -900.000
37      69      0.833   -900.000
37      70      0.833   -900.000
37      71      0.833   -900.000
37      72      0.833   -900.000
37      73      0.833   -900.000
37      74      0.833   -900.000
37      75      0.833   -900.000
37      76      0.833   -900.000
37      77      0.833   -900.000
37      78      0.833   -900.000
37      79      0.833   -900.000
37      80      0.833   -900.000
37      81      0.833   -900.000
37      82      0.833   -900.000
37      83      0.833   -900.000
37      84      0.833   -900.000
37      85      0.833   -900.000
37      86      0.833   -900.000
37      87      0.833   -900.000
37      88      0.833   -900.000
37      89      0.833   -900.000
37      90      0.833   -900.000
37      91      0.833   -900.000
37      92      0.833   -900.000
37      93      0.833   -900.000
37      94      0.833   -900.000
37      95      0.833   -900.000
37      96      0.833   -900.000
#
### SDC3-X2
38      1       0.833   -900.000
38      2       0.833   -900.000
38      3       0.833   -900.000
38      4       0.833   -900.000
38      5       0.833   -900.000
38      6       0.833   -900.000
38      7       0.833   -900.000
38      8       0.833   -900.000
38      9       0.833   -900.000
38      10      0.833   -900.000
38      11      0.833   -900.000
38      12      0.833   -900.000
38      13      0.833   -900.000
38      14      0.833   -900.000
38      15      0.833   -900.000
38      16      0.833   -900.000
38      17      0.833   -900.000
38      18      0.833   -900.000
38      19      0.833   -880.000
38      20      0.833   -900.000
38      21      0.833   -900.000
38      22      0.833   -900.000
38      23      0.833   -900.000
38      24      0.833   -900.000
38      25      0.833   -900.000
38      26      0.833   -900.000
38      27      0.833   -900.000
38      28      0.833   -900.000
38      29      0.833   -900.000
38      30      0.833   -900.000
38      31      0.833   -900.000
38      32      0.833   -900.000
38      33      0.833   -900.000
38      34      0.833   -900.000
38      35      0.833   -900.000
38      36      0.833   -900.000
38      37      0.833   -900.000
38      38      0.833   -900.000
38      39      0.833   -900.000
38      40      0.833   -900.000
38      41      0.833   -900.000
38      42      0.833   -900.000
38      43      0.833   -900.000
38      44      0.833   -900.000
38      45      0.833   -880.000
38      46      0.833   -880.000
38      47      0.833   -880.000
38      48      0.833   -880.000
38      49      0.833   -880.000
38      50      0.833   -880.000
38      51      0.833   -880.000
38      52      0.833   -880.000
38      53      0.833   -880.000
38      54      0.833   -900.000
38      55      0.833   -900.000
38      56      0.833   -900.000
38      57      0.833   -900.000
38      58      0.833   -900.000
38      59      0.833   -900.000
38      60      0.833   -900.000
38      61      0.833   -900.000
38      62      0.833   -900.000
38      63      0.833   -900.000
38      64      0.833   -900.000
38      65      0.833   -900.000
38      66      0.833   -900.000
38      67      0.833   -900.000
38      68      0.833   -900.000
38      69      0.833   -900.000
38      70      0.833   -900.000
38      71      0.833   -900.000
38      72      0.833   -900.000
38      73      0.833   -900.000
38      74      0.833   -900.000
38      75      0.833   -900.000
38      76      0.833   -900.000
38      77      0.833   -900.000
38      78      0.833   -900.000
38      79      0.833   -900.000
38      80      0.833   -900.000
38      81      0.833   -900.000
38      82      0.833   -900.000
38      83      0.833   -900.000
38      84      0.833   -900.000
38      85      0.833   -900.000
38      86      0.833   -900.000
38      87      0.833   -900.000
38      88      0.833   -900.000
38      89      0.833   -900.000
38      90      0.833   -900.000
38      91      0.833   -900.000
38      92      0.833   -900.000
38      93      0.833   -900.000
38      94      0.833   -900.000
38      95      0.833   -900.000
38      96      0.833   -900.000
#
