#PlaneID WireId    p1         p0
#SDC1 U1
1	1	7.800000E-01	-743.000000
1	2	7.800000E-01	-742.000000
1	3	7.800000E-01	-742.000000
1	4	7.800000E-01	-738.000000
1	5	7.800000E-01	-739.000000
1	6	7.800000E-01	-740.000000
1	7	7.800000E-01	-740.000000
1	8	7.800000E-01	-743.000000
1	9	7.800000E-01	-744.000000
1	10	7.800000E-01	-744.000000
1	11	7.800000E-01	-743.000000
1	12	7.800000E-01	-745.000000
1	13	7.800000E-01	-743.000000
1	14	7.800000E-01	-744.000000
1	15	7.800000E-01	-746.000000
1	16	7.800000E-01	-746.000000
1	17	7.800000E-01	-746.000000
1	18	7.800000E-01	-745.000000
1	19	7.800000E-01	-745.000000
1	20	7.800000E-01	-745.000000
1	21	7.800000E-01	-745.000000
1	22	7.800000E-01	-747.000000
1	23	7.800000E-01	-747.000000
1	24	7.800000E-01	-745.000000
1	25	7.800000E-01	-745.000000
1	26	7.800000E-01	-745.000000
1	27	7.800000E-01	-745.000000
1	28	7.800000E-01	-745.000000
1	29	7.800000E-01	-745.000000
1	30	7.800000E-01	-746.000000
1	31	7.800000E-01	-746.000000
1	32	7.800000E-01	-746.000000
1	33	7.800000E-01	-746.000000
1	34	7.800000E-01	-745.000000
1	35	7.800000E-01	-746.000000
1	36	7.800000E-01	-746.000000
1	37	7.800000E-01	-746.000000
1	38	7.800000E-01	-746.000000
1	39	7.800000E-01	-746.000000
1	40	7.800000E-01	-746.000000
1	41	7.800000E-01	-745.000000
1	42	7.800000E-01	-745.000000
1	43	7.800000E-01	-747.000000
1	44	7.800000E-01	-745.000000
1	45	7.800000E-01	-746.000000
1	46	7.800000E-01	-745.000000
1	47	7.800000E-01	-746.000000
1	48	7.800000E-01	-745.000000
1	49	7.800000E-01	-744.000000
1	50	7.800000E-01	-745.000000
1	51	7.800000E-01	-748.000000
1	52	7.800000E-01	-746.000000
1	53	7.800000E-01	-745.000000
1	54	7.800000E-01	-746.000000
1	55	7.800000E-01	-745.000000
1	56	7.800000E-01	-745.000000
1	57	7.800000E-01	-745.000000
1	58	7.800000E-01	-745.000000
1	59	7.800000E-01	-744.000000
1	60	7.800000E-01	-744.000000
1	61	7.800000E-01	-744.000000
1	62	7.800000E-01	-745.000000
1	63	7.800000E-01	-744.000000
1	64	7.800000E-01	-744.000000
#SDC1 U2
2	1	7.800000E-01	-743.000000
2	2	7.800000E-01	-743.000000
2	3	7.800000E-01	-745.000000
2	4	7.800000E-01	-744.000000
2	5	7.800000E-01	-744.000000
2	6	7.800000E-01	-743.000000
2	7	7.800000E-01	-744.000000
2	8	7.800000E-01	-744.000000
2	9	7.800000E-01	-744.000000
2	10	7.800000E-01	-743.000000
2	11	7.800000E-01	-744.000000
2	12	7.800000E-01	-744.000000
2	13	7.800000E-01	-743.000000
2	14	7.800000E-01	-745.000000
2	15	7.800000E-01	-745.000000
2	16	7.800000E-01	-745.000000
2	17	7.800000E-01	-746.000000
2	18	7.800000E-01	-745.000000
2	19	7.800000E-01	-746.000000
2	20	7.800000E-01	-746.000000
2	21	7.800000E-01	-746.000000
2	22	7.800000E-01	-746.000000
2	23	7.800000E-01	-746.000000
2	24	7.800000E-01	-746.000000
2	25	7.800000E-01	-746.000000
2	26	7.800000E-01	-746.000000
2	27	7.800000E-01	-746.000000
2	28	7.800000E-01	-746.000000
2	29	7.800000E-01	-746.000000
2	30	7.800000E-01	-746.000000
2	31	7.800000E-01	-746.000000
2	32	7.800000E-01	-746.000000
2	33	7.800000E-01	-746.000000
2	34	7.800000E-01	-746.000000
2	35	7.800000E-01	-746.000000
2	36	7.800000E-01	-746.000000
2	37	7.800000E-01	-746.000000
2	38	7.800000E-01	-746.000000
2	39	7.800000E-01	-746.000000
2	40	7.800000E-01	-746.000000
2	41	7.800000E-01	-746.000000
2	42	7.800000E-01	-748.000000
2	43	7.800000E-01	-746.000000
2	44	7.800000E-01	-746.000000
2	45	7.800000E-01	-746.000000
2	46	7.800000E-01	-747.000000
2	47	7.800000E-01	-748.000000
2	48	7.800000E-01	-747.000000
2	49	7.800000E-01	-746.000000
2	50	7.800000E-01	-748.000000
2	51	7.800000E-01	-746.000000
2	52	7.800000E-01	-748.000000
2	53	7.800000E-01	-748.000000
2	54	7.800000E-01	-745.000000
2	55	7.800000E-01	-746.000000
2	56	7.800000E-01	-746.000000
2	57	7.800000E-01	-745.000000
2	58	7.800000E-01	-745.000000
2	59	7.800000E-01	-745.000000
2	60	7.800000E-01	-745.000000
2	61	7.800000E-01	-745.000000
2	62	7.800000E-01	-745.000000
2	63	7.800000E-01	-745.000000
2	64	7.800000E-01	-745.000000
#SDC1 V1
3	1	7.800000E-01	-740.000000
3	2	7.800000E-01	-741.000000
3	3	7.800000E-01	-741.000000
3	4	7.800000E-01	-741.000000
3	5	7.800000E-01	-739.000000
3	6	7.800000E-01	-739.000000
3	7	7.800000E-01	-739.000000
3	8	7.800000E-01	-740.000000
3	9	7.800000E-01	-741.000000
3	10	7.800000E-01	-742.000000
3	11	7.800000E-01	-738.000000
3	12	7.800000E-01	-740.000000
3	13	7.800000E-01	-741.000000
3	14	7.800000E-01	-741.000000
3	15	7.800000E-01	-743.000000
3	16	7.800000E-01	-741.000000
3	17	7.800000E-01	-741.000000
3	18	7.800000E-01	-741.000000
3	19	7.800000E-01	-742.000000
3	20	7.800000E-01	-742.000000
3	21	7.800000E-01	-742.000000
3	22	7.800000E-01	-742.000000
3	23	7.800000E-01	-742.000000
3	24	7.800000E-01	-742.000000
3	25	7.800000E-01	-742.000000
3	26	7.800000E-01	-742.000000
3	27	7.800000E-01	-742.000000
3	28	7.800000E-01	-742.000000
3	29	7.800000E-01	-742.000000
3	30	7.800000E-01	-742.000000
3	31	7.800000E-01	-742.000000
3	32	7.800000E-01	-742.000000
3	33	7.800000E-01	-742.000000
3	34	7.800000E-01	-742.000000
3	35	7.800000E-01	-742.000000
3	36	7.800000E-01	-742.000000
3	37	7.800000E-01	-742.000000
3	38	7.800000E-01	-742.000000
3	39	7.800000E-01	-742.000000
3	40	7.800000E-01	-742.000000
3	41	7.800000E-01	-743.000000
3	42	7.800000E-01	-742.000000
3	43	7.800000E-01	-742.000000
3	44	7.800000E-01	-742.000000
3	45	7.800000E-01	-743.000000
3	46	7.800000E-01	-742.000000
3	47	7.800000E-01	-743.000000
3	48	7.800000E-01	-742.000000
3	49	7.800000E-01	-744.000000
3	50	7.800000E-01	-743.000000
3	51	7.800000E-01	-746.000000
3	52	7.800000E-01	-744.000000
3	53	7.800000E-01	-745.000000
3	54	7.800000E-01	-744.000000
3	55	7.800000E-01	-744.000000
3	56	7.800000E-01	-744.000000
3	57	7.800000E-01	-742.000000
3	58	7.800000E-01	-743.000000
3	59	7.800000E-01	-742.000000
3	60	7.800000E-01	-744.000000
3	61	7.800000E-01	-742.000000
3	62	7.800000E-01	-741.000000
3	63	7.800000E-01	-743.000000
3	64	7.800000E-01	-743.000000
#SDC1 V2
4	1	7.800000E-01	-741.000000
4	2	7.800000E-01	-742.000000
4	3	7.800000E-01	-740.000000
4	4	7.800000E-01	-741.000000
4	5	7.800000E-01	-741.000000
4	6	7.800000E-01	-741.000000
4	7	7.800000E-01	-741.000000
4	8	7.800000E-01	-739.000000
4	9	7.800000E-01	-741.000000
4	10	7.800000E-01	-741.000000
4	11	7.800000E-01	-742.000000
4	12	7.800000E-01	-739.000000
4	13	7.800000E-01	-742.000000
4	14	7.800000E-01	-743.000000
4	15	7.800000E-01	-741.000000
4	16	7.800000E-01	-741.000000
4	17	7.800000E-01	-741.000000
4	18	7.800000E-01	-741.000000
4	19	7.800000E-01	-742.000000
4	20	7.800000E-01	-742.000000
4	21	7.800000E-01	-741.000000
4	22	7.800000E-01	-742.000000
4	23	7.800000E-01	-742.000000
4	24	7.800000E-01	-742.000000
4	25	7.800000E-01	-743.000000
4	26	7.800000E-01	-741.000000
4	27	7.800000E-01	-741.000000
4	28	7.800000E-01	-741.000000
4	29	7.800000E-01	-741.000000
4	30	7.800000E-01	-743.000000
4	31	7.800000E-01	-741.000000
4	32	7.800000E-01	-741.000000
4	33	7.800000E-01	-741.000000
4	34	7.800000E-01	-741.000000
4	35	7.800000E-01	-742.000000
4	36	7.800000E-01	-741.000000
4	37	7.800000E-01	-743.000000
4	38	7.800000E-01	-744.000000
4	39	7.800000E-01	-744.000000
4	40	7.800000E-01	-744.000000
4	41	7.800000E-01	-743.000000
4	42	7.800000E-01	-743.000000
4	43	7.800000E-01	-744.000000
4	44	7.800000E-01	-744.000000
4	45	7.800000E-01	-743.000000
4	46	7.800000E-01	-743.000000
4	47	7.800000E-01	-744.000000
4	48	7.800000E-01	-744.000000
4	49	7.800000E-01	-742.000000
4	50	7.800000E-01	-744.000000
4	51	7.800000E-01	-744.000000
4	52	7.800000E-01	-743.000000
4	53	7.800000E-01	-743.000000
4	54	7.800000E-01	-743.000000
4	55	7.800000E-01	-743.000000
4	56	7.800000E-01	-741.000000
4	57	7.800000E-01	-741.000000
4	58	7.800000E-01	-740.000000
4	59	7.800000E-01	-743.000000
4	60	7.800000E-01	-744.000000
4	61	7.800000E-01	-743.000000
4	62	7.800000E-01	-745.000000
4	63	7.800000E-01	-743.000000
4	64	7.800000E-01	-742.000000
#SDC2 V1
5	1	7.800000E-01	-745.000000
5	2	7.800000E-01	-745.000000
5	3	7.800000E-01	-745.000000
5	4	7.800000E-01	-745.000000
5	5	7.800000E-01	-745.000000
5	6	7.800000E-01	-745.000000
5	7	7.800000E-01	-745.000000
5	8	7.800000E-01	-745.000000
5	9	7.800000E-01	-745.000000
5	10	7.800000E-01	-738.000000
5	11	7.800000E-01	-741.000000
5	12	7.800000E-01	-740.000000
5	13	7.800000E-01	-744.000000
5	14	7.800000E-01	-741.000000
5	15	7.800000E-01	-741.000000
5	16	7.800000E-01	-741.000000
5	17	7.800000E-01	-741.000000
5	18	7.800000E-01	-738.000000
5	19	7.800000E-01	-739.000000
5	20	7.800000E-01	-745.000000
5	21	7.800000E-01	-742.000000
5	22	7.800000E-01	-743.000000
5	23	7.800000E-01	-739.000000
5	24	7.800000E-01	-741.000000
5	25	7.800000E-01	-740.000000
5	26	7.800000E-01	-741.000000
5	27	7.800000E-01	-740.000000
5	28	7.800000E-01	-741.000000
5	29	7.800000E-01	-741.000000
5	30	7.800000E-01	-741.000000
5	31	7.800000E-01	-741.000000
5	32	7.800000E-01	-741.000000
5	33	7.800000E-01	-742.000000
5	34	7.800000E-01	-741.000000
5	35	7.800000E-01	-741.000000
5	36	7.800000E-01	-741.000000
5	37	7.800000E-01	-741.000000
5	38	7.800000E-01	-741.000000
5	39	7.800000E-01	-741.000000
5	40	7.800000E-01	-742.000000
5	41	7.800000E-01	-743.000000
5	42	7.800000E-01	-744.000000
5	43	7.800000E-01	-744.000000
5	44	7.800000E-01	-744.000000
5	45	7.800000E-01	-744.000000
5	46	7.800000E-01	-744.000000
5	47	7.800000E-01	-744.000000
5	48	7.800000E-01	-744.000000
5	49	7.800000E-01	-744.000000
5	50	7.800000E-01	-744.000000
5	51	7.800000E-01	-744.000000
5	52	7.800000E-01	-744.000000
5	53	7.800000E-01	-744.000000
5	54	7.800000E-01	-744.000000
5	55	7.800000E-01	-744.000000
5	56	7.800000E-01	-744.000000
5	57	7.800000E-01	-744.000000
5	58	7.800000E-01	-744.000000
5	59	7.800000E-01	-745.000000
5	60	7.800000E-01	-742.000000
5	61	7.800000E-01	-743.000000
5	62	7.800000E-01	-742.000000
5	63	7.800000E-01	-743.000000
5	64	7.800000E-01	-743.000000
5	65	7.800000E-01	-744.000000
5	66	7.800000E-01	-745.000000
5	67	7.800000E-01	-744.000000
5	68	7.800000E-01	-744.000000
5	69	7.800000E-01	-744.000000
5	70	7.800000E-01	-744.000000
5	71	7.800000E-01	-744.000000
5	72	7.800000E-01	-743.000000
5	73	7.800000E-01	-743.000000
5	74	7.800000E-01	-743.000000
5	75	7.800000E-01	-742.000000
5	76	7.800000E-01	-743.000000
5	77	7.800000E-01	-745.000000
5	78	7.800000E-01	-744.000000
5	79	7.800000E-01	-744.000000
5	80	7.800000E-01	-744.000000
5	81	7.800000E-01	-745.000000
5	82	7.800000E-01	-743.000000
5	83	7.800000E-01	-746.000000
5	84	7.800000E-01	-743.000000
5	85	7.800000E-01	-744.000000
5	86	7.800000E-01	-743.000000
5	87	7.800000E-01	-743.000000
5	88	7.800000E-01	-745.000000
5	89	7.800000E-01	-745.000000
5	90	7.800000E-01	-745.000000
5	91	7.800000E-01	-745.000000
5	92	7.800000E-01	-745.000000
5	93	7.800000E-01	-745.000000
5	94	7.800000E-01	-745.000000
5	95	7.800000E-01	-745.000000
5	96	7.800000E-01	-745.000000
#SDC2 V2
6	1	7.800000E-01	-745.000000
6	2	7.800000E-01	-745.000000
6	3	7.800000E-01	-745.000000
6	4	7.800000E-01	-745.000000
6	5	7.800000E-01	-745.000000
6	6	7.800000E-01	-745.000000
6	7	7.800000E-01	-745.000000
6	8	7.800000E-01	-745.000000
6	9	7.800000E-01	-745.000000
6	10	7.800000E-01	-743.000000
6	11	7.800000E-01	-742.000000
6	12	7.800000E-01	-741.000000
6	13	7.800000E-01	-743.000000
6	14	7.800000E-01	-743.000000
6	15	7.800000E-01	-743.000000
6	16	7.800000E-01	-743.000000
6	17	7.800000E-01	-741.000000
6	18	7.800000E-01	-741.000000
6	19	7.800000E-01	-741.000000
6	20	7.800000E-01	-741.000000
6	21	7.800000E-01	-741.000000
6	22	7.800000E-01	-742.000000
6	23	7.800000E-01	-741.000000
6	24	7.800000E-01	-741.000000
6	25	7.800000E-01	-743.000000
6	26	7.800000E-01	-742.000000
6	27	7.800000E-01	-742.000000
6	28	7.800000E-01	-745.000000
6	29	7.800000E-01	-742.000000
6	30	7.800000E-01	-741.000000
6	31	7.800000E-01	-741.000000
6	32	7.800000E-01	-743.000000
6	33	7.800000E-01	-745.000000
6	34	7.800000E-01	-747.000000
6	35	7.800000E-01	-746.000000
6	36	7.800000E-01	-748.000000
6	37	7.800000E-01	-749.000000
6	38	7.800000E-01	-748.000000
6	39	7.800000E-01	-746.000000
6	40	7.800000E-01	-746.000000
6	41	7.800000E-01	-746.000000
6	42	7.800000E-01	-748.000000
6	43	7.800000E-01	-747.000000
6	44	7.800000E-01	-747.000000
6	45	7.800000E-01	-746.000000
6	46	7.800000E-01	-746.000000
6	47	7.800000E-01	-746.000000
6	48	7.800000E-01	-746.000000
6	49	7.800000E-01	-746.000000
6	50	7.800000E-01	-746.000000
6	51	7.800000E-01	-746.000000
6	52	7.800000E-01	-746.000000
6	53	7.800000E-01	-746.000000
6	54	7.800000E-01	-746.000000
6	55	7.800000E-01	-748.000000
6	56	7.800000E-01	-746.000000
6	57	7.800000E-01	-746.000000
6	58	7.800000E-01	-746.000000
6	59	7.800000E-01	-746.000000
6	60	7.800000E-01	-747.000000
6	61	7.800000E-01	-747.000000
6	62	7.800000E-01	-746.000000
6	63	7.800000E-01	-744.000000
6	64	7.800000E-01	-746.000000
6	65	7.800000E-01	-746.000000
6	66	7.800000E-01	-744.000000
6	67	7.800000E-01	-746.000000
6	68	7.800000E-01	-744.000000
6	69	7.800000E-01	-748.000000
6	70	7.800000E-01	-744.000000
6	71	7.800000E-01	-746.000000
6	72	7.800000E-01	-744.000000
6	73	7.800000E-01	-745.000000
6	74	7.800000E-01	-745.000000
6	75	7.800000E-01	-747.000000
6	76	7.800000E-01	-747.000000
6	77	7.800000E-01	-748.000000
6	78	7.800000E-01	-748.000000
6	79	7.800000E-01	-749.000000
6	80	7.800000E-01	-748.000000
6	81	7.800000E-01	-749.000000
6	82	7.800000E-01	-750.000000
6	83	7.800000E-01	-749.000000
6	84	7.800000E-01	-747.000000
6	85	7.800000E-01	-748.000000
6	86	7.800000E-01	-747.000000
6	87	7.800000E-01	-749.000000
6	88	7.800000E-01	-749.000000
6	89	7.800000E-01	-749.000000
6	90	7.800000E-01	-749.000000
6	91	7.800000E-01	-749.000000
6	92	7.800000E-01	-749.000000
6	93	7.800000E-01	-749.000000
6	94	7.800000E-01	-749.000000
6	95	7.800000E-01	-749.000000
6	96	7.800000E-01	-749.000000
#SDC2 U1
7	1	7.800000E-01	-747.000000
7	2	7.800000E-01	-747.000000
7	3	7.800000E-01	-747.000000
7	4	7.800000E-01	-747.000000
7	5	7.800000E-01	-747.000000
7	6	7.800000E-01	-747.000000
7	7	7.800000E-01	-747.000000
7	8	7.800000E-01	-747.000000
7	9	7.800000E-01	-747.000000
7	10	7.800000E-01	-745.000000
7	11	7.800000E-01	-744.000000
7	12	7.800000E-01	-745.000000
7	13	7.800000E-01	-747.000000
7	14	7.800000E-01	-745.000000
7	15	7.800000E-01	-745.000000
7	16	7.800000E-01	-745.000000
7	17	7.800000E-01	-744.000000
7	18	7.800000E-01	-744.000000
7	19	7.800000E-01	-747.000000
7	20	7.800000E-01	-744.000000
7	21	7.800000E-01	-745.000000
7	22	7.800000E-01	-745.000000
7	23	7.800000E-01	-746.000000
7	24	7.800000E-01	-745.000000
7	25	7.800000E-01	-746.000000
7	26	7.800000E-01	-747.000000
7	27	7.800000E-01	-746.000000
7	28	7.800000E-01	-743.000000
7	29	7.800000E-01	-745.000000
7	30	7.800000E-01	-743.000000
7	31	7.800000E-01	-744.000000
7	32	7.800000E-01	-745.000000
7	33	7.800000E-01	-744.000000
7	34	7.800000E-01	-743.000000
7	35	7.800000E-01	-742.000000
7	36	7.800000E-01	-741.000000
7	37	7.800000E-01	-743.000000
7	38	7.800000E-01	-744.000000
7	39	7.800000E-01	-744.000000
7	40	7.800000E-01	-744.000000
7	41	7.800000E-01	-744.000000
7	42	7.800000E-01	-747.000000
7	43	7.800000E-01	-746.000000
7	44	7.800000E-01	-746.000000
7	45	7.800000E-01	-744.000000
7	46	7.800000E-01	-746.000000
7	47	7.800000E-01	-744.000000
7	48	7.800000E-01	-744.000000
7	49	7.800000E-01	-744.000000
7	50	7.800000E-01	-744.000000
7	51	7.800000E-01	-745.000000
7	52	7.800000E-01	-744.000000
7	53	7.800000E-01	-744.000000
7	54	7.800000E-01	-744.000000
7	55	7.800000E-01	-745.000000
7	56	7.800000E-01	-744.000000
7	57	7.800000E-01	-744.000000
7	58	7.800000E-01	-744.000000
7	59	7.800000E-01	-744.000000
7	60	7.800000E-01	-744.000000
7	61	7.800000E-01	-744.000000
7	62	7.800000E-01	-746.000000
7	63	7.800000E-01	-745.000000
7	64	7.800000E-01	-744.000000
7	65	7.800000E-01	-744.000000
7	66	7.800000E-01	-745.000000
7	67	7.800000E-01	-745.000000
7	68	7.800000E-01	-745.000000
7	69	7.800000E-01	-744.000000
7	70	7.800000E-01	-743.000000
7	71	7.800000E-01	-744.000000
7	72	7.800000E-01	-745.000000
7	73	7.800000E-01	-745.000000
7	74	7.800000E-01	-745.000000
7	75	7.800000E-01	-745.000000
7	76	7.800000E-01	-744.000000
7	77	7.800000E-01	-745.000000
7	78	7.800000E-01	-743.000000
7	79	7.800000E-01	-745.000000
7	80	7.800000E-01	-745.000000
7	81	7.800000E-01	-745.000000
7	82	7.800000E-01	-744.000000
7	83	7.800000E-01	-745.000000
7	84	7.800000E-01	-743.000000
7	85	7.800000E-01	-743.000000
7	86	7.800000E-01	-743.000000
7	87	7.800000E-01	-745.000000
7	88	7.800000E-01	-745.000000
7	89	7.800000E-01	-745.000000
7	90	7.800000E-01	-745.000000
7	91	7.800000E-01	-745.000000
7	92	7.800000E-01	-745.000000
7	93	7.800000E-01	-745.000000
7	94	7.800000E-01	-745.000000
7	95	7.800000E-01	-745.000000
7	96	7.800000E-01	-745.000000
#SDC2 U2
8	1	7.800000E-01	-745.000000
8	2	7.800000E-01	-745.000000
8	3	7.800000E-01	-745.000000
8	4	7.800000E-01	-745.000000
8	5	7.800000E-01	-745.000000
8	6	7.800000E-01	-745.000000
8	7	7.800000E-01	-745.000000
8	8	7.800000E-01	-745.000000
8	9	7.800000E-01	-745.000000
8	10	7.800000E-01	-743.000000
8	11	7.800000E-01	-743.000000
8	12	7.800000E-01	-743.000000
8	13	7.800000E-01	-743.000000
8	14	7.800000E-01	-743.000000
8	15	7.800000E-01	-743.000000
8	16	7.800000E-01	-742.000000
8	17	7.800000E-01	-744.000000
8	18	7.800000E-01	-743.000000
8	19	7.800000E-01	-745.000000
8	20	7.800000E-01	-742.000000
8	21	7.800000E-01	-745.000000
8	22	7.800000E-01	-742.000000
8	23	7.800000E-01	-744.000000
8	24	7.800000E-01	-745.000000
8	25	7.800000E-01	-745.000000
8	26	7.800000E-01	-745.000000
8	27	7.800000E-01	-744.000000
8	28	7.800000E-01	-745.000000
8	29	7.800000E-01	-744.000000
8	30	7.800000E-01	-743.000000
8	31	7.800000E-01	-743.000000
8	32	7.800000E-01	-745.000000
8	33	7.800000E-01	-745.000000
8	34	7.800000E-01	-745.000000
8	35	7.800000E-01	-745.000000
8	36	7.800000E-01	-744.000000
8	37	7.800000E-01	-745.000000
8	38	7.800000E-01	-745.000000
8	39	7.800000E-01	-744.000000
8	40	7.800000E-01	-744.000000
8	41	7.800000E-01	-744.000000
8	42	7.800000E-01	-744.000000
8	43	7.800000E-01	-745.000000
8	44	7.800000E-01	-745.000000
8	45	7.800000E-01	-745.000000
8	46	7.800000E-01	-745.000000
8	47	7.800000E-01	-746.000000
8	48	7.800000E-01	-745.000000
8	49	7.800000E-01	-744.000000
8	50	7.800000E-01	-745.000000
8	51	7.800000E-01	-746.000000
8	52	7.800000E-01	-744.000000
8	53	7.800000E-01	-744.000000
8	54	7.800000E-01	-746.000000
8	55	7.800000E-01	-746.000000
8	56	7.800000E-01	-745.000000
8	57	7.800000E-01	-746.000000
8	58	7.800000E-01	-744.000000
8	59	7.800000E-01	-743.000000
8	60	7.800000E-01	-744.000000
8	61	7.800000E-01	-745.000000
8	62	7.800000E-01	-745.000000
8	63	7.800000E-01	-742.000000
8	64	7.800000E-01	-744.000000
8	65	7.800000E-01	-742.000000
8	66	7.800000E-01	-743.000000
8	67	7.800000E-01	-744.000000
8	68	7.800000E-01	-742.000000
8	69	7.800000E-01	-742.000000
8	70	7.800000E-01	-743.000000
8	71	7.800000E-01	-741.000000
8	72	7.800000E-01	-740.000000
8	73	7.800000E-01	-743.000000
8	74	7.800000E-01	-742.000000
8	75	7.800000E-01	-741.000000
8	76	7.800000E-01	-741.000000
8	77	7.800000E-01	-743.000000
8	78	7.800000E-01	-743.000000
8	79	7.800000E-01	-743.000000
8	80	7.800000E-01	-743.000000
8	81	7.800000E-01	-744.000000
8	82	7.800000E-01	-745.000000
8	83	7.800000E-01	-745.000000
8	84	7.800000E-01	-743.000000
8	85	7.800000E-01	-744.000000
8	86	7.800000E-01	-745.000000
8	87	7.800000E-01	-743.000000
8	88	7.800000E-01	-745.000000
8	89	7.800000E-01	-745.000000
8	90	7.800000E-01	-745.000000
8	91	7.800000E-01	-745.000000
8	92	7.800000E-01	-745.000000
8	93	7.800000E-01	-745.000000
8	94	7.800000E-01	-745.000000
8	95	7.800000E-01	-745.000000
8	96	7.800000E-01	-745.000000
#SDC2 X1
9	1	7.800000E-01	-743.000000
9	2	7.800000E-01	-743.000000
9	3	7.800000E-01	-743.000000
9	4	7.800000E-01	-743.000000
9	5	7.800000E-01	-743.000000
9	6	7.800000E-01	-743.000000
9	7	7.800000E-01	-743.000000
9	8	7.800000E-01	-743.000000
9	9	7.800000E-01	-743.000000
9	10	7.800000E-01	-741.000000
9	11	7.800000E-01	-740.000000
9	12	7.800000E-01	-740.000000
9	13	7.800000E-01	-740.000000
9	14	7.800000E-01	-740.000000
9	15	7.800000E-01	-740.000000
9	16	7.800000E-01	-740.000000
9	17	7.800000E-01	-740.000000
9	18	7.800000E-01	-740.000000
9	19	7.800000E-01	-744.000000
9	20	7.800000E-01	-742.000000
9	21	7.800000E-01	-743.000000
9	22	7.800000E-01	-742.000000
9	23	7.800000E-01	-738.000000
9	24	7.800000E-01	-743.000000
9	25	7.800000E-01	-744.000000
9	26	7.800000E-01	-741.000000
9	27	7.800000E-01	-740.000000
9	28	7.800000E-01	-742.000000
9	29	7.800000E-01	-740.000000
9	30	7.800000E-01	-742.000000
9	31	7.800000E-01	-743.000000
9	32	7.800000E-01	-743.000000
9	33	7.800000E-01	-743.000000
9	34	7.800000E-01	-744.000000
9	35	7.800000E-01	-744.000000
9	36	7.800000E-01	-744.000000
9	37	7.800000E-01	-743.000000
9	38	7.800000E-01	-744.000000
9	39	7.800000E-01	-744.000000
9	40	7.800000E-01	-744.000000
9	41	7.800000E-01	-744.000000
9	42	7.800000E-01	-743.000000
9	43	7.800000E-01	-743.000000
9	44	7.800000E-01	-743.000000
9	45	7.800000E-01	-743.000000
9	46	7.800000E-01	-744.000000
9	47	7.800000E-01	-743.000000
9	48	7.800000E-01	-743.000000
9	49	7.800000E-01	-743.000000
9	50	7.800000E-01	-745.000000
9	51	7.800000E-01	-745.000000
9	52	7.800000E-01	-745.000000
9	53	7.800000E-01	-745.000000
9	54	7.800000E-01	-745.000000
9	55	7.800000E-01	-745.000000
9	56	7.800000E-01	-745.000000
9	57	7.800000E-01	-743.000000
9	58	7.800000E-01	-743.000000
9	59	7.800000E-01	-743.000000
9	60	7.800000E-01	-742.000000
9	61	7.800000E-01	-742.000000
9	62	7.800000E-01	-743.000000
9	63	7.800000E-01	-743.000000
9	64	7.800000E-01	-743.000000
9	65	7.800000E-01	-743.000000
9	66	7.800000E-01	-743.000000
9	67	7.800000E-01	-744.000000
9	68	7.800000E-01	-744.000000
9	69	7.800000E-01	-745.000000
9	70	7.800000E-01	-745.000000
9	71	7.800000E-01	-743.000000
9	72	7.800000E-01	-745.000000
9	73	7.800000E-01	-746.000000
9	74	7.800000E-01	-743.000000
9	75	7.800000E-01	-744.000000
9	76	7.800000E-01	-744.000000
9	77	7.800000E-01	-744.000000
9	78	7.800000E-01	-743.000000
9	79	7.800000E-01	-743.000000
9	80	7.800000E-01	-743.000000
9	81	7.800000E-01	-743.000000
9	82	7.800000E-01	-746.000000
9	83	7.800000E-01	-745.000000
9	84	7.800000E-01	-744.000000
9	85	7.800000E-01	-743.000000
9	86	7.800000E-01	-743.000000
9	87	7.800000E-01	-743.000000
9	88	7.800000E-01	-745.000000
9	89	7.800000E-01	-745.000000
9	90	7.800000E-01	-745.000000
9	91	7.800000E-01	-745.000000
9	92	7.800000E-01	-745.000000
9	93	7.800000E-01	-745.000000
9	94	7.800000E-01	-745.000000
9	95	7.800000E-01	-745.000000
9	96	7.800000E-01	-745.000000
#SDC2 X2
10	1	7.800000E-01	-743.000000
10	2	7.800000E-01	-743.000000
10	3	7.800000E-01	-743.000000
10	4	7.800000E-01	-743.000000
10	5	7.800000E-01	-743.000000
10	6	7.800000E-01	-743.000000
10	7	7.800000E-01	-743.000000
10	8	7.800000E-01	-743.000000
10	9	7.800000E-01	-743.000000
10	10	7.800000E-01	-743.000000
10	11	7.800000E-01	-742.000000
10	12	7.800000E-01	-741.000000
10	13	7.800000E-01	-741.000000
10	14	7.800000E-01	-741.000000
10	15	7.800000E-01	-741.000000
10	16	7.800000E-01	-741.000000
10	17	7.800000E-01	-741.000000
10	18	7.800000E-01	-741.000000
10	19	7.800000E-01	-743.000000
10	20	7.800000E-01	-741.000000
10	21	7.800000E-01	-741.000000
10	22	7.800000E-01	-742.000000
10	23	7.800000E-01	-741.000000
10	24	7.800000E-01	-743.000000
10	25	7.800000E-01	-741.000000
10	26	7.800000E-01	-741.000000
10	27	7.800000E-01	-741.000000
10	28	7.800000E-01	-742.000000
10	29	7.800000E-01	-741.000000
10	30	7.800000E-01	-743.000000
10	31	7.800000E-01	-742.000000
10	32	7.800000E-01	-742.000000
10	33	7.800000E-01	-740.000000
10	34	7.800000E-01	-742.000000
10	35	7.800000E-01	-742.000000
10	36	7.800000E-01	-741.000000
10	37	7.800000E-01	-742.000000
10	38	7.800000E-01	-742.000000
10	39	7.800000E-01	-742.000000
10	40	7.800000E-01	-742.000000
10	41	7.800000E-01	-744.000000
10	42	7.800000E-01	-744.000000
10	43	7.800000E-01	-743.000000
10	44	7.800000E-01	-743.000000
10	45	7.800000E-01	-744.000000
10	46	7.800000E-01	-743.000000
10	47	7.800000E-01	-745.000000
10	48	7.800000E-01	-745.000000
10	49	7.800000E-01	-745.000000
10	50	7.800000E-01	-745.000000
10	51	7.800000E-01	-746.000000
10	52	7.800000E-01	-744.000000
10	53	7.800000E-01	-745.000000
10	54	7.800000E-01	-745.000000
10	55	7.800000E-01	-746.000000
10	56	7.800000E-01	-743.000000
10	57	7.800000E-01	-743.000000
10	58	7.800000E-01	-744.000000
10	59	7.800000E-01	-743.000000
10	60	7.800000E-01	-742.000000
10	61	7.800000E-01	-742.000000
10	62	7.800000E-01	-743.000000
10	63	7.800000E-01	-742.000000
10	64	7.800000E-01	-744.000000
10	65	7.800000E-01	-745.000000
10	66	7.800000E-01	-744.000000
10	67	7.800000E-01	-742.000000
10	68	7.800000E-01	-742.000000
10	69	7.800000E-01	-743.000000
10	70	7.800000E-01	-743.000000
10	71	7.800000E-01	-744.000000
10	72	7.800000E-01	-743.000000
10	73	7.800000E-01	-743.000000
10	74	7.800000E-01	-745.000000
10	75	7.800000E-01	-743.000000
10	76	7.800000E-01	-745.000000
10	77	7.800000E-01	-744.000000
10	78	7.800000E-01	-741.000000
10	79	7.800000E-01	-743.000000
10	80	7.800000E-01	-743.000000
10	81	7.800000E-01	-741.000000
10	82	7.800000E-01	-743.000000
10	83	7.800000E-01	-743.000000
10	84	7.800000E-01	-743.000000
10	85	7.800000E-01	-743.000000
10	86	7.800000E-01	-744.000000
10	87	7.800000E-01	-743.000000
10	88	7.800000E-01	-745.000000
10	89	7.800000E-01	-745.000000
10	90	7.800000E-01	-745.000000
10	91	7.800000E-01	-745.000000
10	92	7.800000E-01	-745.000000
10	93	7.800000E-01	-745.000000
10	94	7.800000E-01	-745.000000
10	95	7.800000E-01	-745.000000
10	96	7.800000E-01	-745.000000
#SDC3 V1  
31	1	5.523410E-01	-711.305119
31	2	5.801020E-01	-710.622045
31	3	5.616600E-01	-723.323894
31	4	5.708560E-01	-721.487707
31	5	5.817460E-01	-712.968173
31	6	5.613530E-01	-714.913387
31	7	5.811610E-01	-709.944121
31	8	5.747660E-01	-709.558801
31	9	5.642770E-01	-712.078488
31	10	5.665220E-01	-712.631694
31	11	5.529780E-01	-713.143455
31	12	5.751750E-01	-708.822939
31	13	5.746880E-01	-715.155354
31	14	5.718480E-01	-710.533250
31	15	5.680270E-01	-706.421222
31	16	5.897610E-01	-708.924273
31	17	5.525470E-01	-707.899259
31	18	5.764080E-01	-700.442580
31	19	5.855250E-01	-709.442115
31	20	5.635560E-01	-713.360621
31	21	5.713920E-01	-710.790918
31	22	5.759280E-01	-726.281370
31	23	5.775200E-01	-722.252983
31	24	5.746390E-01	-722.516282
31	25	5.590150E-01	-712.029297
31	26	5.602260E-01	-707.567560
31	27	5.730330E-01	-703.910717
31	28	5.678150E-01	-715.299938
31	29	5.791920E-01	-706.671286
31	30	5.704110E-01	-707.063701
31	31	5.737640E-01	-716.823669
31	32	5.707050E-01	-754.830845
31	33	5.753170E-01	-748.577865
31	34	5.790520E-01	-749.736016
31	35	5.726780E-01	-742.041854
31	36	5.692870E-01	-744.268902
31	37	5.817290E-01	-744.875685
31	38	5.563030E-01	-740.783995
31	39	5.799200E-01	-735.307781
31	40	5.882610E-01	-739.887287
31	41	6.030060E-01	-743.790182
31	42	5.668340E-01	-729.965429
31	43	5.835260E-01	-742.088409
31	44	5.863250E-01	-750.378010
31	45	5.729350E-01	-774.338104
31	46	6.001440E-01	-762.904534
31	47	5.667860E-01	-775.751935
31	48	5.734130E-01	-774.063693
31	49	5.937830E-01	-762.139892
31	50	5.775170E-01	-756.679406
31	51	5.822440E-01	-777.555883
31	52	5.810530E-01	-773.077824
31	53	5.840010E-01	-758.525899
31	54	5.751580E-01	-767.206473
31	55	5.821720E-01	-772.008607
31	56	5.805520E-01	-757.485592
31	57	5.663690E-01	-774.085629
31	58	5.657010E-01	-755.151703
31	59	5.810130E-01	-757.439950
31	60	5.874750E-01	-740.078169
31	61	5.725490E-01	-741.329104
31	62	5.734700E-01	-753.680378
31	63	5.831250E-01	-734.902540
31	64	5.734790E-01	-754.798842
31	65	5.881980E-01	-756.179340
31	66	6.057590E-01	-741.797004
31	67	5.519470E-01	-760.561832
31	68	5.730340E-01	-766.867375
31	69	5.613010E-01	-756.142706
31	70	5.979560E-01	-747.325672
31	71	5.665940E-01	-763.066278
31	72	5.871690E-01	-758.043126
31	73	5.784000E-01	-763.380538
31	74	5.579980E-01	-761.702887
31	75	5.744250E-01	-760.653249
31	76	5.712340E-01	-758.587786
31	77	5.787360E-01	-758.436222
31	78	5.600160E-01	-760.204053
31	79	5.728580E-01	-756.863395
31	80	5.858970E-01	-756.974474
31	81	5.800090E-01	-755.215603
31	82	5.736540E-01	-750.999973
31	83	5.597460E-01	-755.080066
31	84	5.807690E-01	-754.745408
31	85	5.777430E-01	-754.885419
31	86	5.537740E-01	-754.063457
31	87	5.808480E-01	-753.850302
31	88	5.691100E-01	-741.021684
31	89	5.748840E-01	-761.589778
31	90	5.702440E-01	-754.126331
31	91	5.722400E-01	-752.606000
31	92	5.645260E-01	-752.043306
31	93	5.882570E-01	-755.549060
31	94	5.841310E-01	-743.096078
31	95	5.783080E-01	-747.338436
31	96	5.884120E-01	-741.226067
31	97	5.721600E-01	-737.586265
31	98	5.953940E-01	-736.407479
31	99	5.780260E-01	-764.349175
31	100	5.853010E-01	-757.323371
31	101	5.813170E-01	-758.023413
31	102	5.724480E-01	-760.351614
31	103	5.926340E-01	-741.135151
31	104	5.601910E-01	-748.079427
31	105	5.956260E-01	-746.903121
31	106	5.736100E-01	-735.805524
31	107	5.922290E-01	-737.658727
31	108	6.022420E-01	-746.207909
31	109	5.911530E-01	-748.550758
31	110	5.883600E-01	-755.789921
31	111	5.880610E-01	-737.952502
31	112	5.909830E-01	-734.197922
31	113	5.806380E-01	-742.075792
31	114	5.792900E-01	-739.338745
31	115	5.842840E-01	-744.049467
31	116	5.810170E-01	-739.358503
31	117	5.750790E-01	-737.777634
31	118	5.675440E-01	-734.832687
31	119	5.791610E-01	-753.600475
31	120	5.709110E-01	-745.640017
#SDC3 X1
32	1	5.562410E-01	-761.615234
32	2	5.562410E-01	-761.615234
32	3	5.562410E-01	-761.615234
32	4	5.562410E-01	-761.615234
32	5	5.562410E-01	-761.615234
32	6	6.004600E-01	-754.586746
32	7	5.878630E-01	-769.914596
32	8	5.833600E-01	-772.975048
32	9	5.825460E-01	-760.868338
32	10	5.698670E-01	-757.834694
32	11	5.668590E-01	-765.737069
32	12	5.902390E-01	-759.887137
32	13	5.796100E-01	-772.359149
32	14	5.654760E-01	-773.795946
32	15	6.020180E-01	-758.355020
32	16	5.821170E-01	-759.129639
32	17	5.704910E-01	-773.636109
32	18	5.802220E-01	-773.361280
32	19	5.661700E-01	-756.636876
32	20	5.738040E-01	-767.502076
32	21	5.574530E-01	-769.559587
32	22	5.984200E-01	-767.548442
32	23	5.893300E-01	-765.776358
32	24	5.777090E-01	-770.095140
32	25	5.903930E-01	-768.572390
32	26	5.972920E-01	-768.594819
32	27	5.564160E-01	-776.741198
32	28	5.841760E-01	-760.386438
32	29	5.765840E-01	-755.206837
32	30	6.023490E-01	-776.512813
32	31	5.674320E-01	-768.290830
32	32	5.746870E-01	-767.384701
32	33	5.826990E-01	-769.108887
32	34	5.908120E-01	-769.676415
32	35	5.801490E-01	-765.142992
32	36	5.833300E-01	-765.679780
32	37	5.856790E-01	-767.817190
32	38	5.863300E-01	-763.472158
32	39	5.474340E-01	-777.467302
32	40	5.685320E-01	-775.141007
32	41	5.650100E-01	-761.638824
32	42	6.144160E-01	-768.353240
32	43	5.638060E-01	-767.409449
32	44	6.217330E-01	-757.107780
32	45	5.823120E-01	-770.867664
32	46	5.903260E-01	-768.675312
32	47	5.902110E-01	-769.351610
32	48	5.823740E-01	-775.683375
32	49	5.967030E-01	-775.386316
32	50	5.894330E-01	-769.469427
32	51	6.264700E-01	-766.123325
32	52	6.179620E-01	-762.809082
32	53	5.651800E-01	-769.966393
32	54	5.723460E-01	-767.360463
32	55	5.700630E-01	-780.031526
32	56	5.828810E-01	-773.588917
32	57	5.735460E-01	-763.937609
32	58	5.848830E-01	-769.751474
32	59	5.873700E-01	-781.709744
32	60	5.720550E-01	-765.137503
32	61	5.776300E-01	-761.140806
32	62	5.739130E-01	-765.273170
32	63	5.823690E-01	-772.936136
32	64	5.686930E-01	-787.212101
32	65	5.763910E-01	-765.827895
32	66	5.817970E-01	-794.198026
32	67	5.830320E-01	-772.839474
32	68	5.899650E-01	-763.691257
32	69	5.999380E-01	-755.578938
32	70	5.746980E-01	-755.329037
32	71	5.895070E-01	-751.466947
32	72	5.884270E-01	-784.339052
32	73	5.945910E-01	-785.598999
32	74	5.669940E-01	-787.099573
32	75	5.658180E-01	-743.377328
32	76	5.699960E-01	-781.563973
32	77	5.948970E-01	-769.113553
32	78	5.633070E-01	-780.091669
32	79	5.822950E-01	-750.810848
32	80	5.669330E-01	-784.224879
32	81	5.679130E-01	-768.564243
32	82	5.826770E-01	-751.044010
32	83	5.799870E-01	-753.933011
32	84	5.812930E-01	-763.296511
32	85	5.924420E-01	-752.238793
32	86	5.831210E-01	-738.430755
32	87	5.868460E-01	-760.201229
32	88	5.920020E-01	-762.544328
32	89	5.740260E-01	-759.620777
32	90	5.731040E-01	-765.657492
32	91	5.632300E-01	-747.831000
32	92	5.528360E-01	-746.054114
32	93	5.785900E-01	-764.810702
32	94	5.526930E-01	-765.799520
32	95	5.576880E-01	-759.516743
32	96	5.665680E-01	-750.364345
32	97	5.745350E-01	-757.817282
32	98	5.734390E-01	-747.619874
32	99	5.606480E-01	-763.611420
32	100	5.827290E-01	-755.142066
32	101	5.827200E-01	-751.912130
32	102	5.737800E-01	-756.986440
32	103	5.850450E-01	-773.883108
32	104	5.803180E-01	-753.394702
32	105	5.797740E-01	-761.972843
32	106	5.673080E-01	-751.555999
32	107	5.771850E-01	-745.886239
32	108	5.644160E-01	-753.494469
#SDC3 U1
33	1	5.807570E-01	-753.778811
33	2	5.705720E-01	-750.938701
33	3	5.754290E-01	-744.053742
33	4	5.830450E-01	-751.533553
33	5	5.796850E-01	-755.202585
33	6	5.754140E-01	-753.552945
33	7	5.690990E-01	-755.180036
33	8	5.682850E-01	-729.179745
33	9	5.864040E-01	-763.874023
33	10	5.619170E-01	-774.062992
33	11	5.551930E-01	-746.896380
33	12	5.847740E-01	-749.950669
33	13	5.789770E-01	-766.392663
33	14	5.601540E-01	-761.713539
33	15	5.714260E-01	-753.719277
33	16	5.719820E-01	-757.388605
33	17	5.742360E-01	-748.765806
33	18	5.580600E-01	-740.118848
33	19	5.732830E-01	-746.608508
33	20	5.727260E-01	-750.586198
33	21	5.794790E-01	-741.041963
33	22	5.727830E-01	-758.372023
33	23	5.876910E-01	-763.371168
33	24	5.836710E-01	-761.528605
33	25	5.715950E-01	-757.815558
33	26	5.821100E-01	-752.448549
33	27	5.710710E-01	-750.259789
33	28	5.779940E-01	-760.484642
33	29	5.731410E-01	-758.595813
33	30	5.835090E-01	-759.629701
33	31	5.770110E-01	-756.454123
33	32	5.741020E-01	-756.661683
33	33	5.694780E-01	-758.914752
33	34	5.790160E-01	-766.389569
33	35	5.857050E-01	-780.653811
33	36	5.851330E-01	-750.033441
33	37	5.709300E-01	-753.179735
33	38	5.761730E-01	-767.085208
33	39	5.764560E-01	-790.780515
33	40	5.765180E-01	-779.058209
33	41	5.792400E-01	-789.399577
33	42	5.778300E-01	-769.698386
33	43	5.789710E-01	-772.924856
33	44	5.774710E-01	-752.721579
33	45	5.722520E-01	-763.499591
33	46	5.732140E-01	-767.774373
33	47	5.715100E-01	-763.178241
33	48	5.657440E-01	-768.307202
33	49	5.683670E-01	-764.143941
33	50	5.740680E-01	-765.630524
33	51	5.736670E-01	-771.059221
33	52	5.643850E-01	-764.410160
33	53	5.741400E-01	-766.807912
33	54	5.666610E-01	-773.519857
33	55	5.730080E-01	-781.334292
33	56	5.773140E-01	-766.341394
33	57	5.726900E-01	-757.835449
33	58	5.848210E-01	-763.187934
33	59	5.716610E-01	-773.487606
33	60	5.720270E-01	-738.393320
33	61	5.664220E-01	-763.196488
33	62	5.735930E-01	-761.861331
33	63	5.795810E-01	-770.308670
33	64	5.767200E-01	-770.657345
33	65	5.649120E-01	-766.452974
33	66	5.865610E-01	-776.771865
33	67	5.743020E-01	-776.753584
33	68	5.876470E-01	-735.553031
33	69	5.799960E-01	-780.641382
33	70	5.662610E-01	-771.761357
33	71	5.726090E-01	-770.815142
33	72	5.816070E-01	-773.315853
33	73	6.028670E-01	-752.952513
33	74	5.767200E-01	-749.093002
33	75	5.736720E-01	-750.671190
33	76	5.860520E-01	-755.868260
33	77	5.642850E-01	-750.229427
33	78	5.705580E-01	-745.165811
33	79	5.819800E-01	-749.702980
33	80	5.747950E-01	-721.586793
33	81	5.827110E-01	-758.832241
33	82	5.794440E-01	-761.218514
33	83	5.681060E-01	-758.693841
33	84	5.831150E-01	-765.164475
33	85	5.602170E-01	-759.978875
33	86	5.519010E-01	-760.386689
33	87	5.795300E-01	-766.324249
33	88	5.514990E-01	-753.250310
33	89	5.700660E-01	-751.611961
33	90	5.782290E-01	-753.082518
33	91	5.753690E-01	-749.614308
33	92	5.669660E-01	-760.586109
33	93	5.567190E-01	-756.348000
33	94	5.582180E-01	-753.196018
33	95	5.662460E-01	-754.277935
33	96	5.731650E-01	-756.573998
33	97	5.598630E-01	-758.670920
33	98	5.567440E-01	-758.679145
33	99	5.522670E-01	-760.538097
33	100	5.859060E-01	-759.966182
33	101	5.651050E-01	-770.807291
33	102	5.659740E-01	-775.969149
33	103	5.649290E-01	-767.083620
33	104	5.618000E-01	-754.015230
33	105	5.711430E-01	-754.389135
33	106	5.587900E-01	-767.073654
33	107	5.733560E-01	-757.407483
33	108	6.167890E-01	-764.643090
33	109	5.765660E-01	-719.353400
33	110	5.781370E-01	-743.090083
33	111	5.804600E-01	-734.153396
33	112	5.902900E-01	-735.358987
33	113	5.626150E-01	-748.286783
33	114	5.876200E-01	-731.207291
33	115	5.793360E-01	-739.010954
33	116	6.013840E-01	-755.703295
33	117	5.944880E-01	-738.027325
33	118	5.611680E-01	-742.887027
33	119	5.722110E-01	-742.027266
33	120	5.794800E-01	-743.479596
#SDC3 V2
34	1	5.554460E-01	-743.170253
34	2	5.888520E-01	-740.077687
34	3	5.791380E-01	-739.367896
34	4	5.877890E-01	-733.437134
34	5	6.056310E-01	-757.873974
34	6	5.713580E-01	-722.780622
34	7	5.777680E-01	-751.446343
34	8	5.799050E-01	-740.858015
34	9	5.832010E-01	-736.571515
34	10	5.702170E-01	-729.731035
34	11	5.927710E-01	-736.734253
34	12	5.632400E-01	-737.240457
34	13	5.603340E-01	-744.607412
34	14	5.641040E-01	-741.765077
34	15	5.515690E-01	-745.214039
34	16	5.573080E-01	-734.891997
34	17	5.566710E-01	-747.201064
34	18	5.681930E-01	-737.071920
34	19	5.605670E-01	-744.587140
34	20	5.578690E-01	-747.240472
34	21	5.688830E-01	-736.481564
34	22	5.644150E-01	-750.497116
34	23	5.614060E-01	-740.730505
34	24	5.616480E-01	-742.618489
34	25	5.597920E-01	-735.943140
34	26	5.699090E-01	-733.767365
34	27	5.666550E-01	-737.111137
34	28	5.756070E-01	-740.041861
34	29	5.628060E-01	-744.685235
34	30	5.624380E-01	-751.883051
34	31	5.633720E-01	-744.931919
34	32	5.586560E-01	-743.796948
34	33	5.599370E-01	-746.608637
34	34	5.649220E-01	-745.706400
34	35	5.775750E-01	-737.832189
34	36	5.652840E-01	-750.919693
34	37	5.499360E-01	-744.785056
34	38	5.599210E-01	-752.668237
34	39	5.518240E-01	-753.869346
34	40	5.635370E-01	-752.500403
34	41	5.608400E-01	-730.041740
34	42	5.589540E-01	-744.321375
34	43	5.666430E-01	-749.452813
34	44	5.670260E-01	-740.434335
34	45	5.622110E-01	-780.151854
34	46	5.743050E-01	-762.330310
34	47	5.692470E-01	-766.736608
34	48	5.701580E-01	-769.916546
34	49	5.698960E-01	-766.059530
34	50	5.607180E-01	-769.968491
34	51	5.643410E-01	-777.152132
34	52	5.629820E-01	-784.797627
34	53	5.651130E-01	-780.495021
34	54	5.723020E-01	-786.126111
34	55	5.724090E-01	-772.984033
34	56	5.620090E-01	-774.615115
34	57	5.681540E-01	-777.424788
34	58	5.681280E-01	-769.412614
34	59	5.625950E-01	-776.933264
34	60	5.621060E-01	-776.499825
34	61	5.659960E-01	-762.968458
34	62	5.530750E-01	-758.033252
34	63	5.644240E-01	-759.746324
34	64	5.695510E-01	-766.366081
34	65	5.685370E-01	-761.515973
34	66	5.675580E-01	-758.880141
34	67	5.658410E-01	-761.462966
34	68	5.665720E-01	-768.500906
34	69	5.608720E-01	-767.545578
34	70	5.557590E-01	-774.775057
34	71	5.686490E-01	-767.188752
34	72	5.661060E-01	-763.441307
34	73	5.566860E-01	-754.082935
34	74	5.615510E-01	-758.491811
34	75	5.724480E-01	-758.452182
34	76	5.565640E-01	-768.039546
34	77	5.829450E-01	-763.373525
34	78	5.662680E-01	-753.728529
34	79	5.783910E-01	-768.538742
34	80	5.817060E-01	-766.227914
34	81	5.820260E-01	-757.301222
34	82	5.833370E-01	-766.287514
34	83	5.774600E-01	-766.740359
34	84	5.536690E-01	-774.520954
34	85	5.760440E-01	-766.813708
34	86	5.653100E-01	-765.337550
34	87	5.822630E-01	-759.755654
34	88	5.775900E-01	-751.658055
34	89	5.850370E-01	-765.105700
34	90	5.604200E-01	-764.546000
34	91	5.676200E-01	-773.359066
34	92	5.572050E-01	-778.489110
34	93	5.802490E-01	-767.432126
34	94	5.782620E-01	-750.835367
34	95	5.879530E-01	-731.994339
34	96	5.618340E-01	-755.156881
34	97	5.936870E-01	-727.883324
34	98	5.486370E-01	-752.048899
34	99	5.768160E-01	-748.109884
34	100	5.693900E-01	-754.771639
34	101	5.707360E-01	-751.768518
34	102	5.723070E-01	-752.017049
34	103	5.886490E-01	-770.160273
34	104	5.687000E-01	-751.796712
34	105	5.764320E-01	-768.961207
34	106	5.978810E-01	-758.017223
34	107	5.826370E-01	-758.592632
34	108	5.896730E-01	-752.504950
34	109	5.946780E-01	-753.001247
34	110	5.762930E-01	-738.834994
34	111	5.904010E-01	-746.327470
34	112	5.719960E-01	-756.138635
34	113	5.874340E-01	-751.318238
34	114	5.948190E-01	-745.591544
34	115	5.672950E-01	-754.309847
34	116	5.728940E-01	-743.233466
34	117	5.865720E-01	-740.088076
34	118	5.761330E-01	-745.436535
34	119	6.046070E-01	-751.993182
34	120	5.799740E-01	-742.739274
#SDC3 X2
35	1	5.799060E-01	-751.294989
35	2	5.799060E-01	-751.294989
35	3	5.799060E-01	-751.294989
35	4	5.799060E-01	-751.294989
35	5	5.799060E-01	-751.294989
35	6	5.828380E-01	-753.954229
35	7	5.716000E-01	-761.336006
35	8	6.049060E-01	-747.929075
35	9	6.046770E-01	-756.936165
35	10	5.762710E-01	-758.013901
35	11	5.896800E-01	-759.061886
35	12	5.831060E-01	-749.209335
35	13	5.801960E-01	-751.868415
35	14	6.021390E-01	-755.347701
35	15	5.783420E-01	-750.828517
35	16	5.593320E-01	-756.616145
35	17	5.763050E-01	-759.418455
35	18	5.583340E-01	-757.710280
35	19	5.624000E-01	-753.832920
35	20	5.699660E-01	-769.042631
35	21	5.584000E-01	-755.994937
35	22	5.789760E-01	-764.580114
35	23	5.689290E-01	-767.530025
35	24	5.663700E-01	-776.424568
35	25	5.718540E-01	-775.887222
35	26	5.830080E-01	-777.171561
35	27	5.702440E-01	-766.829528
35	28	5.639940E-01	-763.518775
35	29	5.693890E-01	-767.951147
35	30	5.666370E-01	-766.190799
35	31	5.597210E-01	-765.022439
35	32	5.676850E-01	-771.593308
35	33	5.685710E-01	-767.777343
35	34	5.821220E-01	-770.096984
35	35	5.674750E-01	-764.478878
35	36	5.784190E-01	-766.595678
35	37	5.659930E-01	-772.676264
35	38	5.601490E-01	-766.713309
35	39	5.690190E-01	-770.990629
35	40	5.811650E-01	-770.014481
35	41	5.772280E-01	-777.156263
35	42	5.888620E-01	-771.766806
35	43	5.780910E-01	-775.926617
35	44	5.747300E-01	-767.960086
35	45	5.794990E-01	-763.888691
35	46	5.791350E-01	-771.090949
35	47	5.566780E-01	-764.233311
35	48	5.836530E-01	-768.737920
35	49	5.706390E-01	-764.413403
35	50	5.849240E-01	-763.232257
35	51	5.624950E-01	-765.649538
35	52	5.875970E-01	-763.035340
35	53	5.822770E-01	-763.510879
35	54	5.640850E-01	-772.281180
35	55	5.821910E-01	-762.134797
35	56	5.917330E-01	-800.681310
35	57	5.970190E-01	-762.989971
35	58	5.608160E-01	-775.159221
35	59	5.732730E-01	-776.533821
35	60	5.696440E-01	-771.431244
35	61	5.879250E-01	-757.568258
35	62	5.935150E-01	-761.759750
35	63	5.780970E-01	-764.374015
35	64	5.862380E-01	-767.279641
35	65	5.793540E-01	-747.797847
35	66	5.885530E-01	-750.238089
35	67	5.762650E-01	-744.595469
35	68	5.930480E-01	-768.206154
35	69	5.798890E-01	-753.595002
35	70	5.876820E-01	-745.270652
35	71	5.963820E-01	-773.929662
35	72	5.695670E-01	-759.772357
35	73	6.001910E-01	-766.971363
35	74	5.604460E-01	-755.792355
35	75	5.764690E-01	-771.728118
35	76	5.838890E-01	-777.240917
35	77	5.688200E-01	-765.726475
35	78	5.779940E-01	-754.147866
35	79	5.982730E-01	-754.519581
35	80	5.962370E-01	-762.453758
35	81	5.783130E-01	-745.447536
35	82	5.846570E-01	-758.210165
35	83	5.793660E-01	-745.897870
35	84	5.849060E-01	-748.501234
35	85	5.909610E-01	-738.906051
35	86	5.621710E-01	-751.855951
35	87	5.595730E-01	-756.945995
35	88	6.038480E-01	-769.360234
35	89	5.805840E-01	-748.105220
35	90	5.678490E-01	-759.179654
35	91	5.662080E-01	-751.160729
35	92	5.985890E-01	-755.067000
35	93	6.038830E-01	-737.774567
35	94	5.678410E-01	-759.312139
35	95	5.582770E-01	-751.254632
35	96	5.990420E-01	-745.381863
35	97	5.729810E-01	-755.923581
35	98	5.672780E-01	-759.006413
35	99	5.799470E-01	-753.953959
35	100	5.984700E-01	-749.835134
35	101	6.003870E-01	-754.971938
35	102	5.942270E-01	-752.738797
35	103	5.817890E-01	-753.133668
35	104	5.804270E-01	-746.243535
35	105	5.806700E-01	-749.287078
35	106	5.804200E-01	-771.067404
35	107	5.885210E-01	-758.476583
35	108	5.812640E-01	-738.865671
#SDC3 U2
36	1	5.602570E-01	-748.573948
36	2	5.754680E-01	-741.830887
36	3	5.756020E-01	-747.307997
36	4	5.669120E-01	-751.678764
36	5	5.769440E-01	-747.651315
36	6	5.801220E-01	-728.303470
36	7	5.689050E-01	-730.844981
36	8	5.744790E-01	-759.137468
36	9	5.780250E-01	-749.604951
36	10	5.802280E-01	-758.541664
36	11	5.775550E-01	-748.484834
36	12	5.585250E-01	-742.816180
36	13	5.671960E-01	-747.904887
36	14	5.769270E-01	-752.277336
36	15	5.843600E-01	-750.226690
36	16	5.847560E-01	-749.096122
36	17	5.550320E-01	-748.104698
36	18	5.619900E-01	-770.014786
36	19	5.807250E-01	-751.211708
36	20	5.703960E-01	-753.265293
36	21	5.746490E-01	-748.796423
36	22	5.731010E-01	-756.969659
36	23	5.807590E-01	-748.802067
36	24	5.805810E-01	-750.056542
36	25	5.672210E-01	-770.234741
36	26	5.677710E-01	-745.794531
36	27	5.675760E-01	-767.650676
36	28	5.571300E-01	-745.629668
36	29	5.699940E-01	-767.106668
36	30	5.592980E-01	-753.332747
36	31	5.713510E-01	-750.903499
36	32	5.675940E-01	-772.251507
36	33	5.689050E-01	-738.977847
36	34	5.733150E-01	-738.644995
36	35	5.646110E-01	-753.563003
36	36	5.739520E-01	-753.892222
36	37	5.689180E-01	-765.518976
36	38	5.637130E-01	-765.511098
36	39	5.633930E-01	-778.905922
36	40	5.721320E-01	-768.696653
36	41	5.812620E-01	-767.431010
36	42	5.675410E-01	-767.175600
36	43	5.591910E-01	-771.824262
36	44	5.698170E-01	-769.609980
36	45	5.713480E-01	-762.947277
36	46	5.672160E-01	-764.970518
36	47	5.730580E-01	-765.925638
36	48	5.641070E-01	-762.602355
36	49	5.772520E-01	-765.867936
36	50	5.562250E-01	-769.378704
36	51	5.613950E-01	-768.591915
36	52	5.599840E-01	-773.067899
36	53	5.797200E-01	-769.217790
36	54	5.559740E-01	-765.821243
36	55	5.807900E-01	-771.854534
36	56	5.720620E-01	-758.971839
36	57	5.852700E-01	-764.663249
36	58	5.769120E-01	-758.179825
36	59	5.711690E-01	-764.416333
36	60	5.715090E-01	-755.366298
36	61	5.624270E-01	-744.218704
36	62	5.656160E-01	-764.847280
36	63	5.692190E-01	-740.770097
36	64	5.647150E-01	-745.502084
36	65	5.741590E-01	-752.281857
36	66	5.668540E-01	-747.471526
36	67	5.571500E-01	-751.787762
36	68	5.598910E-01	-732.572551
36	69	5.735930E-01	-755.244565
36	70	5.795280E-01	-754.137905
36	71	5.868880E-01	-743.804512
36	72	5.763370E-01	-750.960414
36	73	5.858920E-01	-751.331838
36	74	5.706600E-01	-756.190858
36	75	5.764550E-01	-752.692344
36	76	5.662580E-01	-745.426795
36	77	5.812820E-01	-755.519599
36	78	5.646030E-01	-750.187436
36	79	5.597770E-01	-747.411788
36	80	5.777710E-01	-761.398451
36	81	5.684700E-01	-749.317234
36	82	5.724360E-01	-751.838230
36	83	5.787210E-01	-756.182321
36	84	5.619450E-01	-752.949461
36	85	5.769580E-01	-748.679058
36	86	5.692180E-01	-757.012396
36	87	5.693950E-01	-753.214301
36	88	5.743580E-01	-735.960480
36	89	5.662040E-01	-750.428131
36	90	5.760160E-01	-749.084701
36	91	5.689510E-01	-746.964530
36	92	5.884900E-01	-756.914275
36	93	5.852050E-01	-758.143000
36	94	5.571180E-01	-749.895935
36	95	5.786790E-01	-753.789055
36	96	5.669080E-01	-753.937277
36	97	5.760230E-01	-752.867224
36	98	5.660590E-01	-758.384753
36	99	5.761090E-01	-755.538942
36	100	5.702970E-01	-756.324213
36	101	5.721360E-01	-758.474255
36	102	5.790940E-01	-763.186884
36	103	5.807220E-01	-757.560719
36	104	5.637840E-01	-746.824681
36	105	5.766570E-01	-754.696829
36	106	5.854290E-01	-753.582083
36	107	5.815440E-01	-750.616274
36	108	5.699770E-01	-767.749313
36	109	5.791880E-01	-756.493597
36	110	5.791110E-01	-758.254388
36	111	5.636090E-01	-746.180739
36	112	5.803410E-01	-745.320848
36	113	5.640910E-01	-749.781513
36	114	5.785140E-01	-749.706617
36	115	5.671410E-01	-745.073315
36	116	5.689570E-01	-748.284810
36	117	5.842940E-01	-751.340920
36	118	5.801280E-01	-752.071133
36	119	5.872450E-01	-748.874996
36	120	5.809260E-01	-751.029721
#SDC4 V1
37	1	5.571570E-01	-789.236550
37	2	5.815150E-01	-790.109272
37	3	5.823470E-01	-786.734211
37	4	5.727750E-01	-792.093028
37	5	5.762690E-01	-786.675870
37	6	5.758020E-01	-795.953172
37	7	5.801440E-01	-778.246885
37	8	5.869650E-01	-793.266770
37	9	5.634330E-01	-786.665541
37	10	5.549750E-01	-783.006274
37	11	5.952390E-01	-787.929628
37	12	5.982020E-01	-747.526162
37	13	5.748920E-01	-799.947637
37	14	5.588610E-01	-773.156378
37	15	5.670610E-01	-769.584389
37	16	5.748180E-01	-754.057065
37	17	6.061680E-01	-775.475154
37	18	5.592620E-01	-777.982097
37	19	5.702730E-01	-784.615783
37	20	5.810140E-01	-803.840826
37	21	5.819390E-01	-786.807338
37	22	5.933460E-01	-788.293315
37	23	5.840230E-01	-800.858193
37	24	5.815610E-01	-783.712056
37	25	5.736780E-01	-762.927689
37	26	5.758320E-01	-797.124925
37	27	5.673870E-01	-779.031501
37	28	5.695480E-01	-776.121000
37	29	5.897780E-01	-774.846400
37	30	5.816160E-01	-778.862910
37	31	5.777730E-01	-768.258151
37	32	5.964810E-01	-783.239396
37	33	5.848690E-01	-775.736335
37	34	5.729490E-01	-776.652278
37	35	5.980100E-01	-773.836163
37	36	5.915930E-01	-775.732559
37	37	5.865250E-01	-788.349705
37	38	5.822170E-01	-786.782493
37	39	5.971210E-01	-784.951293
37	40	5.791010E-01	-762.390868
37	41	6.018520E-01	-789.102294
37	42	5.675090E-01	-775.942562
37	43	5.773380E-01	-764.188280
37	44	5.905820E-01	-781.037419
37	45	5.911380E-01	-783.825427
37	46	5.795490E-01	-784.931420
37	47	5.948310E-01	-769.210374
37	48	5.696120E-01	-776.555573
37	49	5.776100E-01	-797.530647
37	50	5.979440E-01	-781.266727
37	51	5.864000E-01	-789.779615
37	52	5.854000E-01	-788.071617
37	53	5.966310E-01	-784.549576
37	54	5.691100E-01	-779.125227
37	55	5.899640E-01	-781.981803
37	56	5.926910E-01	-780.504480
37	57	5.827390E-01	-777.884538
37	58	5.918270E-01	-777.827525
37	59	5.819500E-01	-790.316179
37	60	5.823870E-01	-785.198589
37	61	5.980640E-01	-791.003717
37	62	5.714710E-01	-778.546403
37	63	5.977990E-01	-773.788027
37	64	5.763020E-01	-786.212748
37	65	5.930780E-01	-779.424086
37	66	6.062620E-01	-783.466668
37	67	5.815670E-01	-797.070150
37	68	5.751830E-01	-792.822301
37	69	5.883990E-01	-794.212772
37	70	6.004640E-01	-795.982335
37	71	5.658750E-01	-787.933185
37	72	5.955210E-01	-777.049171
37	73	5.879930E-01	-783.831545
37	74	5.883940E-01	-780.841933
37	75	5.963060E-01	-775.208419
37	76	5.736090E-01	-784.512020
37	77	5.866890E-01	-787.475965
37	78	5.984230E-01	-783.288738
37	79	5.721770E-01	-774.654073
37	80	5.995490E-01	-789.280780
37	81	6.023570E-01	-791.420772
37	82	5.873740E-01	-786.422307
37	83	5.656630E-01	-783.568063
37	84	5.657980E-01	-797.297233
37	85	5.846470E-01	-785.488937
37	86	5.883000E-01	-793.615881
37	87	5.942660E-01	-795.691196
37	88	5.900200E-01	-783.566226
37	89	5.778000E-01	-785.764936
37	90	6.011600E-01	-778.083290
37	91	5.850280E-01	-786.778808
37	92	5.743850E-01	-777.459414
37	93	5.709370E-01	-765.892761
37	94	5.740520E-01	-763.685425
37	95	5.831230E-01	-759.604575
37	96	5.679550E-01	-769.204009
37	97	5.868320E-01	-781.242512
37	98	5.681320E-01	-767.984418
37	99	5.822280E-01	-750.997770
37	100	5.840970E-01	-767.656290
37	101	5.980350E-01	-766.504608
37	102	5.512060E-01	-773.909732
37	103	5.634420E-01	-744.915299
37	104	5.654150E-01	-770.083747
37	105	5.908560E-01	-747.640390
37	106	5.879810E-01	-767.572348
37	107	5.793350E-01	-770.366164
37	108	5.783420E-01	-771.319754
37	109	5.821100E-01	-766.841046
37	110	5.525980E-01	-750.500842
37	111	5.829060E-01	-772.121579
37	112	5.964200E-01	-771.636614
37	113	5.889780E-01	-757.802321
37	114	5.747350E-01	-766.624493
37	115	5.621510E-01	-749.592704
37	116	5.696670E-01	-741.290400
37	117	5.695040E-01	-767.405083
37	118	5.575680E-01	-764.626835
37	119	5.883910E-01	-753.512836
37	120	5.661910E-01	-768.876401
#SDC4 X1
38	1	5.640530E-01	-770.413055
38	2	5.593710E-01	-774.156931
38	3	5.647020E-01	-773.709302
38	4	5.796840E-01	-779.946074
38	5	5.590410E-01	-783.155860
38	6	5.539370E-01	-772.953270
38	7	5.616390E-01	-779.660673
38	8	5.754530E-01	-772.379998
38	9	5.786190E-01	-778.920177
38	10	5.628060E-01	-769.488669
38	11	5.592230E-01	-770.400551
38	12	5.723570E-01	-773.350846
38	13	5.813860E-01	-782.414233
38	14	5.655500E-01	-782.409891
38	15	5.635950E-01	-783.763000
38	16	5.690860E-01	-775.829628
38	17	5.650060E-01	-776.153644
38	18	5.745850E-01	-786.760254
38	19	5.772750E-01	-787.332591
38	20	5.707370E-01	-786.553834
38	21	5.812790E-01	-790.508849
38	22	5.683210E-01	-784.992288
38	23	5.807340E-01	-788.098695
38	24	5.905690E-01	-790.606326
38	25	5.694170E-01	-785.089995
38	26	5.731010E-01	-780.654354
38	27	5.600060E-01	-768.290539
38	28	5.801710E-01	-776.880573
38	29	5.935760E-01	-767.721431
38	30	5.726550E-01	-782.958233
38	31	5.858870E-01	-776.398502
38	32	5.629220E-01	-778.341183
38	33	5.812500E-01	-788.131714
38	34	5.678350E-01	-776.487330
38	35	5.759920E-01	-784.730353
38	36	5.885450E-01	-793.046932
38	37	5.722990E-01	-783.598585
38	38	5.954890E-01	-792.520365
38	39	5.599650E-01	-784.201006
38	40	5.737250E-01	-774.815939
38	41	5.831870E-01	-790.628681
38	42	5.875450E-01	-780.073232
38	43	5.851760E-01	-782.360754
38	44	5.869980E-01	-782.139947
38	45	5.510000E-01	-785.834549
38	46	5.838490E-01	-801.544654
38	47	5.866830E-01	-777.851892
38	48	5.832670E-01	-778.222746
38	49	5.757800E-01	-778.176397
38	50	5.928120E-01	-792.602328
38	51	6.201190E-01	-808.458807
38	52	5.746830E-01	-785.092294
38	53	5.869820E-01	-784.425443
38	54	5.678370E-01	-786.008812
38	55	5.929890E-01	-789.981425
38	56	5.835320E-01	-771.766204
38	57	5.582890E-01	-787.160421
38	58	5.670870E-01	-774.566645
38	59	5.718270E-01	-785.998663
38	60	5.877920E-01	-782.000944
38	61	5.618100E-01	-780.971027
38	62	5.813810E-01	-772.377240
38	63	5.884620E-01	-761.968445
38	64	5.829360E-01	-771.771087
38	65	6.027270E-01	-762.350026
38	66	5.802720E-01	-771.890280
38	67	5.710220E-01	-768.472589
38	68	5.768780E-01	-783.730544
38	69	5.806650E-01	-774.233082
38	70	5.992940E-01	-761.453738
38	71	5.816380E-01	-790.069401
38	72	5.787760E-01	-776.664705
38	73	5.712330E-01	-772.242749
38	74	5.745280E-01	-767.026609
38	75	5.872120E-01	-777.509914
38	76	5.745280E-01	-771.211509
38	77	5.548970E-01	-767.138632
38	78	5.769000E-01	-762.806276
38	79	5.910870E-01	-777.923306
38	80	5.989830E-01	-755.443378
38	81	5.822430E-01	-773.738298
38	82	5.732510E-01	-792.978071
38	83	5.788000E-01	-781.828521
38	84	5.676770E-01	-781.279460
38	85	5.824120E-01	-762.007053
38	86	6.005610E-01	-776.640762
38	87	5.816760E-01	-769.738363
38	88	5.862790E-01	-770.269828
38	89	5.906310E-01	-765.153641
38	90	5.729190E-01	-771.159378
38	91	5.712100E-01	-775.232121
38	92	5.817800E-01	-761.795006
38	93	5.653470E-01	-772.902888
38	94	5.604060E-01	-789.680158
38	95	5.579940E-01	-784.278437
38	96	5.556890E-01	-777.305429
38	97	5.688290E-01	-777.716024
38	98	5.644210E-01	-782.474513
38	99	5.621660E-01	-780.082890
38	100	5.534000E-01	-783.202343
38	101	5.702280E-01	-773.869199
38	102	5.763100E-01	-792.417385
38	103	5.724790E-01	-787.435029
38	104	5.716610E-01	-784.542264
38	105	5.776340E-01	-789.732295
38	106	5.607870E-01	-794.440763
38	107	5.640040E-01	-770.011808
38	108	5.675090E-01	-770.793286
#SDC4 U1
39	1	5.892770E-01	-775.558494
39	2	5.805430E-01	-760.466301
39	3	5.785630E-01	-758.586382
39	4	5.903800E-01	-773.912585
39	5	5.818010E-01	-773.203135
39	6	5.600110E-01	-760.474315
39	7	5.591250E-01	-763.497368
39	8	5.791230E-01	-768.388774
39	9	5.957740E-01	-767.865669
39	10	5.682970E-01	-757.132900
39	11	5.923700E-01	-768.384875
39	12	6.034430E-01	-766.309071
39	13	5.832680E-01	-756.948655
39	14	5.742280E-01	-760.850631
39	15	5.963120E-01	-762.916193
39	16	5.764400E-01	-767.080528
39	17	5.909970E-01	-767.926410
39	18	5.950070E-01	-771.339089
39	19	5.583460E-01	-777.400478
39	20	5.634540E-01	-773.941264
39	21	5.849300E-01	-771.398616
39	22	5.986590E-01	-778.564190
39	23	5.846700E-01	-763.142069
39	24	5.832200E-01	-773.148974
39	25	5.847390E-01	-778.689000
39	26	5.557630E-01	-775.730178
39	27	5.599020E-01	-767.088192
39	28	5.643930E-01	-761.700504
39	29	5.664350E-01	-779.538746
39	30	5.705570E-01	-776.707594
39	31	5.684210E-01	-780.034901
39	32	5.773680E-01	-775.235395
39	33	5.741740E-01	-780.859468
39	34	5.634770E-01	-782.550429
39	35	5.717900E-01	-783.385213
39	36	5.652960E-01	-786.198794
39	37	5.807770E-01	-786.191336
39	38	5.643330E-01	-788.092223
39	39	5.676450E-01	-789.335967
39	40	5.782580E-01	-785.745904
39	41	5.580900E-01	-783.178168
39	42	5.688640E-01	-784.436968
39	43	5.692520E-01	-784.527417
39	44	5.757150E-01	-787.424919
39	45	5.727520E-01	-789.391026
39	46	5.648940E-01	-790.206242
39	47	5.697970E-01	-780.996226
39	48	5.692540E-01	-783.622056
39	49	5.794980E-01	-780.447159
39	50	5.782320E-01	-776.357813
39	51	5.619260E-01	-789.761190
39	52	5.650740E-01	-782.256065
39	53	5.649210E-01	-791.116060
39	54	5.705380E-01	-792.221959
39	55	5.677290E-01	-786.805289
39	56	5.627940E-01	-795.268296
39	57	5.657620E-01	-796.366979
39	58	5.602330E-01	-803.760539
39	59	5.650470E-01	-778.188202
39	60	5.694450E-01	-781.600117
39	61	5.900770E-01	-773.604906
39	62	5.827920E-01	-770.043743
39	63	5.843850E-01	-768.005302
39	64	5.874290E-01	-776.838720
39	65	5.609300E-01	-768.194621
39	66	5.722020E-01	-765.674833
39	67	5.753050E-01	-765.291355
39	68	5.766330E-01	-765.680492
39	69	5.714720E-01	-772.507668
39	70	5.817010E-01	-782.977088
39	71	5.817440E-01	-769.554246
39	72	5.780540E-01	-777.330349
39	73	5.624340E-01	-773.014835
39	74	5.829130E-01	-769.427973
39	75	5.693840E-01	-768.151576
39	76	5.802690E-01	-770.962008
39	77	5.917390E-01	-770.376098
39	78	5.773720E-01	-769.680686
39	79	5.850680E-01	-769.039680
39	80	5.624050E-01	-772.612163
39	81	5.897090E-01	-760.433304
39	82	5.935420E-01	-771.494848
39	83	5.743260E-01	-762.185419
39	84	5.565020E-01	-771.769587
39	85	5.896230E-01	-698.731581
39	86	5.811990E-01	-781.247926
39	87	5.928940E-01	-772.565682
39	88	5.666050E-01	-762.564101
39	89	5.702380E-01	-773.066907
39	90	5.785640E-01	-760.331163
39	91	5.788820E-01	-761.122680
39	92	5.820110E-01	-756.272232
39	93	5.675220E-01	-786.102751
39	94	5.710720E-01	-776.288414
39	95	5.614690E-01	-770.682560
39	96	5.695660E-01	-775.507352
39	97	5.769980E-01	-779.278738
39	98	5.624440E-01	-778.787232
39	99	5.633770E-01	-778.710649
39	100	5.748180E-01	-777.789285
39	101	5.720180E-01	-774.367647
39	102	5.691830E-01	-784.484705
39	103	5.688060E-01	-781.892459
39	104	5.809650E-01	-763.465213
39	105	5.857210E-01	-761.402845
39	106	5.715940E-01	-764.290347
39	107	5.812090E-01	-762.577201
39	108	5.837010E-01	-767.894819
39	109	5.846340E-01	-768.544429
39	110	5.781710E-01	-768.499602
39	111	5.663980E-01	-769.175465
39	112	5.731350E-01	-765.994404
39	113	5.789850E-01	-768.166156
39	114	5.918130E-01	-774.918529
39	115	5.868460E-01	-764.016669
39	116	5.827520E-01	-771.575109
39	117	5.863610E-01	-771.044845
39	118	5.693630E-01	-774.346916
39	119	5.788480E-01	-768.613296
39	120	6.001010E-01	-761.553805
#SDC4 V2
40	1	5.879460E-01	-793.001337
40	2	5.726390E-01	-781.846164
40	3	5.710130E-01	-783.230965
40	4	5.650070E-01	-783.037140
40	5	5.883750E-01	-782.484496
40	6	5.807130E-01	-775.927651
40	7	5.582400E-01	-793.761092
40	8	5.910970E-01	-781.493535
40	9	5.702050E-01	-786.692601
40	10	5.861800E-01	-779.878268
40	11	5.930100E-01	-777.986264
40	12	5.673400E-01	-783.702757
40	13	5.817930E-01	-777.734880
40	14	5.801160E-01	-781.055598
40	15	5.841160E-01	-781.187027
40	16	5.889900E-01	-769.982832
40	17	5.919950E-01	-780.816022
40	18	5.909860E-01	-799.818906
40	19	6.009930E-01	-782.818798
40	20	5.826860E-01	-791.388714
40	21	5.729750E-01	-780.035117
40	22	5.899430E-01	-781.686676
40	23	5.898500E-01	-795.860147
40	24	5.904430E-01	-784.872258
40	25	5.850030E-01	-789.414660
40	26	6.028750E-01	-786.633611
40	27	5.851320E-01	-788.139000
40	28	5.738260E-01	-778.668156
40	29	5.569170E-01	-785.638504
40	30	5.836400E-01	-776.836919
40	31	5.722880E-01	-776.208765
40	32	5.784990E-01	-773.512226
40	33	5.615590E-01	-766.607375
40	34	5.583330E-01	-771.303207
40	35	5.721000E-01	-780.950628
40	36	5.744940E-01	-780.732585
40	37	5.595610E-01	-786.072594
40	38	5.584920E-01	-782.032359
40	39	5.719200E-01	-774.511897
40	40	5.756370E-01	-773.866927
40	41	5.731960E-01	-782.674128
40	42	5.740460E-01	-781.557167
40	43	5.674240E-01	-780.396522
40	44	5.689680E-01	-779.746797
40	45	5.613700E-01	-784.785505
40	46	5.749420E-01	-780.574284
40	47	5.724100E-01	-774.583199
40	48	5.823780E-01	-788.261463
40	49	5.681950E-01	-781.574222
40	50	5.759420E-01	-778.872314
40	51	5.775680E-01	-781.324685
40	52	5.811630E-01	-784.828879
40	53	5.853610E-01	-782.797343
40	54	5.832240E-01	-789.676473
40	55	5.784040E-01	-781.564277
40	56	5.741410E-01	-780.337687
40	57	5.851020E-01	-778.800068
40	58	5.667880E-01	-775.970165
40	59	5.729220E-01	-775.599914
40	60	5.797010E-01	-792.877407
40	61	5.673450E-01	-774.419840
40	62	5.681840E-01	-773.912672
40	63	5.591100E-01	-776.016014
40	64	5.657060E-01	-781.642515
40	65	5.824310E-01	-781.295363
40	66	5.650170E-01	-781.085748
40	67	5.502970E-01	-781.373279
40	68	5.568030E-01	-789.515928
40	69	5.656890E-01	-783.965282
40	70	5.565520E-01	-798.986332
40	71	5.815270E-01	-780.522729
40	72	5.776160E-01	-786.567090
40	73	5.674030E-01	-777.865539
40	74	5.665370E-01	-778.870649
40	75	5.631050E-01	-783.674709
40	76	5.645960E-01	-787.913225
40	77	5.657920E-01	-776.556337
40	78	5.621050E-01	-780.197801
40	79	5.766220E-01	-783.053756
40	80	5.581060E-01	-779.838248
40	81	5.538290E-01	-781.013582
40	82	5.563330E-01	-778.920499
40	83	5.725600E-01	-788.278984
40	84	5.756590E-01	-786.297349
40	85	5.769890E-01	-777.005015
40	86	5.716380E-01	-785.012958
40	87	5.576830E-01	-783.187201
40	88	5.763750E-01	-788.900325
40	89	5.706090E-01	-771.844938
40	90	5.655150E-01	-783.825275
40	91	5.803590E-01	-769.402529
40	92	5.768120E-01	-782.305241
40	93	5.723590E-01	-766.253718
40	94	5.735810E-01	-759.510380
40	95	5.719590E-01	-756.703628
40	96	5.673520E-01	-768.265609
40	97	5.684640E-01	-770.354652
40	98	5.710930E-01	-776.120745
40	99	5.679020E-01	-776.199330
40	100	5.798430E-01	-774.368366
40	101	5.668900E-01	-780.134523
40	102	5.674330E-01	-772.749348
40	103	5.650660E-01	-784.564693
40	104	5.650070E-01	-765.624271
40	105	5.612740E-01	-765.997763
40	106	5.651510E-01	-769.889455
40	107	5.746050E-01	-769.936542
40	108	5.713920E-01	-778.613979
40	109	5.820120E-01	-780.167979
40	110	5.710890E-01	-793.310285
40	111	5.707610E-01	-788.288871
40	112	5.772380E-01	-784.246259
40	113	5.668190E-01	-783.420244
40	114	5.592530E-01	-789.483356
40	115	5.682790E-01	-787.106362
40	116	5.645120E-01	-796.122867
40	117	5.604190E-01	-791.866327
40	118	5.606860E-01	-792.720274
40	119	5.582780E-01	-782.683047
40	120	5.633790E-01	-789.204812
#SDC4 X2
41	1	5.900440E-01	-769.224050
41	2	5.747120E-01	-783.008716
41	3	5.739220E-01	-776.082451
41	4	5.953370E-01	-781.100343
41	5	5.815630E-01	-785.875465
41	6	5.767760E-01	-791.770586
41	7	5.805890E-01	-794.644105
41	8	5.755090E-01	-789.612334
41	9	5.855990E-01	-780.276551
41	10	5.878080E-01	-788.505994
41	11	5.871050E-01	-785.173185
41	12	5.968500E-01	-779.724853
41	13	5.950010E-01	-781.197354
41	14	5.846240E-01	-775.912695
41	15	5.869170E-01	-788.759499
41	16	5.815880E-01	-774.801000
41	17	5.875460E-01	-770.296814
41	18	5.781120E-01	-776.745423
41	19	5.924510E-01	-790.326719
41	20	5.671500E-01	-786.909902
41	21	6.063060E-01	-782.111762
41	22	5.787540E-01	-788.811780
41	23	6.046210E-01	-784.593172
41	24	5.810490E-01	-783.349597
41	25	5.816230E-01	-775.197350
41	26	5.665750E-01	-782.339506
41	27	5.768730E-01	-781.906644
41	28	5.851480E-01	-791.738042
41	29	5.591370E-01	-764.028915
41	30	5.814730E-01	-789.977225
41	31	5.871610E-01	-772.594322
41	32	5.874070E-01	-779.517030
41	33	5.807540E-01	-773.092807
41	34	5.889370E-01	-772.653299
41	35	5.989800E-01	-787.279448
41	36	5.822550E-01	-796.621400
41	37	5.838390E-01	-782.676748
41	38	5.786030E-01	-777.670954
41	39	5.673600E-01	-780.925078
41	40	5.762980E-01	-773.622901
41	41	5.782740E-01	-774.687922
41	42	5.920090E-01	-764.085291
41	43	5.745770E-01	-785.554109
41	44	5.800580E-01	-772.156624
41	45	5.667740E-01	-760.600223
41	46	5.753220E-01	-777.571358
41	47	5.797040E-01	-772.605645
41	48	5.900320E-01	-767.894545
41	49	5.750420E-01	-770.491303
41	50	5.876650E-01	-769.356491
41	51	5.904430E-01	-808.315381
41	52	5.702960E-01	-796.036024
41	53	5.648540E-01	-779.939227
41	54	5.583520E-01	-771.585523
41	55	5.944350E-01	-798.187195
41	56	5.844010E-01	-768.836017
41	57	5.771310E-01	-793.491505
41	58	5.755900E-01	-790.845543
41	59	5.714700E-01	-766.779553
41	60	5.767480E-01	-766.139291
41	61	5.910610E-01	-781.465532
41	62	5.975150E-01	-764.884235
41	63	5.785310E-01	-786.060641
41	64	5.728220E-01	-779.115842
41	65	5.553920E-01	-774.567928
41	66	5.972540E-01	-782.976954
41	67	5.912330E-01	-789.653070
41	68	5.986560E-01	-775.121633
41	69	5.890400E-01	-789.970553
41	70	5.802440E-01	-787.749428
41	71	5.861600E-01	-785.394007
41	72	5.791520E-01	-788.402165
41	73	5.984750E-01	-780.086821
41	74	6.061350E-01	-778.997535
41	75	5.950800E-01	-776.437360
41	76	5.635880E-01	-778.170839
41	77	5.954130E-01	-786.432354
41	78	5.954160E-01	-775.422831
41	79	5.996300E-01	-778.973520
41	80	5.912540E-01	-772.742822
41	81	5.801910E-01	-769.857689
41	82	5.857130E-01	-789.515613
41	83	5.813220E-01	-773.999339
41	84	5.844550E-01	-790.857945
41	85	5.940420E-01	-792.340298
41	86	5.882080E-01	-786.043850
41	87	5.747510E-01	-786.862529
41	88	5.832260E-01	-788.299497
41	89	5.771990E-01	-774.317965
41	90	5.773860E-01	-768.235900
41	91	5.877680E-01	-780.898333
41	92	5.651810E-01	-774.135350
41	93	5.760160E-01	-775.116775
41	94	5.845460E-01	-800.584873
41	95	5.651690E-01	-773.746046
41	96	5.916250E-01	-777.560244
41	97	5.909530E-01	-768.536427
41	98	5.802570E-01	-786.467706
41	99	5.669400E-01	-780.825116
41	100	5.867580E-01	-783.704680
41	101	5.866120E-01	-777.438222
41	102	5.774250E-01	-782.527277
41	103	5.965250E-01	-777.031482
41	104	5.656680E-01	-788.878140
41	105	5.733290E-01	-762.785102
41	106	5.913550E-01	-765.827520
41	107	5.951480E-01	-730.697203
41	108	5.744820E-01	-761.660353
#SDC4 U2
42	1	5.947100E-01	-746.364121
42	2	5.822520E-01	-757.319552
42	3	5.722980E-01	-742.506544
42	4	5.641540E-01	-778.436813
42	5	5.755880E-01	-766.581070
42	6	5.888620E-01	-792.126395
42	7	5.829620E-01	-763.375309
42	8	5.539210E-01	-764.596295
42	9	5.916800E-01	-735.286942
42	10	5.715040E-01	-790.152618
42	11	5.717630E-01	-754.897570
42	12	5.660890E-01	-785.600102
42	13	5.855140E-01	-774.629317
42	14	6.001830E-01	-788.917358
42	15	5.577930E-01	-777.863390
42	16	5.737900E-01	-776.437553
42	17	5.797180E-01	-781.923578
42	18	5.967850E-01	-784.253513
42	19	5.983900E-01	-784.296603
42	20	5.587060E-01	-780.912684
42	21	5.636010E-01	-787.640622
42	22	5.717640E-01	-788.148859
42	23	5.715580E-01	-784.168242
42	24	5.566540E-01	-780.182939
42	25	5.955950E-01	-775.920000
42	26	5.905330E-01	-773.515146
42	27	5.886220E-01	-780.683910
42	28	5.896510E-01	-780.572413
42	29	5.458000E-01	-782.539640
42	30	5.665920E-01	-774.420735
42	31	5.848230E-01	-776.838527
42	32	5.700620E-01	-777.059092
42	33	5.639310E-01	-775.993861
42	34	5.728640E-01	-779.692611
42	35	5.757380E-01	-797.199793
42	36	5.698760E-01	-793.824642
42	37	5.833650E-01	-784.419953
42	38	5.922670E-01	-786.257730
42	39	5.666810E-01	-791.759739
42	40	5.842760E-01	-783.821051
42	41	5.665440E-01	-786.690774
42	42	5.667210E-01	-784.223700
42	43	5.717290E-01	-781.584288
42	44	5.889290E-01	-775.622218
42	45	5.787640E-01	-783.225757
42	46	5.982050E-01	-773.200463
42	47	5.795060E-01	-769.266025
42	48	5.612740E-01	-769.209195
42	49	5.743210E-01	-781.614226
42	50	5.506960E-01	-779.758926
42	51	5.782010E-01	-773.480870
42	52	5.912190E-01	-793.585614
42	53	5.935410E-01	-779.320746
42	54	5.689410E-01	-792.516595
42	55	5.749980E-01	-797.551973
42	56	5.887780E-01	-773.724485
42	57	5.705000E-01	-778.264022
42	58	5.889250E-01	-784.477227
42	59	5.983710E-01	-781.034642
42	60	5.887790E-01	-780.823925
42	61	5.626420E-01	-779.525814
42	62	5.881460E-01	-770.428047
42	63	5.913550E-01	-769.527949
42	64	5.785490E-01	-765.429275
42	65	5.740570E-01	-776.981277
42	66	5.848140E-01	-780.967176
42	67	6.029820E-01	-775.800766
42	68	5.797570E-01	-772.259506
42	69	5.616650E-01	-786.189025
42	70	5.750440E-01	-788.380930
42	71	5.684060E-01	-787.351759
42	72	5.757370E-01	-774.666711
42	73	5.892290E-01	-780.659666
42	74	5.732470E-01	-769.472454
42	75	5.922240E-01	-768.966002
42	76	5.960750E-01	-774.779075
42	77	5.778200E-01	-775.017603
42	78	5.655250E-01	-775.533442
42	79	5.687790E-01	-771.747113
42	80	5.628860E-01	-791.566854
42	81	5.612410E-01	-786.195738
42	82	5.690530E-01	-781.950945
42	83	5.996000E-01	-780.492891
42	84	5.596780E-01	-778.560773
42	85	5.698270E-01	-786.950216
42	86	5.965080E-01	-781.063445
42	87	5.723110E-01	-791.053966
42	88	5.775910E-01	-795.087529
42	89	5.627370E-01	-764.419515
42	90	5.665340E-01	-776.780465
42	91	5.844110E-01	-786.561772
42	92	5.925350E-01	-773.065947
42	93	5.966970E-01	-769.456119
42	94	5.772170E-01	-774.073974
42	95	5.676320E-01	-780.318123
42	96	5.903640E-01	-775.172786
42	97	5.733400E-01	-771.714346
42	98	5.792020E-01	-766.396964
42	99	6.032670E-01	-682.318904
42	100	5.749020E-01	-767.653808
42	101	5.651670E-01	-749.265902
42	102	5.737280E-01	-778.205599
42	103	5.721030E-01	-772.074808
42	104	5.945670E-01	-740.383375
42	105	5.732440E-01	-780.295883
42	106	5.619260E-01	-785.503296
42	107	5.717260E-01	-760.617763
42	108	5.841460E-01	-770.976256
42	109	5.779510E-01	-765.477645
42	110	5.693430E-01	-753.319897
42	111	5.830040E-01	-781.357106
42	112	5.863620E-01	-780.965149
42	113	5.850260E-01	-787.428802
42	114	5.986330E-01	-751.714081
42	115	5.999800E-01	-774.011271
42	116	5.915670E-01	-754.879432
42	117	5.798450E-01	-755.502471
42	118	5.769880E-01	-772.609830
42	119	5.785820E-01	-759.414621
42	120	5.782590E-01	-754.259660
