##
#  file: DCTdcCalib_0
#  date: 2017.04.10
#  note: first version of E07-Phase2
#
#
#######################################################################
# Id	WireId	p1	p0
#
### BC3-X1
113	1	1.000	-688.800
113	2	1.000	-688.800
113	3	1.000	-688.800
113	4	1.000	-688.800
113	5	1.000	-688.800
113	6	1.000	-688.800
113	7	1.000	-688.800
113	8	1.000	-691.801
113	9	1.000	-688.800
113	10	1.000	-688.800
113	11	1.000	-688.285
113	12	1.000	-688.955
113	13	1.000	-688.206
113	14	1.000	-689.117
113	15	1.000	-688.637
113	16	1.000	-688.987
113	17	1.000	-688.976
113	18	1.000	-690.407
113	19	1.000	-689.147
113	20	1.000	-689.447
113	21	1.000	-688.929
113	22	1.000	-689.780
113	23	1.000	-689.456
113	24	1.000	-689.005
113	25	1.000	-688.213
113	26	1.000	-688.977
113	27	1.000	-687.953
113	28	1.000	-687.611
113	29	1.000	-687.726
113	30	1.000	-688.793
113	31	1.000	-687.730
113	32	1.000	-688.319
113	33	1.000	-688.710
113	34	1.000	-688.838
113	35	1.000	-688.594
113	36	1.000	-688.555
113	37	1.000	-688.627
113	38	1.000	-689.527
113	39	1.000	-688.708
113	40	1.000	-688.349
113	41	1.000	-689.316
113	42	1.000	-689.808
113	43	1.000	-689.123
113	44	1.000	-689.253
113	45	1.000	-688.068
113	46	1.000	-688.623
113	47	1.000	-688.498
113	48	1.000	-688.272
113	49	1.000	-687.814
113	50	1.000	-689.643
113	51	1.000	-688.464
113	52	1.000	-689.658
113	53	1.000	-687.745
113	54	1.000	-687.487
113	55	1.000	-688.800
113	56	1.000	-688.800
113	57	1.000	-688.800
113	58	1.000	-688.800
113	59	1.000	-688.800
113	60	1.000	-688.800
113	61	1.000	-688.800
113	62	1.000	-688.800
113	63	1.000	-688.800
113	64	1.000	-688.800
#
### BC3-X2
114	1	1.000	-696.771
114	2	1.000	-689.000
114	3	1.000	-689.000
114	4	1.000	-685.967
114	5	1.000	-689.000
114	6	1.000	-683.249
114	7	1.000	-689.000
114	8	1.000	-683.198
114	9	1.000	-689.687
114	10	1.000	-689.000
114	11	1.000	-688.301
114	12	1.000	-688.134
114	13	1.000	-688.086
114	14	1.000	-687.653
114	15	1.000	-687.888
114	16	1.000	-686.464
114	17	1.000	-686.703
114	18	1.000	-686.886
114	19	1.000	-687.488
114	20	1.000	-686.746
114	21	1.000	-688.189
114	22	1.000	-687.852
114	23	1.000	-688.171
114	24	1.000	-688.182
114	25	1.000	-686.650
114	26	1.000	-687.433
114	27	1.000	-687.131
114	28	1.000	-686.746
114	29	1.000	-687.266
114	30	1.000	-687.127
114	31	1.000	-686.908
114	32	1.000	-685.997
114	33	1.000	-686.214
114	34	1.000	-686.041
114	35	1.000	-685.967
114	36	1.000	-685.054
114	37	1.000	-685.953
114	38	1.000	-685.976
114	39	1.000	-685.978
114	40	1.000	-685.464
114	41	1.000	-686.429
114	42	1.000	-686.853
114	43	1.000	-686.841
114	44	1.000	-686.445
114	45	1.000	-686.460
114	46	1.000	-686.635
114	47	1.000	-687.319
114	48	1.000	-685.942
114	49	1.000	-685.792
114	50	1.000	-686.216
114	51	1.000	-685.549
114	52	1.000	-686.389
114	53	1.000	-686.715
114	54	1.000	-685.573
114	55	1.000	-689.000
114	56	1.000	-689.000
114	57	1.000	-689.000
114	58	1.000	-689.000
114	59	1.000	-689.000
114	60	1.000	-689.000
114	61	1.000	-689.000
114	62	1.000	-689.000
114	63	1.000	-689.000
114	64	1.000	-689.000
#
### BC3-U1
115	1	1.000	-689.000
115	2	1.000	-689.000
115	3	1.000	-689.000
115	4	1.000	-689.000
115	5	1.000	-689.000
115	6	1.000	-689.000
115	7	1.000	-689.000
115	8	1.000	-689.000
115	9	1.000	-686.660
115	10	1.000	-693.886
115	11	1.000	-689.944
115	12	1.000	-689.413
115	13	1.000	-687.812
115	14	1.000	-686.406
115	15	1.000	-686.378
115	16	1.000	-685.997
115	17	1.000	-685.318
115	18	1.000	-687.176
115	19	1.000	-686.708
115	20	1.000	-687.468
115	21	1.000	-686.262
115	22	1.000	-686.788
115	23	1.000	-686.474
115	24	1.000	-686.456
115	25	1.000	-685.885
115	26	1.000	-685.699
115	27	1.000	-686.363
115	28	1.000	-685.412
115	29	1.000	-685.700
115	30	1.000	-686.279
115	31	1.000	-685.787
115	32	1.000	-686.158
115	33	1.000	-687.060
115	34	1.000	-687.480
115	35	1.000	-688.198
115	36	1.000	-688.002
115	37	1.000	-688.138
115	38	1.000	-688.193
115	39	1.000	-688.302
115	40	1.000	-687.907
115	41	1.000	-688.484
115	42	1.000	-688.834
115	43	1.000	-688.450
115	44	1.000	-688.686
115	45	1.000	-687.711
115	46	1.000	-688.160
115	47	1.000	-687.720
115	48	1.000	-687.113
115	49	1.000	-686.941
115	50	1.000	-688.686
115	51	1.000	-688.605
115	52	1.000	-688.866
115	53	1.000	-689.388
115	54	1.000	-689.000
115	55	1.000	-689.000
115	56	1.000	-689.000
115	57	1.000	-689.000
115	58	1.000	-689.000
115	59	1.000	-689.000
115	60	1.000	-689.000
115	61	1.000	-689.000
115	62	1.000	-689.000
115	63	1.000	-689.000
115	64	1.000	-689.000
#
### BC3-U2
116	1	1.000	-687.000
116	2	1.000	-687.000
116	3	1.000	-687.000
116	4	1.000	-687.000
116	5	1.000	-687.000
116	6	1.000	-687.000
116	7	1.000	-687.000
116	8	1.000	-687.000
116	9	1.000	-687.000
116	10	1.000	-687.000
116	11	1.000	-687.892
116	12	1.000	-685.953
116	13	1.000	-685.409
116	14	1.000	-685.942
116	15	1.000	-687.206
116	16	1.000	-685.930
116	17	1.000	-686.074
116	18	1.000	-686.915
116	19	1.000	-686.406
116	20	1.000	-686.559
116	21	1.000	-686.920
116	22	1.000	-687.213
116	23	1.000	-687.217
116	24	1.000	-687.471
116	25	1.000	-686.614
116	26	1.000	-687.043
116	27	1.000	-687.021
116	28	1.000	-686.119
116	29	1.000	-686.234
116	30	1.000	-686.327
116	31	1.000	-685.977
116	32	1.000	-685.261
116	33	1.000	-685.551
116	34	1.000	-685.108
116	35	1.000	-685.697
116	36	1.000	-684.944
116	37	1.000	-684.978
116	38	1.000	-685.660
116	39	1.000	-686.114
116	40	1.000	-685.007
116	41	1.000	-686.395
116	42	1.000	-687.330
116	43	1.000	-686.356
116	44	1.000	-687.371
116	45	1.000	-686.395
116	46	1.000	-686.547
116	47	1.000	-687.215
116	48	1.000	-685.448
116	49	1.000	-685.834
116	50	1.000	-685.881
116	51	1.000	-686.362
116	52	1.000	-686.376
116	53	1.000	-677.986
116	54	1.000	-687.000
116	55	1.000	-687.000
116	56	1.000	-687.000
116	57	1.000	-687.000
116	58	1.000	-687.000
116	59	1.000	-687.000
116	60	1.000	-687.000
116	61	1.000	-687.000
116	62	1.000	-687.000
116	63	1.000	-687.000
116	64	1.000	-687.000
#
### BC3-V1
117	1	1.000	-689.000
117	2	1.000	-689.000
117	3	1.000	-689.000
117	4	1.000	-689.000
117	5	1.000	-689.000
117	6	1.000	-689.000
117	7	1.000	-692.943
117	8	1.000	-689.000
117	9	1.000	-689.227
117	10	1.000	-689.000
117	11	1.000	-691.613
117	12	1.000	-690.698
117	13	1.000	-688.968
117	14	1.000	-688.471
117	15	1.000	-688.448
117	16	1.000	-688.344
117	17	1.000	-688.247
117	18	1.000	-690.083
117	19	1.000	-689.462
117	20	1.000	-689.885
117	21	1.000	-689.561
117	22	1.000	-689.810
117	23	1.000	-690.115
117	24	1.000	-689.179
117	25	1.000	-687.298
117	26	1.000	-688.232
117	27	1.000	-688.007
117	28	1.000	-688.263
117	29	1.000	-687.868
117	30	1.000	-688.844
117	31	1.000	-688.113
117	32	1.000	-689.035
117	33	1.000	-686.912
117	34	1.000	-687.922
117	35	1.000	-688.702
117	36	1.000	-688.776
117	37	1.000	-688.210
117	38	1.000	-688.233
117	39	1.000	-688.750
117	40	1.000	-688.112
117	41	1.000	-689.352
117	42	1.000	-689.652
117	43	1.000	-689.111
117	44	1.000	-688.958
117	45	1.000	-688.924
117	46	1.000	-688.186
117	47	1.000	-688.163
117	48	1.000	-687.352
117	49	1.000	-687.433
117	50	1.000	-688.888
117	51	1.000	-688.557
117	52	1.000	-688.327
117	53	1.000	-685.917
117	54	1.000	-689.000
117	55	1.000	-689.000
117	56	1.000	-689.000
117	57	1.000	-689.000
117	58	1.000	-689.000
117	59	1.000	-689.000
117	60	1.000	-689.000
117	61	1.000	-689.000
117	62	1.000	-689.000
117	63	1.000	-689.000
117	64	1.000	-689.000
#
### BC3-V2
118	1	1.000	-686.000
118	2	1.000	-686.000
118	3	1.000	-686.000
118	4	1.000	-686.000
118	5	1.000	-686.000
118	6	1.000	-686.000
118	7	1.000	-686.000
118	8	1.000	-692.411
118	9	1.000	-686.000
118	10	1.000	-670.018
118	11	1.000	-684.177
118	12	1.000	-687.515
118	13	1.000	-687.019
118	14	1.000	-686.879
118	15	1.000	-686.854
118	16	1.000	-686.006
118	17	1.000	-686.359
118	18	1.000	-686.283
118	19	1.000	-687.235
118	20	1.000	-686.959
118	21	1.000	-687.844
118	22	1.000	-687.592
118	23	1.000	-687.358
118	24	1.000	-687.473
118	25	1.000	-686.181
118	26	1.000	-687.065
118	27	1.000	-686.699
118	28	1.000	-686.618
118	29	1.000	-686.668
118	30	1.000	-687.180
118	31	1.000	-686.099
118	32	1.000	-685.653
118	33	1.000	-686.113
118	34	1.000	-685.866
118	35	1.000	-685.791
118	36	1.000	-684.920
118	37	1.000	-686.089
118	38	1.000	-686.341
118	39	1.000	-685.750
118	40	1.000	-686.037
118	41	1.000	-686.247
118	42	1.000	-686.968
118	43	1.000	-686.631
118	44	1.000	-686.759
118	45	1.000	-687.098
118	46	1.000	-687.089
118	47	1.000	-687.260
118	48	1.000	-685.305
118	49	1.000	-685.378
118	50	1.000	-686.127
118	51	1.000	-686.460
118	52	1.000	-686.752
118	53	1.000	-687.325
118	54	1.000	-686.000
118	55	1.000	-686.000
118	56	1.000	-686.000
118	57	1.000	-686.000
118	58	1.000	-686.000
118	59	1.000	-686.000
118	60	1.000	-686.000
118	61	1.000	-686.000
118	62	1.000	-686.000
118	63	1.000	-686.000
118	64	1.000	-686.000
#
### BC4-U1
119	1	1.000	-684.400
119	2	1.000	-684.400
119	3	1.000	-684.400
119	4	1.000	-684.400
119	5	1.000	-684.400
119	6	1.000	-684.400
119	7	1.000	-684.400
119	8	1.000	-684.400
119	9	1.000	-684.400
119	10	1.000	-684.400
119	11	1.000	-684.400
119	12	1.000	-684.400
119	13	1.000	-684.400
119	14	1.000	-684.400
119	15	1.000	-684.400
119	16	1.000	-684.400
119	17	1.000	-681.206
119	18	1.000	-685.839
119	19	1.000	-685.375
119	20	1.000	-685.555
119	21	1.000	-685.816
119	22	1.000	-686.171
119	23	1.000	-685.524
119	24	1.000	-685.168
119	25	1.000	-684.220
119	26	1.000	-685.042
119	27	1.000	-684.347
119	28	1.000	-684.542
119	29	1.000	-684.705
119	30	1.000	-685.260
119	31	1.000	-684.924
119	32	1.000	-684.626
119	33	1.000	-683.939
119	34	1.000	-683.893
119	35	1.000	-684.614
119	36	1.000	-684.330
119	37	1.000	-685.076
119	38	1.000	-684.493
119	39	1.000	-685.353
119	40	1.000	-684.183
119	41	1.000	-685.293
119	42	1.000	-684.647
119	43	1.000	-685.783
119	44	1.000	-685.560
119	45	1.000	-685.183
119	46	1.000	-684.267
119	47	1.000	-685.084
119	48	1.000	-681.369
119	49	1.000	-677.275
119	50	1.000	-684.400
119	51	1.000	-684.400
119	52	1.000	-684.400
119	53	1.000	-684.400
119	54	1.000	-684.400
119	55	1.000	-684.400
119	56	1.000	-684.400
119	57	1.000	-684.400
119	58	1.000	-684.400
119	59	1.000	-684.400
119	60	1.000	-684.400
119	61	1.000	-684.400
119	62	1.000	-684.400
119	63	1.000	-684.400
119	64	1.000	-684.400
#
### BC4-U2
120	1	1.000	-683.000
120	2	1.000	-683.000
120	3	1.000	-683.000
120	4	1.000	-683.000
120	5	1.000	-683.000
120	6	1.000	-683.000
120	7	1.000	-683.000
120	8	1.000	-683.000
120	9	1.000	-683.000
120	10	1.000	-683.000
120	11	1.000	-683.000
120	12	1.000	-683.000
120	13	1.000	-683.000
120	14	1.000	-683.000
120	15	1.000	-683.000
120	16	1.000	-683.000
120	17	1.000	-683.000
120	18	1.000	-682.626
120	19	1.000	-683.568
120	20	1.000	-683.234
120	21	1.000	-683.720
120	22	1.000	-684.161
120	23	1.000	-684.343
120	24	1.000	-684.255
120	25	1.000	-682.445
120	26	1.000	-683.745
120	27	1.000	-682.769
120	28	1.000	-683.434
120	29	1.000	-683.022
120	30	1.000	-683.973
120	31	1.000	-682.317
120	32	1.000	-682.532
120	33	1.000	-683.678
120	34	1.000	-683.149
120	35	1.000	-683.105
120	36	1.000	-682.201
120	37	1.000	-682.746
120	38	1.000	-682.802
120	39	1.000	-683.062
120	40	1.000	-682.447
120	41	1.000	-683.217
120	42	1.000	-684.158
120	43	1.000	-683.673
120	44	1.000	-683.939
120	45	1.000	-683.748
120	46	1.000	-683.907
120	47	1.000	-683.843
120	48	1.000	-682.825
120	49	1.000	-680.327
120	50	1.000	-683.000
120	51	1.000	-683.000
120	52	1.000	-683.000
120	53	1.000	-683.000
120	54	1.000	-683.000
120	55	1.000	-683.000
120	56	1.000	-683.000
120	57	1.000	-683.000
120	58	1.000	-683.000
120	59	1.000	-683.000
120	60	1.000	-683.000
120	61	1.000	-683.000
120	62	1.000	-683.000
120	63	1.000	-683.000
120	64	1.000	-683.000
#
### BC4-V1
121	1	1.000	-684.000
121	2	1.000	-684.000
121	3	1.000	-684.000
121	4	1.000	-684.000
121	5	1.000	-684.000
121	6	1.000	-684.000
121	7	1.000	-684.000
121	8	1.000	-684.000
121	9	1.000	-684.000
121	10	1.000	-684.000
121	11	1.000	-684.000
121	12	1.000	-683.996
121	13	1.000	-684.000
121	14	1.000	-684.000
121	15	1.000	-684.000
121	16	1.000	-671.265
121	17	1.000	-683.784
121	18	1.000	-684.317
121	19	1.000	-684.346
121	20	1.000	-685.199
121	21	1.000	-684.724
121	22	1.000	-685.319
121	23	1.000	-685.097
121	24	1.000	-685.039
121	25	1.000	-683.010
121	26	1.000	-684.063
121	27	1.000	-683.648
121	28	1.000	-683.522
121	29	1.000	-683.642
121	30	1.000	-684.173
121	31	1.000	-684.259
121	32	1.000	-684.243
121	33	1.000	-683.707
121	34	1.000	-684.020
121	35	1.000	-685.495
121	36	1.000	-684.827
121	37	1.000	-685.406
121	38	1.000	-684.969
121	39	1.000	-685.080
121	40	1.000	-683.739
121	41	1.000	-686.139
121	42	1.000	-685.202
121	43	1.000	-685.831
121	44	1.000	-686.135
121	45	1.000	-685.128
121	46	1.000	-684.506
121	47	1.000	-685.914
121	48	1.000	-683.142
121	49	1.000	-683.357
121	50	1.000	-673.527
121	51	1.000	-684.000
121	52	1.000	-684.000
121	53	1.000	-684.000
121	54	1.000	-684.000
121	55	1.000	-684.000
121	56	1.000	-684.000
121	57	1.000	-684.000
121	58	1.000	-684.000
121	59	1.000	-684.000
121	60	1.000	-684.000
121	61	1.000	-684.000
121	62	1.000	-684.000
121	63	1.000	-684.000
121	64	1.000	-684.000
#
### BC4-V2
122	1	1.000	-685.000
122	2	1.000	-685.000
122	3	1.000	-685.000
122	4	1.000	-685.000
122	5	1.000	-685.000
122	6	1.000	-685.000
122	7	1.000	-685.000
122	8	1.000	-685.000
122	9	1.000	-685.000
122	10	1.000	-685.000
122	11	1.000	-685.000
122	12	1.000	-685.000
122	13	1.000	-685.000
122	14	1.000	-685.000
122	15	1.000	-685.000
122	16	1.000	-685.000
122	17	1.000	-683.235
122	18	1.000	-684.825
122	19	1.000	-685.115
122	20	1.000	-684.761
122	21	1.000	-685.688
122	22	1.000	-685.917
122	23	1.000	-685.852
122	24	1.000	-686.124
122	25	1.000	-684.177
122	26	1.000	-685.726
122	27	1.000	-685.082
122	28	1.000	-685.330
122	29	1.000	-684.594
122	30	1.000	-685.021
122	31	1.000	-684.475
122	32	1.000	-684.071
122	33	1.000	-683.914
122	34	1.000	-683.810
122	35	1.000	-684.058
122	36	1.000	-683.205
122	37	1.000	-683.338
122	38	1.000	-683.800
122	39	1.000	-684.228
122	40	1.000	-683.305
122	41	1.000	-684.880
122	42	1.000	-685.033
122	43	1.000	-685.316
122	44	1.000	-685.211
122	45	1.000	-684.914
122	46	1.000	-685.006
122	47	1.000	-685.004
122	48	1.000	-683.010
122	49	1.000	-675.355
122	50	1.000	-685.000
122	51	1.000	-685.000
122	52	1.000	-685.000
122	53	1.000	-685.000
122	54	1.000	-685.000
122	55	1.000	-685.000
122	56	1.000	-685.000
122	57	1.000	-685.000
122	58	1.000	-685.000
122	59	1.000	-685.000
122	60	1.000	-685.000
122	61	1.000	-685.000
122	62	1.000	-685.000
122	63	1.000	-685.000
122	64	1.000	-685.000
#
### BC4-X1
123	1	1.000	-685.000
123	2	1.000	-685.000
123	3	1.000	-685.000
123	4	1.000	-685.000
123	5	1.000	-685.000
123	6	1.000	-685.000
123	7	1.000	-685.000
123	8	1.000	-685.000
123	9	1.000	-685.000
123	10	1.000	-685.000
123	11	1.000	-685.000
123	12	1.000	-685.000
123	13	1.000	-685.442
123	14	1.000	-685.000
123	15	1.000	-685.000
123	16	1.000	-683.926
123	17	1.000	-681.375
123	18	1.000	-683.706
123	19	1.000	-684.177
123	20	1.000	-684.059
123	21	1.000	-684.044
123	22	1.000	-684.155
123	23	1.000	-684.300
123	24	1.000	-683.408
123	25	1.000	-682.560
123	26	1.000	-682.823
123	27	1.000	-682.594
123	28	1.000	-683.205
123	29	1.000	-682.298
123	30	1.000	-684.206
123	31	1.000	-683.391
123	32	1.000	-683.704
123	33	1.000	-684.302
123	34	1.000	-684.683
123	35	1.000	-685.341
123	36	1.000	-684.646
123	37	1.000	-685.142
123	38	1.000	-684.396
123	39	1.000	-686.039
123	40	1.000	-684.199
123	41	1.000	-685.891
123	42	1.000	-685.761
123	43	1.000	-686.433
123	44	1.000	-685.889
123	45	1.000	-685.011
123	46	1.000	-684.211
123	47	1.000	-684.859
123	48	1.000	-684.714
123	49	1.000	-684.763
123	50	1.000	-683.494
123	51	1.000	-685.000
123	52	1.000	-685.000
123	53	1.000	-685.000
123	54	1.000	-685.000
123	55	1.000	-685.000
123	56	1.000	-685.000
123	57	1.000	-685.000
123	58	1.000	-685.000
123	59	1.000	-685.000
123	60	1.000	-685.000
123	61	1.000	-685.000
123	62	1.000	-685.000
123	63	1.000	-685.000
123	64	1.000	-685.000
#
### BC4-X2
124	1	1.000	-684.000
124	2	1.000	-684.000
124	3	1.000	-684.000
124	4	1.000	-684.000
124	5	1.000	-684.000
124	6	1.000	-684.000
124	7	1.000	-684.000
124	8	1.000	-684.000
124	9	1.000	-684.000
124	10	1.000	-684.000
124	11	1.000	-684.000
124	12	1.000	-684.000
124	13	1.000	-684.000
124	14	1.000	-684.000
124	15	1.000	-684.000
124	16	1.000	-680.870
124	17	1.000	-681.741
124	18	1.000	-684.370
124	19	1.000	-683.902
124	20	1.000	-684.032
124	21	1.000	-685.326
124	22	1.000	-684.680
124	23	1.000	-685.141
124	24	1.000	-684.480
124	25	1.000	-683.705
124	26	1.000	-684.975
124	27	1.000	-684.452
124	28	1.000	-684.261
124	29	1.000	-684.324
124	30	1.000	-683.665
124	31	1.000	-683.741
124	32	1.000	-682.575
124	33	1.000	-683.758
124	34	1.000	-683.909
124	35	1.000	-683.553
124	36	1.000	-683.438
124	37	1.000	-683.203
124	38	1.000	-684.188
124	39	1.000	-683.350
124	40	1.000	-683.182
124	41	1.000	-683.740
124	42	1.000	-683.997
124	43	1.000	-684.294
124	44	1.000	-684.254
124	45	1.000	-684.258
124	46	1.000	-684.391
124	47	1.000	-684.397
124	48	1.000	-682.060
124	49	1.000	-683.017
124	50	1.000	-678.531
124	51	1.000	-684.000
124	52	1.000	-684.000
124	53	1.000	-684.000
124	54	1.000	-684.000
124	55	1.000	-684.000
124	56	1.000	-684.000
124	57	1.000	-684.000
124	58	1.000	-684.000
124	59	1.000	-684.000
124	60	1.000	-684.000
124	61	1.000	-684.000
124	62	1.000	-684.000
124	63	1.000	-684.000
124	64	1.000	-684.000
#
### SDC1-U1
1	1	1.000	-671.547
1	2	1.000	-676.721
1	3	1.000	-676.720
1	4	1.000	-674.750
1	5	1.000	-676.098
1	6	1.000	-675.000
1	7	1.000	-676.780
1	8	1.000	-675.324
1	9	1.000	-673.963
1	10	1.000	-675.000
1	11	1.000	-677.383
1	12	1.000	-675.000
1	13	1.000	-677.576
1	14	1.000	-676.479
1	15	1.000	-675.510
1	16	1.000	-676.956
1	17	1.000	-672.845
1	18	1.000	-673.425
1	19	1.000	-673.769
1	20	1.000	-674.202
1	21	1.000	-675.237
1	22	1.000	-675.489
1	23	1.000	-674.463
1	24	1.000	-674.090
1	25	1.000	-675.137
1	26	1.000	-674.855
1	27	1.000	-674.616
1	28	1.000	-674.244
1	29	1.000	-674.191
1	30	1.000	-673.130
1	31	1.000	-673.309
1	32	1.000	-673.433
1	33	1.000	-672.806
1	34	1.000	-672.941
1	35	1.000	-673.904
1	36	1.000	-673.644
1	37	1.000	-675.119
1	38	1.000	-674.099
1	39	1.000	-674.619
1	40	1.000	-673.843
1	41	1.000	-674.622
1	42	1.000	-675.616
1	43	1.000	-675.397
1	44	1.000	-675.253
1	45	1.000	-674.137
1	46	1.000	-673.511
1	47	1.000	-673.953
1	48	1.000	-673.416
1	49	1.000	-674.674
1	50	1.000	-674.720
1	51	1.000	-674.819
1	52	1.000	-673.302
1	53	1.000	-676.244
1	54	1.000	-674.770
1	55	1.000	-675.910
1	56	1.000	-674.843
1	57	1.000	-674.937
1	58	1.000	-674.897
1	59	1.000	-673.857
1	60	1.000	-673.679
1	61	1.000	-675.574
1	62	1.000	-676.192
1	63	1.000	-673.091
1	64	1.000	-675.013
#
### SDC1-U2
2	1	1.000	-669.874
2	2	1.000	-676.664
2	3	1.000	-676.325
2	4	1.000	-678.812
2	5	1.000	-675.708
2	6	1.000	-676.543
2	7	1.000	-675.383
2	8	1.000	-676.881
2	9	1.000	-675.000
2	10	1.000	-677.801
2	11	1.000	-677.222
2	12	1.000	-678.434
2	13	1.000	-675.183
2	14	1.000	-675.571
2	15	1.000	-675.971
2	16	1.000	-676.764
2	17	1.000	-672.993
2	18	1.000	-674.467
2	19	1.000	-674.799
2	20	1.000	-674.597
2	21	1.000	-675.367
2	22	1.000	-675.325
2	23	1.000	-674.550
2	24	1.000	-674.453
2	25	1.000	-674.986
2	26	1.000	-674.879
2	27	1.000	-675.875
2	28	1.000	-675.574
2	29	1.000	-674.120
2	30	1.000	-674.113
2	31	1.000	-674.534
2	32	1.000	-673.191
2	33	1.000	-671.475
2	34	1.000	-673.288
2	35	1.000	-674.346
2	36	1.000	-674.457
2	37	1.000	-674.031
2	38	1.000	-674.305
2	39	1.000	-674.387
2	40	1.000	-674.176
2	41	1.000	-673.706
2	42	1.000	-675.643
2	43	1.000	-673.700
2	44	1.000	-674.314
2	45	1.000	-674.294
2	46	1.000	-673.454
2	47	1.000	-673.830
2	48	1.000	-673.692
2	49	1.000	-674.329
2	50	1.000	-674.579
2	51	1.000	-675.695
2	52	1.000	-675.633
2	53	1.000	-675.514
2	54	1.000	-675.761
2	55	1.000	-675.284
2	56	1.000	-674.628
2	57	1.000	-675.000
2	58	1.000	-675.099
2	59	1.000	-671.128
2	60	1.000	-677.971
2	61	1.000	-675.087
2	62	1.000	-676.186
2	63	1.000	-674.244
2	64	1.000	-674.626
#
### SDC1-X1
3	1	1.000	-673.502
3	2	1.000	-677.755
3	3	1.000	-675.481
3	4	1.000	-678.571
3	5	1.000	-675.223
3	6	1.000	-677.676
3	7	1.000	-675.947
3	8	1.000	-674.002
3	9	1.000	-677.215
3	10	1.000	-675.000
3	11	1.000	-676.157
3	12	1.000	-677.923
3	13	1.000	-675.289
3	14	1.000	-673.853
3	15	1.000	-674.435
3	16	1.000	-674.878
3	17	1.000	-675.429
3	18	1.000	-676.595
3	19	1.000	-676.059
3	20	1.000	-676.320
3	21	1.000	-676.467
3	22	1.000	-677.426
3	23	1.000	-676.615
3	24	1.000	-676.854
3	25	1.000	-675.642
3	26	1.000	-675.735
3	27	1.000	-676.655
3	28	1.000	-676.686
3	29	1.000	-675.053
3	30	1.000	-675.000
3	31	1.000	-674.759
3	32	1.000	-674.288
3	33	1.000	-672.507
3	34	1.000	-672.019
3	35	1.000	-672.092
3	36	1.000	-673.098
3	37	1.000	-673.988
3	38	1.000	-674.086
3	39	1.000	-675.021
3	40	1.000	-674.515
3	41	1.000	-672.791
3	42	1.000	-674.641
3	43	1.000	-673.884
3	44	1.000	-674.415
3	45	1.000	-673.066
3	46	1.000	-674.547
3	47	1.000	-672.438
3	48	1.000	-672.225
3	49	1.000	-673.389
3	50	1.000	-673.359
3	51	1.000	-676.188
3	52	1.000	-674.942
3	53	1.000	-674.185
3	54	1.000	-675.694
3	55	1.000	-675.000
3	56	1.000	-673.139
3	57	1.000	-675.932
3	58	1.000	-676.773
3	59	1.000	-676.022
3	60	1.000	-675.000
3	61	1.000	-670.975
3	62	1.000	-672.576
3	63	1.000	-674.630
3	64	1.000	-670.516
#
### SDC1-X2
4	1	1.000	-674.975
4	2	1.000	-675.698
4	3	1.000	-675.000
4	4	1.000	-677.811
4	5	1.000	-677.151
4	6	1.000	-678.434
4	7	1.000	-675.872
4	8	1.000	-673.872
4	9	1.000	-677.742
4	10	1.000	-675.567
4	11	1.000	-676.599
4	12	1.000	-675.742
4	13	1.000	-675.851
4	14	1.000	-675.152
4	15	1.000	-675.916
4	16	1.000	-675.859
4	17	1.000	-674.877
4	18	1.000	-675.637
4	19	1.000	-676.563
4	20	1.000	-676.475
4	21	1.000	-676.253
4	22	1.000	-677.541
4	23	1.000	-676.281
4	24	1.000	-676.589
4	25	1.000	-676.985
4	26	1.000	-676.894
4	27	1.000	-676.827
4	28	1.000	-676.596
4	29	1.000	-676.051
4	30	1.000	-675.122
4	31	1.000	-675.647
4	32	1.000	-675.251
4	33	1.000	-672.833
4	34	1.000	-672.562
4	35	1.000	-673.736
4	36	1.000	-673.406
4	37	1.000	-673.771
4	38	1.000	-674.338
4	39	1.000	-674.073
4	40	1.000	-674.006
4	41	1.000	-675.490
4	42	1.000	-674.229
4	43	1.000	-674.159
4	44	1.000	-673.787
4	45	1.000	-673.579
4	46	1.000	-673.886
4	47	1.000	-673.327
4	48	1.000	-673.401
4	49	1.000	-672.210
4	50	1.000	-675.000
4	51	1.000	-675.422
4	52	1.000	-675.000
4	53	1.000	-672.387
4	54	1.000	-672.064
4	55	1.000	-674.126
4	56	1.000	-674.173
4	57	1.000	-675.192
4	58	1.000	-671.641
4	59	1.000	-674.163
4	60	1.000	-674.604
4	61	1.000	-674.220
4	62	1.000	-675.000
4	63	1.000	-674.073
4	64	1.000	-675.000
#
### SDC1-V1
5	1	1.000	-675.315
5	2	1.000	-673.384
5	3	1.000	-674.250
5	4	1.000	-671.875
5	5	1.000	-675.255
5	6	1.000	-673.674
5	7	1.000	-674.435
5	8	1.000	-675.265
5	9	1.000	-675.000
5	10	1.000	-674.958
5	11	1.000	-674.856
5	12	1.000	-673.544
5	13	1.000	-673.155
5	14	1.000	-672.310
5	15	1.000	-673.106
5	16	1.000	-674.233
5	17	1.000	-674.774
5	18	1.000	-675.918
5	19	1.000	-675.353
5	20	1.000	-674.116
5	21	1.000	-676.858
5	22	1.000	-675.649
5	23	1.000	-675.746
5	24	1.000	-675.863
5	25	1.000	-676.284
5	26	1.000	-675.841
5	27	1.000	-675.192
5	28	1.000	-674.652
5	29	1.000	-674.106
5	30	1.000	-673.527
5	31	1.000	-673.565
5	32	1.000	-674.888
5	33	1.000	-674.009
5	34	1.000	-673.888
5	35	1.000	-674.584
5	36	1.000	-675.612
5	37	1.000	-676.020
5	38	1.000	-676.395
5	39	1.000	-675.198
5	40	1.000	-675.860
5	41	1.000	-676.518
5	42	1.000	-676.035
5	43	1.000	-675.455
5	44	1.000	-675.718
5	45	1.000	-675.451
5	46	1.000	-675.589
5	47	1.000	-675.203
5	48	1.000	-675.232
5	49	1.000	-674.355
5	50	1.000	-674.648
5	51	1.000	-674.239
5	52	1.000	-674.857
5	53	1.000	-674.780
5	54	1.000	-674.864
5	55	1.000	-669.109
5	56	1.000	-675.128
5	57	1.000	-675.122
5	58	1.000	-674.430
5	59	1.000	-674.907
5	60	1.000	-674.104
5	61	1.000	-675.000
5	62	1.000	-674.444
5	63	1.000	-669.094
5	64	1.000	-670.948
#
### SDC1-V2
6	1	1.000	-670.739
6	2	1.000	-675.180
6	3	1.000	-672.290
6	4	1.000	-673.766
6	5	1.000	-673.923
6	6	1.000	-674.970
6	7	1.000	-671.320
6	8	1.000	-673.701
6	9	1.000	-674.419
6	10	1.000	-675.155
6	11	1.000	-675.577
6	12	1.000	-675.522
6	13	1.000	-673.159
6	14	1.000	-673.625
6	15	1.000	-672.817
6	16	1.000	-673.758
6	17	1.000	-673.982
6	18	1.000	-674.674
6	19	1.000	-674.571
6	20	1.000	-675.139
6	21	1.000	-675.212
6	22	1.000	-675.151
6	23	1.000	-675.553
6	24	1.000	-675.000
6	25	1.000	-674.520
6	26	1.000	-676.113
6	27	1.000	-674.813
6	28	1.000	-674.859
6	29	1.000	-673.023
6	30	1.000	-673.946
6	31	1.000	-673.086
6	32	1.000	-673.219
6	33	1.000	-672.271
6	34	1.000	-674.193
6	35	1.000	-673.872
6	36	1.000	-675.846
6	37	1.000	-675.387
6	38	1.000	-676.070
6	39	1.000	-675.371
6	40	1.000	-675.027
6	41	1.000	-674.233
6	42	1.000	-674.936
6	43	1.000	-675.913
6	44	1.000	-676.119
6	45	1.000	-673.645
6	46	1.000	-675.000
6	47	1.000	-673.074
6	48	1.000	-673.588
6	49	1.000	-673.288
6	50	1.000	-674.937
6	51	1.000	-674.619
6	52	1.000	-671.376
6	53	1.000	-674.269
6	54	1.000	-674.185
6	55	1.000	-673.990
6	56	1.000	-674.395
6	57	1.000	-673.436
6	58	1.000	-675.231
6	59	1.000	-675.417
6	60	1.000	-677.770
6	61	1.000	-676.854
6	62	1.000	-672.222
6	63	1.000	-669.892
6	64	1.000	-673.067
#
### SDC2-X1
31	1	1.00000	-838.873
31	2	1.00000	-845.518
31	3	1.00000	-848.501
31	4	1.00000	-847.159
31	5	1.00000	-847.199
31	6	1.00000	-850.000
31	7	1.00000	-850.000
31	8	1.00000	-848.364
31	9	1.00000	-849.712
31	10	1.00000	-850.894
31	11	1.00000	-850.246
31	12	1.00000	-849.711
31	13	1.00000	-850.924
31	14	1.00000	-850.000
31	15	1.00000	-850.525
31	16	1.00000	-848.967
31	17	1.00000	-849.400
31	18	1.00000	-847.916
31	19	1.00000	-849.644
31	20	1.00000	-848.668
31	21	1.00000	-849.280
31	22	1.00000	-849.413
31	23	1.00000	-850.451
31	24	1.00000	-848.338
31	25	1.00000	-850.758
31	26	1.00000	-849.430
31	27	1.00000	-848.813
31	28	1.00000	-851.482
31	29	1.00000	-848.016
31	30	1.00000	-849.870
31	31	1.00000	-848.724
31	32	1.00000	-849.690
31	33	1.00000	-850.658
31	34	1.00000	-850.000
31	35	1.00000	-848.384
31	36	1.00000	-846.817
31	37	1.00000	-848.307
31	38	1.00000	-847.864
31	39	1.00000	-850.078
31	40	1.00000	-849.541
31	41	1.00000	-850.184
31	42	1.00000	-852.144
31	43	1.00000	-852.091
31	44	1.00000	-851.857
31	45	1.00000	-850.198
31	46	1.00000	-849.284
31	47	1.00000	-850.670
31	48	1.00000	-849.492
31	49	1.00000	-849.922
31	50	1.00000	-848.111
31	51	1.00000	-849.045
31	52	1.00000	-849.413
31	53	1.00000	-850.360
31	54	1.00000	-850.966
31	55	1.00000	-851.182
31	56	1.00000	-850.387
31	57	1.00000	-850.822
31	58	1.00000	-850.397
31	59	1.00000	-849.702
31	60	1.00000	-851.834
31	61	1.00000	-851.066
31	62	1.00000	-851.242
31	63	1.00000	-849.455
31	64	1.00000	-852.696
31	65	1.00000	-850.336
31	66	1.00000	-850.115
31	67	1.00000	-849.517
31	68	1.00000	-849.897
31	69	1.00000	-849.792
31	70	1.00000	-849.347
31	71	1.00000	-849.001
31	72	1.00000	-849.366
31	73	1.00000	-850.961
31	74	1.00000	-851.772
31	75	1.00000	-851.165
31	76	1.00000	-851.230
31	77	1.00000	-850.769
31	78	1.00000	-852.465
31	79	1.00000	-852.337
31	80	1.00000	-849.794
31	81	1.00000	-850.195
31	82	1.00000	-849.149
31	83	1.00000	-848.446
31	84	1.00000	-849.774
31	85	1.00000	-850.000
31	86	1.00000	-849.205
31	87	1.00000	-850.973
31	88	1.00000	-850.377
31	89	1.00000	-848.038
31	90	1.00000	-850.684
31	91	1.00000	-850.008
31	92	1.00000	-851.078
31	93	1.00000	-851.048
31	94	1.00000	-850.763
31	95	1.00000	-851.532
31	96	1.00000	-851.432
31	97	1.00000	-849.513
31	98	1.00000	-850.831
31	99	1.00000	-850.044
31	100	1.00000	-849.925
31	101	1.00000	-850.826
31	102	1.00000	-849.139
31	103	1.00000	-850.426
31	104	1.00000	-848.952
31	105	1.00000	-852.269
31	106	1.00000	-852.946
31	107	1.00000	-851.769
31	108	1.00000	-851.290
31	109	1.00000	-851.496
31	110	1.00000	-850.000
31	111	1.00000	-849.392
31	112	1.00000	-850.000
31	113	1.00000	-848.965
31	114	1.00000	-849.233
31	115	1.00000	-848.604
31	116	1.00000	-848.243
31	117	1.00000	-848.546
31	118	1.00000	-849.728
31	119	1.00000	-848.844
31	120	1.00000	-847.292
31	121	1.00000	-850.305
31	122	1.00000	-850.000
31	123	1.00000	-850.828
31	124	1.00000	-850.870
31	125	1.00000	-848.845
31	126	1.00000	-847.700
31	127	1.00000	-848.190
31	128	1.00000	-845.333
#
### SDC2-X2
32	1	1.00000	-853.968
32	2	1.00000	-853.836
32	3	1.00000	-853.401
32	4	1.00000	-853.959
32	5	1.00000	-853.518
32	6	1.00000	-852.830
32	7	1.00000	-853.000
32	8	1.00000	-852.818
32	9	1.00000	-854.602
32	10	1.00000	-854.208
32	11	1.00000	-853.000
32	12	1.00000	-854.711
32	13	1.00000	-854.248
32	14	1.00000	-853.105
32	15	1.00000	-853.538
32	16	1.00000	-853.028
32	17	1.00000	-854.513
32	18	1.00000	-853.552
32	19	1.00000	-853.814
32	20	1.00000	-852.853
32	21	1.00000	-854.281
32	22	1.00000	-853.765
32	23	1.00000	-852.676
32	24	1.00000	-852.876
32	25	1.00000	-853.865
32	26	1.00000	-855.173
32	27	1.00000	-853.838
32	28	1.00000	-855.448
32	29	1.00000	-853.429
32	30	1.00000	-853.853
32	31	1.00000	-853.423
32	32	1.00000	-853.268
32	33	1.00000	-852.966
32	34	1.00000	-851.867
32	35	1.00000	-853.379
32	36	1.00000	-853.000
32	37	1.00000	-853.394
32	38	1.00000	-853.173
32	39	1.00000	-853.000
32	40	1.00000	-854.056
32	41	1.00000	-857.058
32	42	1.00000	-855.372
32	43	1.00000	-855.223
32	44	1.00000	-856.216
32	45	1.00000	-854.467
32	46	1.00000	-853.597
32	47	1.00000	-854.361
32	48	1.00000	-854.523
32	49	1.00000	-853.333
32	50	1.00000	-852.961
32	51	1.00000	-853.304
32	52	1.00000	-850.646
32	53	1.00000	-853.649
32	54	1.00000	-852.267
32	55	1.00000	-853.350
32	56	1.00000	-853.362
32	57	1.00000	-855.507
32	58	1.00000	-855.023
32	59	1.00000	-855.040
32	60	1.00000	-854.761
32	61	1.00000	-854.164
32	62	1.00000	-853.436
32	63	1.00000	-852.936
32	64	1.00000	-852.998
32	65	1.00000	-853.000
32	66	1.00000	-853.781
32	67	1.00000	-853.982
32	68	1.00000	-854.051
32	69	1.00000	-853.502
32	70	1.00000	-853.206
32	71	1.00000	-853.893
32	72	1.00000	-852.745
32	73	1.00000	-854.897
32	74	1.00000	-856.019
32	75	1.00000	-854.755
32	76	1.00000	-855.595
32	77	1.00000	-854.014
32	78	1.00000	-853.856
32	79	1.00000	-852.782
32	80	1.00000	-852.797
32	81	1.00000	-851.837
32	82	1.00000	-852.371
32	83	1.00000	-853.716
32	84	1.00000	-853.623
32	85	1.00000	-852.725
32	86	1.00000	-853.469
32	87	1.00000	-852.589
32	88	1.00000	-852.475
32	89	1.00000	-855.587
32	90	1.00000	-854.802
32	91	1.00000	-855.800
32	92	1.00000	-855.622
32	93	1.00000	-854.353
32	94	1.00000	-853.263
32	95	1.00000	-853.000
32	96	1.00000	-853.086
32	97	1.00000	-854.212
32	98	1.00000	-851.956
32	99	1.00000	-852.942
32	100	1.00000	-854.353
32	101	1.00000	-853.625
32	102	1.00000	-853.281
32	103	1.00000	-853.326
32	104	1.00000	-853.130
32	105	1.00000	-853.226
32	106	1.00000	-855.872
32	107	1.00000	-855.133
32	108	1.00000	-854.447
32	109	1.00000	-854.486
32	110	1.00000	-853.601
32	111	1.00000	-853.695
32	112	1.00000	-852.888
32	113	1.00000	-854.160
32	114	1.00000	-851.361
32	115	1.00000	-853.506
32	116	1.00000	-852.373
32	117	1.00000	-854.825
32	118	1.00000	-852.229
32	119	1.00000	-852.802
32	120	1.00000	-851.375
32	121	1.00000	-853.477
32	122	1.00000	-853.000
32	123	1.00000	-853.684
32	124	1.00000	-853.525
32	125	1.00000	-852.601
32	126	1.00000	-852.136
32	127	1.00000	-852.252
32	128	1.00000	-849.358
#
### SDC2-Y1
33	1	1.00000	-849.702
33	2	1.00000	-856.306
33	3	1.00000	-853.499
33	4	1.00000	-854.995
33	5	1.00000	-855.344
33	6	1.00000	-853.000
33	7	1.00000	-855.204
33	8	1.00000	-855.119
33	9	1.00000	-854.851
33	10	1.00000	-854.025
33	11	1.00000	-854.225
33	12	1.00000	-853.210
33	13	1.00000	-853.186
33	14	1.00000	-853.060
33	15	1.00000	-853.651
33	16	1.00000	-853.000
33	17	1.00000	-853.000
33	18	1.00000	-853.798
33	19	1.00000	-853.000
33	20	1.00000	-853.625
33	21	1.00000	-855.595
33	22	1.00000	-853.000
33	23	1.00000	-855.723
33	24	1.00000	-855.483
33	25	1.00000	-853.756
33	26	1.00000	-854.160
33	27	1.00000	-854.567
33	28	1.00000	-853.542
33	29	1.00000	-851.437
33	30	1.00000	-854.888
33	31	1.00000	-854.269
33	32	1.00000	-854.991
33	33	1.00000	-854.837
33	34	1.00000	-854.952
33	35	1.00000	-854.688
33	36	1.00000	-854.947
33	37	1.00000	-851.941
33	38	1.00000	-855.017
33	39	1.00000	-854.738
33	40	1.00000	-854.145
33	41	1.00000	-851.586
33	42	1.00000	-852.559
33	43	1.00000	-852.899
33	44	1.00000	-850.385
33	45	1.00000	-852.931
33	46	1.00000	-853.946
33	47	1.00000	-851.374
33	48	1.00000	-851.378
33	49	1.00000	-852.051
33	50	1.00000	-852.524
33	51	1.00000	-852.524
33	52	1.00000	-852.523
33	53	1.00000	-854.252
33	54	1.00000	-854.264
33	55	1.00000	-853.567
33	56	1.00000	-854.454
33	57	1.00000	-852.931
33	58	1.00000	-852.930
33	59	1.00000	-852.633
33	60	1.00000	-853.153
33	61	1.00000	-851.941
33	62	1.00000	-852.118
33	63	1.00000	-850.799
33	64	1.00000	-849.787
33	65	1.00000	-851.278
33	66	1.00000	-851.259
33	67	1.00000	-852.175
33	68	1.00000	-853.523
33	69	1.00000	-853.000
33	70	1.00000	-853.000
33	71	1.00000	-854.191
33	72	1.00000	-854.952
33	73	1.00000	-853.417
33	74	1.00000	-853.981
33	75	1.00000	-853.123
33	76	1.00000	-854.007
33	77	1.00000	-853.000
33	78	1.00000	-853.315
33	79	1.00000	-853.616
33	80	1.00000	-854.439
33	81	1.00000	-854.882
33	82	1.00000	-855.083
33	83	1.00000	-854.737
33	84	1.00000	-855.056
33	85	1.00000	-853.000
33	86	1.00000	-855.248
33	87	1.00000	-854.900
33	88	1.00000	-853.933
33	89	1.00000	-852.953
33	90	1.00000	-854.207
33	91	1.00000	-852.632
33	92	1.00000	-853.717
33	93	1.00000	-853.809
33	94	1.00000	-853.525
33	95	1.00000	-853.550
33	96	1.00000	-854.008
33	97	1.00000	-854.756
33	98	1.00000	-855.015
33	99	1.00000	-855.606
33	100	1.00000	-855.400
33	101	1.00000	-856.166
33	102	1.00000	-855.809
33	103	1.00000	-856.637
33	104	1.00000	-855.687
33	105	1.00000	-854.893
33	106	1.00000	-855.535
33	107	1.00000	-856.647
33	108	1.00000	-855.267
33	109	1.00000	-853.795
33	110	1.00000	-855.192
33	111	1.00000	-854.675
33	112	1.00000	-856.353
33	113	1.00000	-856.571
33	114	1.00000	-855.703
33	115	1.00000	-856.102
33	116	1.00000	-855.143
33	117	1.00000	-856.169
33	118	1.00000	-856.149
33	119	1.00000	-855.151
33	120	1.00000	-854.956
33	121	1.00000	-855.433
33	122	1.00000	-854.634
33	123	1.00000	-854.161
33	124	1.00000	-853.000
33	125	1.00000	-854.982
33	126	1.00000	-855.284
33	127	1.00000	-855.987
33	128	1.00000	-853.000
#
### SDC2-Y2
34	1	1.00000	-848.655
34	2	1.00000	-851.000
34	3	1.00000	-847.640
34	4	1.00000	-853.440
34	5	1.00000	-852.195
34	6	1.00000	-851.000
34	7	1.00000	-854.102
34	8	1.00000	-851.311
34	9	1.00000	-851.258
34	10	1.00000	-852.779
34	11	1.00000	-850.049
34	12	1.00000	-852.575
34	13	1.00000	-851.856
34	14	1.00000	-853.742
34	15	1.00000	-852.863
34	16	1.00000	-851.920
34	17	1.00000	-852.113
34	18	1.00000	-852.105
34	19	1.00000	-851.659
34	20	1.00000	-853.428
34	21	1.00000	-853.184
34	22	1.00000	-853.003
34	23	1.00000	-853.339
34	24	1.00000	-854.412
34	25	1.00000	-853.155
34	26	1.00000	-851.000
34	27	1.00000	-851.387
34	28	1.00000	-853.492
34	29	1.00000	-851.565
34	30	1.00000	-852.873
34	31	1.00000	-852.437
34	32	1.00000	-853.597
34	33	1.00000	-851.122
34	34	1.00000	-852.070
34	35	1.00000	-851.077
34	36	1.00000	-851.684
34	37	1.00000	-852.971
34	38	1.00000	-852.640
34	39	1.00000	-853.235
34	40	1.00000	-852.863
34	41	1.00000	-850.907
34	42	1.00000	-851.634
34	43	1.00000	-851.448
34	44	1.00000	-851.267
34	45	1.00000	-850.991
34	46	1.00000	-851.066
34	47	1.00000	-850.527
34	48	1.00000	-850.919
34	49	1.00000	-851.319
34	50	1.00000	-851.631
34	51	1.00000	-851.689
34	52	1.00000	-851.707
34	53	1.00000	-853.078
34	54	1.00000	-853.328
34	55	1.00000	-852.517
34	56	1.00000	-853.180
34	57	1.00000	-850.532
34	58	1.00000	-850.765
34	59	1.00000	-850.913
34	60	1.00000	-850.606
34	61	1.00000	-850.041
34	62	1.00000	-850.516
34	63	1.00000	-848.740
34	64	1.00000	-848.579
34	65	1.00000	-846.939
34	66	1.00000	-848.810
34	67	1.00000	-850.269
34	68	1.00000	-850.254
34	69	1.00000	-852.226
34	70	1.00000	-852.713
34	71	1.00000	-853.214
34	72	1.00000	-852.614
34	73	1.00000	-851.000
34	74	1.00000	-851.496
34	75	1.00000	-850.918
34	76	1.00000	-851.797
34	77	1.00000	-849.604
34	78	1.00000	-851.303
34	79	1.00000	-851.363
34	80	1.00000	-852.836
34	81	1.00000	-851.543
34	82	1.00000	-851.970
34	83	1.00000	-852.065
34	84	1.00000	-852.735
34	85	1.00000	-852.510
34	86	1.00000	-850.895
34	87	1.00000	-852.704
34	88	1.00000	-854.520
34	89	1.00000	-851.305
34	90	1.00000	-851.790
34	91	1.00000	-852.932
34	92	1.00000	-853.197
34	93	1.00000	-852.284
34	94	1.00000	-853.483
34	95	1.00000	-852.850
34	96	1.00000	-851.964
34	97	1.00000	-852.912
34	98	1.00000	-852.774
34	99	1.00000	-852.636
34	100	1.00000	-853.014
34	101	1.00000	-853.642
34	102	1.00000	-854.643
34	103	1.00000	-853.823
34	104	1.00000	-854.046
34	105	1.00000	-852.176
34	106	1.00000	-852.237
34	107	1.00000	-851.000
34	108	1.00000	-853.211
34	109	1.00000	-852.457
34	110	1.00000	-853.988
34	111	1.00000	-851.251
34	112	1.00000	-851.907
34	113	1.00000	-853.531
34	114	1.00000	-851.814
34	115	1.00000	-852.528
34	116	1.00000	-851.000
34	117	1.00000	-853.298
34	118	1.00000	-854.940
34	119	1.00000	-855.664
34	120	1.00000	-854.915
34	121	1.00000	-852.570
34	122	1.00000	-853.409
34	123	1.00000	-853.577
34	124	1.00000	-853.236
34	125	1.00000	-851.769
34	126	1.00000	-852.159
34	127	1.00000	-851.486
34	128	1.00000	-843.962
#
### SDC3-Y1
35	1	1.00000	-846.000
35	2	1.00000	-837.188
35	3	1.00000	-846.000
35	4	1.00000	-846.000
35	5	1.00000	-844.461
35	6	1.00000	-842.906
35	7	1.00000	-843.779
35	8	1.00000	-844.123
35	9	1.00000	-844.369
35	10	1.00000	-844.208
35	11	1.00000	-846.000
35	12	1.00000	-846.150
35	13	1.00000	-845.498
35	14	1.00000	-845.039
35	15	1.00000	-845.516
35	16	1.00000	-846.000
35	17	1.00000	-845.825
35	18	1.00000	-844.578
35	19	1.00000	-845.041
35	20	1.00000	-844.253
35	21	1.00000	-844.019
35	22	1.00000	-844.253
35	23	1.00000	-843.939
35	24	1.00000	-844.715
35	25	1.00000	-846.000
35	26	1.00000	-846.000
35	27	1.00000	-844.624
35	28	1.00000	-844.424
35	29	1.00000	-842.978
35	30	1.00000	-843.858
35	31	1.00000	-844.063
35	32	1.00000	-844.239
35	33	1.00000	-846.000
35	34	1.00000	-844.469
35	35	1.00000	-844.567
35	36	1.00000	-844.940
35	37	1.00000	-844.728
35	38	1.00000	-843.681
35	39	1.00000	-845.137
35	40	1.00000	-843.519
35	41	1.00000	-841.877
35	42	1.00000	-843.182
35	43	1.00000	-844.936
35	44	1.00000	-844.519
35	45	1.00000	-846.323
35	46	1.00000	-843.196
35	47	1.00000	-844.102
35	48	1.00000	-843.770
35	49	1.00000	-846.420
35	50	1.00000	-845.425
35	51	1.00000	-847.480
35	52	1.00000	-845.292
35	53	1.00000	-845.247
35	54	1.00000	-845.207
35	55	1.00000	-845.222
35	56	1.00000	-844.900
35	57	1.00000	-845.555
35	58	1.00000	-843.088
35	59	1.00000	-844.547
35	60	1.00000	-846.000
35	61	1.00000	-844.713
35	62	1.00000	-842.906
35	63	1.00000	-839.408
35	64	1.00000	-839.779
#
## SDC3-Y2
36	1	1.00000	-845.038
36	2	1.00000	-847.000
36	3	1.00000	-846.972
36	4	1.00000	-847.788
36	5	1.00000	-847.810
36	6	1.00000	-847.914
36	7	1.00000	-846.729
36	8	1.00000	-848.440
36	9	1.00000	-846.317
36	10	1.00000	-846.605
36	11	1.00000	-847.367
36	12	1.00000	-848.097
36	13	1.00000	-846.073
36	14	1.00000	-847.043
36	15	1.00000	-847.130
36	16	1.00000	-847.000
36	17	1.00000	-846.750
36	18	1.00000	-846.919
36	19	1.00000	-847.000
36	20	1.00000	-847.349
36	21	1.00000	-846.349
36	22	1.00000	-845.571
36	23	1.00000	-846.017
36	24	1.00000	-846.471
36	25	1.00000	-845.912
36	26	1.00000	-845.811
36	27	1.00000	-846.191
36	28	1.00000	-845.694
36	29	1.00000	-846.226
36	30	1.00000	-846.301
36	31	1.00000	-848.927
36	32	1.00000	-849.739
36	33	1.00000	-850.885
36	34	1.00000	-847.589
36	35	1.00000	-845.594
36	36	1.00000	-846.092
36	37	1.00000	-847.000
36	38	1.00000	-846.990
36	39	1.00000	-847.000
36	40	1.00000	-846.960
36	41	1.00000	-846.069
36	42	1.00000	-845.459
36	43	1.00000	-847.111
36	44	1.00000	-846.543
36	45	1.00000	-845.678
36	46	1.00000	-846.792
36	47	1.00000	-847.960
36	48	1.00000	-846.808
36	49	1.00000	-847.478
36	50	1.00000	-847.327
36	51	1.00000	-846.688
36	52	1.00000	-847.412
36	53	1.00000	-846.004
36	54	1.00000	-846.967
36	55	1.00000	-847.126
36	56	1.00000	-847.000
36	57	1.00000	-845.738
36	58	1.00000	-848.149
36	59	1.00000	-846.519
36	60	1.00000	-847.515
36	61	1.00000	-849.295
36	62	1.00000	-846.762
36	63	1.00000	-845.041
36	64	1.00000	-855.258
#
### SDC3-X1
37	1	1.00000	-843.439
37	2	1.00000	-847.000
37	3	1.00000	-849.403
37	4	1.00000	-850.664
37	5	1.00000	-845.023
37	6	1.00000	-847.000
37	7	1.00000	-844.459
37	8	1.00000	-846.365
37	9	1.00000	-843.434
37	10	1.00000	-846.581
37	11	1.00000	-843.551
37	12	1.00000	-841.622
37	13	1.00000	-844.759
37	14	1.00000	-843.495
37	15	1.00000	-842.663
37	16	1.00000	-844.314
37	17	1.00000	-844.483
37	18	1.00000	-840.370
37	19	1.00000	-844.754
37	20	1.00000	-845.213
37	21	1.00000	-844.639
37	22	1.00000	-842.843
37	23	1.00000	-847.000
37	24	1.00000	-845.720
37	25	1.00000	-845.133
37	26	1.00000	-846.340
37	27	1.00000	-845.970
37	28	1.00000	-847.000
37	29	1.00000	-845.006
37	30	1.00000	-847.560
37	31	1.00000	-847.594
37	32	1.00000	-851.112
37	33	1.00000	-849.994
37	34	1.00000	-851.075
37	35	1.00000	-847.000
37	36	1.00000	-849.627
37	37	1.00000	-849.053
37	38	1.00000	-848.017
37	39	1.00000	-847.718
37	40	1.00000	-846.620
37	41	1.00000	-845.340
37	42	1.00000	-847.276
37	43	1.00000	-846.087
37	44	1.00000	-847.634
37	45	1.00000	-846.435
37	46	1.00000	-846.675
37	47	1.00000	-846.381
37	48	1.00000	-847.279
37	49	1.00000	-845.229
37	50	1.00000	-846.020
37	51	1.00000	-847.397
37	52	1.00000	-847.636
37	53	1.00000	-846.616
37	54	1.00000	-846.280
37	55	1.00000	-845.990
37	56	1.00000	-847.059
37	57	1.00000	-846.465
37	58	1.00000	-847.512
37	59	1.00000	-846.119
37	60	1.00000	-847.154
37	61	1.00000	-844.539
37	62	1.00000	-846.719
37	63	1.00000	-845.481
37	64	1.00000	-846.004
37	65	1.00000	-845.518
37	66	1.00000	-846.246
37	67	1.00000	-845.527
37	68	1.00000	-844.582
37	69	1.00000	-845.125
37	70	1.00000	-845.917
37	71	1.00000	-845.358
37	72	1.00000	-847.000
37	73	1.00000	-846.202
37	74	1.00000	-845.141
37	75	1.00000	-845.691
37	76	1.00000	-846.530
37	77	1.00000	-845.855
37	78	1.00000	-845.972
37	79	1.00000	-845.323
37	80	1.00000	-845.224
37	81	1.00000	-844.822
37	82	1.00000	-847.000
37	83	1.00000	-846.911
37	84	1.00000	-844.086
37	85	1.00000	-848.981
37	86	1.00000	-844.971
37	87	1.00000	-845.737
37	88	1.00000	-852.319
37	89	1.00000	-851.927
37	90	1.00000	-847.000
37	91	1.00000	-847.000
37	92	1.00000	-847.000
37	93	1.00000	-847.000
37	94	1.00000	-847.000
37	95	1.00000	-847.000
37	96	1.00000	-852.213
#
### SDC3-X2
38	1	1.00000	-837.075
38	2	1.00000	-844.061
38	3	1.00000	-842.000
38	4	1.00000	-844.780
38	5	1.00000	-844.652
38	6	1.00000	-846.431
38	7	1.00000	-842.693
38	8	1.00000	-842.110
38	9	1.00000	-840.448
38	10	1.00000	-837.348
38	11	1.00000	-839.421
38	12	1.00000	-840.288
38	13	1.00000	-838.951
38	14	1.00000	-835.733
38	15	1.00000	-835.529
38	16	1.00000	-836.888
38	17	1.00000	-840.783
38	18	1.00000	-841.078
38	19	1.00000	-842.000
38	20	1.00000	-834.941
38	21	1.00000	-841.662
38	22	1.00000	-838.343
38	23	1.00000	-839.572
38	24	1.00000	-840.354
38	25	1.00000	-840.711
38	26	1.00000	-840.143
38	27	1.00000	-841.322
38	28	1.00000	-840.517
38	29	1.00000	-841.395
38	30	1.00000	-842.000
38	31	1.00000	-841.832
38	32	1.00000	-842.000
38	33	1.00000	-846.638
38	34	1.00000	-844.067
38	35	1.00000	-847.535
38	36	1.00000	-843.453
38	37	1.00000	-844.139
38	38	1.00000	-841.919
38	39	1.00000	-843.511
38	40	1.00000	-843.690
38	41	1.00000	-842.000
38	42	1.00000	-842.217
38	43	1.00000	-841.593
38	44	1.00000	-840.943
38	45	1.00000	-842.355
38	46	1.00000	-843.085
38	47	1.00000	-840.568
38	48	1.00000	-840.652
38	49	1.00000	-842.000
38	50	1.00000	-840.180
38	51	1.00000	-842.610
38	52	1.00000	-843.014
38	53	1.00000	-844.516
38	54	1.00000	-843.659
38	55	1.00000	-842.817
38	56	1.00000	-842.338
38	57	1.00000	-841.842
38	58	1.00000	-843.114
38	59	1.00000	-842.299
38	60	1.00000	-842.621
38	61	1.00000	-843.452
38	62	1.00000	-840.970
38	63	1.00000	-842.744
38	64	1.00000	-842.647
38	65	1.00000	-842.000
38	66	1.00000	-842.708
38	67	1.00000	-841.738
38	68	1.00000	-841.001
38	69	1.00000	-840.458
38	70	1.00000	-840.736
38	71	1.00000	-841.656
38	72	1.00000	-841.298
38	73	1.00000	-843.194
38	74	1.00000	-842.174
38	75	1.00000	-842.329
38	76	1.00000	-841.365
38	77	1.00000	-840.009
38	78	1.00000	-842.000
38	79	1.00000	-842.000
38	80	1.00000	-840.981
38	81	1.00000	-838.686
38	82	1.00000	-841.087
38	83	1.00000	-839.121
38	84	1.00000	-840.299
38	85	1.00000	-841.307
38	86	1.00000	-843.387
38	87	1.00000	-840.688
38	88	1.00000	-842.684
38	89	1.00000	-843.851
38	90	1.00000	-842.000
38	91	1.00000	-842.000
38	92	1.00000	-842.000
38	93	1.00000	-842.000
38	94	1.00000	-842.000
38	95	1.00000	-842.000
38	96	1.00000	-842.000
#
