##
#  file: DCTdcCalib_72195
#  date: 2025-03-26
#  note: update DCTdcCalib of BcOut/SdcIn/SdcOut with run72195
#
#
#######################################################################
# Id	WireId	p1	p0
#
### BC3-X1
#
113	0	0.833	-1030.432
113	1	0.833	-1030.432
113	2	0.833	-1030.432
113	3	0.833	-1030.432
113	4	0.833	-1030.432
113	5	0.833	-1030.432
113	6	0.833	-1030.432
113	7	0.833	-1030.432
113	8	0.833	-1030.432
113	9	0.833	-1030.432
113	10	0.833	-1030.432
113	11	0.833	-1030.432
113	12	0.833	-1030.432
113	13	0.833	-1030.432
113	14	0.833	-1030.432
113	15	0.833	-1030.432
113	16	0.833	-1030.432
113	17	0.833	-1030.432
113	18	0.833	-1030.432
113	19	0.833	-1030.432
113	20	0.833	-1030.432
113	21	0.833	-1030.432
113	22	0.833	-1030.432
113	23	0.833	-1030.432
113	24	0.833	-1030.432
113	25	0.833	-1030.432
113	26	0.833	-1030.432
113	27	0.833	-1030.432
113	28	0.833	-1030.432
113	29	0.833	-1030.432
113	30	0.833	-1030.432
113	31	0.833	-1030.432
113	32	0.833	-1030.432
113	33	0.833	-1030.432
113	34	0.833	-1030.432
113	35	0.833	-1030.432
113	36	0.833	-1030.432
113	37	0.833	-1030.432
113	38	0.833	-1030.432
113	39	0.833	-1030.432
113	40	0.833	-1030.432
113	41	0.833	-1030.432
113	42	0.833	-1030.432
113	43	0.833	-1030.432
113	44	0.833	-1030.432
113	45	0.833	-1030.432
113	46	0.833	-1030.432
113	47	0.833	-1030.432
113	48	0.833	-1030.432
113	49	0.833	-1030.432
113	50	0.833	-1030.432
113	51	0.833	-1030.432
113	52	0.833	-1030.432
113	53	0.833	-1030.432
113	54	0.833	-1030.432
113	55	0.833	-1030.432
113	56	0.833	-1030.432
113	57	0.833	-1030.432
113	58	0.833	-1030.432
113	59	0.833	-1030.432
113	60	0.833	-1030.432
113	61	0.833	-1030.432
113	62	0.833	-1030.432
113	63	0.833	-1030.432
### BC3-X2
#
114	0	0.833	-1028.689
114	1	0.833	-1028.689
114	2	0.833	-1028.689
114	3	0.833	-1028.689
114	4	0.833	-1028.689
114	5	0.833	-1028.689
114	6	0.833	-1028.689
114	7	0.833	-1028.689
114	8	0.833	-1028.689
114	9	0.833	-1028.689
114	10	0.833	-1028.689
114	11	0.833	-1028.689
114	12	0.833	-1028.689
114	13	0.833	-1028.689
114	14	0.833	-1028.689
114	15	0.833	-1028.689
114	16	0.833	-1028.689
114	17	0.833	-1028.689
114	18	0.833	-1028.689
114	19	0.833	-1028.689
114	20	0.833	-1028.689
114	21	0.833	-1028.689
114	22	0.833	-1028.689
114	23	0.833	-1028.689
114	24	0.833	-1028.689
114	25	0.833	-1028.689
114	26	0.833	-1028.689
114	27	0.833	-1028.689
114	28	0.833	-1028.689
114	29	0.833	-1028.689
114	30	0.833	-1028.689
114	31	0.833	-1028.689
114	32	0.833	-1028.689
114	33	0.833	-1028.689
114	34	0.833	-1028.689
114	35	0.833	-1028.689
114	36	0.833	-1028.689
114	37	0.833	-1028.689
114	38	0.833	-1028.689
114	39	0.833	-1028.689
114	40	0.833	-1028.689
114	41	0.833	-1028.689
114	42	0.833	-1028.689
114	43	0.833	-1028.689
114	44	0.833	-1028.689
114	45	0.833	-1028.689
114	46	0.833	-1028.689
114	47	0.833	-1028.689
114	48	0.833	-1028.689
114	49	0.833	-1028.689
114	50	0.833	-1028.689
114	51	0.833	-1028.689
114	52	0.833	-1028.689
114	53	0.833	-1028.689
114	54	0.833	-1028.689
114	55	0.833	-1028.689
114	56	0.833	-1028.689
114	57	0.833	-1028.689
114	58	0.833	-1028.689
114	59	0.833	-1028.689
114	60	0.833	-1028.689
114	61	0.833	-1028.689
114	62	0.833	-1028.689
114	63	0.833	-1028.689
### BC3-V1
#
115	0	0.833	-1029.925
115	1	0.833	-1029.925
115	2	0.833	-1029.925
115	3	0.833	-1029.925
115	4	0.833	-1029.925
115	5	0.833	-1029.925
115	6	0.833	-1029.925
115	7	0.833	-1029.925
115	8	0.833	-1029.925
115	9	0.833	-1029.925
115	10	0.833	-1029.925
115	11	0.833	-1029.925
115	12	0.833	-1029.925
115	13	0.833	-1029.925
115	14	0.833	-1029.925
115	15	0.833	-1029.925
115	16	0.833	-1029.925
115	17	0.833	-1029.925
115	18	0.833	-1029.925
115	19	0.833	-1029.925
115	20	0.833	-1029.925
115	21	0.833	-1029.925
115	22	0.833	-1029.925
115	23	0.833	-1029.925
115	24	0.833	-1029.925
115	25	0.833	-1029.925
115	26	0.833	-1029.925
115	27	0.833	-1029.925
115	28	0.833	-1029.925
115	29	0.833	-1029.925
115	30	0.833	-1029.925
115	31	0.833	-1029.925
115	32	0.833	-1029.925
115	33	0.833	-1029.925
115	34	0.833	-1029.925
115	35	0.833	-1029.925
115	36	0.833	-1029.925
115	37	0.833	-1029.925
115	38	0.833	-1029.925
115	39	0.833	-1029.925
115	40	0.833	-1029.925
115	41	0.833	-1029.925
115	42	0.833	-1029.925
115	43	0.833	-1029.925
115	44	0.833	-1029.925
115	45	0.833	-1029.925
115	46	0.833	-1029.925
115	47	0.833	-1029.925
115	48	0.833	-1029.925
115	49	0.833	-1029.925
115	50	0.833	-1029.925
115	51	0.833	-1029.925
115	52	0.833	-1029.925
115	53	0.833	-1029.925
115	54	0.833	-1029.925
115	55	0.833	-1029.925
115	56	0.833	-1029.925
115	57	0.833	-1029.925
115	58	0.833	-1029.925
115	59	0.833	-1029.925
115	60	0.833	-1029.925
115	61	0.833	-1029.925
115	62	0.833	-1029.925
115	63	0.833	-1029.925
### BC3-V2
#
116	0	0.833	-1026.675
116	1	0.833	-1026.675
116	2	0.833	-1026.675
116	3	0.833	-1026.675
116	4	0.833	-1026.675
116	5	0.833	-1026.675
116	6	0.833	-1026.675
116	7	0.833	-1026.675
116	8	0.833	-1026.675
116	9	0.833	-1026.675
116	10	0.833	-1026.675
116	11	0.833	-1026.675
116	12	0.833	-1026.675
116	13	0.833	-1026.675
116	14	0.833	-1026.675
116	15	0.833	-1026.675
116	16	0.833	-1026.675
116	17	0.833	-1026.675
116	18	0.833	-1026.675
116	19	0.833	-1026.675
116	20	0.833	-1026.675
116	21	0.833	-1026.675
116	22	0.833	-1026.675
116	23	0.833	-1026.675
116	24	0.833	-1026.675
116	25	0.833	-1026.675
116	26	0.833	-1026.675
116	27	0.833	-1026.675
116	28	0.833	-1026.675
116	29	0.833	-1026.675
116	30	0.833	-1026.675
116	31	0.833	-1026.675
116	32	0.833	-1026.675
116	33	0.833	-1026.675
116	34	0.833	-1026.675
116	35	0.833	-1026.675
116	36	0.833	-1026.675
116	37	0.833	-1026.675
116	38	0.833	-1026.675
116	39	0.833	-1026.675
116	40	0.833	-1026.675
116	41	0.833	-1026.675
116	42	0.833	-1026.675
116	43	0.833	-1026.675
116	44	0.833	-1026.675
116	45	0.833	-1026.675
116	46	0.833	-1026.675
116	47	0.833	-1026.675
116	48	0.833	-1026.675
116	49	0.833	-1026.675
116	50	0.833	-1026.675
116	51	0.833	-1026.675
116	52	0.833	-1026.675
116	53	0.833	-1026.675
116	54	0.833	-1026.675
116	55	0.833	-1026.675
116	56	0.833	-1026.675
116	57	0.833	-1026.675
116	58	0.833	-1026.675
116	59	0.833	-1026.675
116	60	0.833	-1026.675
116	61	0.833	-1026.675
116	62	0.833	-1026.675
116	63	0.833	-1026.675
### BC3-U1
#
117	0	0.833	-1029.908
117	1	0.833	-1029.908
117	2	0.833	-1029.908
117	3	0.833	-1029.908
117	4	0.833	-1029.908
117	5	0.833	-1029.908
117	6	0.833	-1029.908
117	7	0.833	-1029.908
117	8	0.833	-1029.908
117	9	0.833	-1029.908
117	10	0.833	-1029.908
117	11	0.833	-1029.908
117	12	0.833	-1029.908
117	13	0.833	-1029.908
117	14	0.833	-1029.908
117	15	0.833	-1029.908
117	16	0.833	-1029.908
117	17	0.833	-1029.908
117	18	0.833	-1029.908
117	19	0.833	-1029.908
117	20	0.833	-1029.908
117	21	0.833	-1029.908
117	22	0.833	-1029.908
117	23	0.833	-1029.908
117	24	0.833	-1029.908
117	25	0.833	-1029.908
117	26	0.833	-1029.908
117	27	0.833	-1029.908
117	28	0.833	-1029.908
117	29	0.833	-1029.908
117	30	0.833	-1029.908
117	31	0.833	-1029.908
117	32	0.833	-1029.908
117	33	0.833	-1029.908
117	34	0.833	-1029.908
117	35	0.833	-1029.908
117	36	0.833	-1029.908
117	37	0.833	-1029.908
117	38	0.833	-1029.908
117	39	0.833	-1029.908
117	40	0.833	-1029.908
117	41	0.833	-1029.908
117	42	0.833	-1029.908
117	43	0.833	-1029.908
117	44	0.833	-1029.908
117	45	0.833	-1029.908
117	46	0.833	-1029.908
117	47	0.833	-1029.908
117	48	0.833	-1029.908
117	49	0.833	-1029.908
117	50	0.833	-1029.908
117	51	0.833	-1029.908
117	52	0.833	-1029.908
117	53	0.833	-1029.908
117	54	0.833	-1029.908
117	55	0.833	-1029.908
117	56	0.833	-1029.908
117	57	0.833	-1029.908
117	58	0.833	-1029.908
117	59	0.833	-1029.908
117	60	0.833	-1029.908
117	61	0.833	-1029.908
117	62	0.833	-1029.908
117	63	0.833	-1029.908
### BC3-U2
#
118	0	0.833	-1023.419
118	1	0.833	-1023.419
118	2	0.833	-1023.419
118	3	0.833	-1023.419
118	4	0.833	-1023.419
118	5	0.833	-1023.419
118	6	0.833	-1023.419
118	7	0.833	-1023.419
118	8	0.833	-1023.419
118	9	0.833	-1023.419
118	10	0.833	-1023.419
118	11	0.833	-1023.419
118	12	0.833	-1023.419
118	13	0.833	-1023.419
118	14	0.833	-1023.419
118	15	0.833	-1023.419
118	16	0.833	-1023.419
118	17	0.833	-1023.419
118	18	0.833	-1023.419
118	19	0.833	-1023.419
118	20	0.833	-1023.419
118	21	0.833	-1023.419
118	22	0.833	-1023.419
118	23	0.833	-1023.419
118	24	0.833	-1023.419
118	25	0.833	-1023.419
118	26	0.833	-1023.419
118	27	0.833	-1023.419
118	28	0.833	-1023.419
118	29	0.833	-1023.419
118	30	0.833	-1023.419
118	31	0.833	-1023.419
118	32	0.833	-1023.419
118	33	0.833	-1023.419
118	34	0.833	-1023.419
118	35	0.833	-1023.419
118	36	0.833	-1023.419
118	37	0.833	-1023.419
118	38	0.833	-1023.419
118	39	0.833	-1023.419
118	40	0.833	-1023.419
118	41	0.833	-1023.419
118	42	0.833	-1023.419
118	43	0.833	-1023.419
118	44	0.833	-1023.419
118	45	0.833	-1023.419
118	46	0.833	-1023.419
118	47	0.833	-1023.419
118	48	0.833	-1023.419
118	49	0.833	-1023.419
118	50	0.833	-1023.419
118	51	0.833	-1023.419
118	52	0.833	-1023.419
118	53	0.833	-1023.419
118	54	0.833	-1023.419
118	55	0.833	-1023.419
118	56	0.833	-1023.419
118	57	0.833	-1023.419
118	58	0.833	-1023.419
118	59	0.833	-1023.419
118	60	0.833	-1023.419
118	61	0.833	-1023.419
118	62	0.833	-1023.419
118	63	0.833	-1023.419
### BC4-U1
#
119	0	0.833	-1027.464
119	1	0.833	-1027.464
119	2	0.833	-1027.464
119	3	0.833	-1027.464
119	4	0.833	-1027.464
119	5	0.833	-1027.464
119	6	0.833	-1027.464
119	7	0.833	-1027.464
119	8	0.833	-1027.464
119	9	0.833	-1027.464
119	10	0.833	-1027.464
119	11	0.833	-1027.464
119	12	0.833	-1027.464
119	13	0.833	-1027.464
119	14	0.833	-1027.464
119	15	0.833	-1027.464
119	16	0.833	-1027.464
119	17	0.833	-1027.464
119	18	0.833	-1027.464
119	19	0.833	-1027.464
119	20	0.833	-1027.464
119	21	0.833	-1027.464
119	22	0.833	-1027.464
119	23	0.833	-1027.464
119	24	0.833	-1027.464
119	25	0.833	-1027.464
119	26	0.833	-1027.464
119	27	0.833	-1027.464
119	28	0.833	-1027.464
119	29	0.833	-1027.464
119	30	0.833	-1027.464
119	31	0.833	-1027.464
119	32	0.833	-1027.464
119	33	0.833	-1027.464
119	34	0.833	-1027.464
119	35	0.833	-1027.464
119	36	0.833	-1027.464
119	37	0.833	-1027.464
119	38	0.833	-1027.464
119	39	0.833	-1027.464
119	40	0.833	-1027.464
119	41	0.833	-1027.464
119	42	0.833	-1027.464
119	43	0.833	-1027.464
119	44	0.833	-1027.464
119	45	0.833	-1027.464
119	46	0.833	-1027.464
119	47	0.833	-1027.464
119	48	0.833	-1027.464
119	49	0.833	-1027.464
119	50	0.833	-1027.464
119	51	0.833	-1027.464
119	52	0.833	-1027.464
119	53	0.833	-1027.464
119	54	0.833	-1027.464
119	55	0.833	-1027.464
119	56	0.833	-1027.464
119	57	0.833	-1027.464
119	58	0.833	-1027.464
119	59	0.833	-1027.464
119	60	0.833	-1027.464
119	61	0.833	-1027.464
119	62	0.833	-1027.464
119	63	0.833	-1027.464
### BC4-U2
#
120	0	0.833	-1026.177
120	1	0.833	-1026.177
120	2	0.833	-1026.177
120	3	0.833	-1026.177
120	4	0.833	-1026.177
120	5	0.833	-1026.177
120	6	0.833	-1026.177
120	7	0.833	-1026.177
120	8	0.833	-1026.177
120	9	0.833	-1026.177
120	10	0.833	-1026.177
120	11	0.833	-1026.177
120	12	0.833	-1026.177
120	13	0.833	-1026.177
120	14	0.833	-1026.177
120	15	0.833	-1026.177
120	16	0.833	-1026.177
120	17	0.833	-1026.177
120	18	0.833	-1026.177
120	19	0.833	-1026.177
120	20	0.833	-1026.177
120	21	0.833	-1026.177
120	22	0.833	-1026.177
120	23	0.833	-1026.177
120	24	0.833	-1026.177
120	25	0.833	-1026.177
120	26	0.833	-1026.177
120	27	0.833	-1026.177
120	28	0.833	-1026.177
120	29	0.833	-1026.177
120	30	0.833	-1026.177
120	31	0.833	-1026.177
120	32	0.833	-1026.177
120	33	0.833	-1026.177
120	34	0.833	-1026.177
120	35	0.833	-1026.177
120	36	0.833	-1026.177
120	37	0.833	-1026.177
120	38	0.833	-1026.177
120	39	0.833	-1026.177
120	40	0.833	-1026.177
120	41	0.833	-1026.177
120	42	0.833	-1026.177
120	43	0.833	-1026.177
120	44	0.833	-1026.177
120	45	0.833	-1026.177
120	46	0.833	-1026.177
120	47	0.833	-1026.177
120	48	0.833	-1026.177
120	49	0.833	-1026.177
120	50	0.833	-1026.177
120	51	0.833	-1026.177
120	52	0.833	-1026.177
120	53	0.833	-1026.177
120	54	0.833	-1026.177
120	55	0.833	-1026.177
120	56	0.833	-1026.177
120	57	0.833	-1026.177
120	58	0.833	-1026.177
120	59	0.833	-1026.177
120	60	0.833	-1026.177
120	61	0.833	-1026.177
120	62	0.833	-1026.177
120	63	0.833	-1026.177
### BC4-V1
#
121	0	0.833	-1027.364
121	1	0.833	-1027.364
121	2	0.833	-1027.364
121	3	0.833	-1027.364
121	4	0.833	-1027.364
121	5	0.833	-1027.364
121	6	0.833	-1027.364
121	7	0.833	-1027.364
121	8	0.833	-1027.364
121	9	0.833	-1027.364
121	10	0.833	-1027.364
121	11	0.833	-1027.364
121	12	0.833	-1027.364
121	13	0.833	-1027.364
121	14	0.833	-1027.364
121	15	0.833	-1027.364
121	16	0.833	-1027.364
121	17	0.833	-1027.364
121	18	0.833	-1027.364
121	19	0.833	-1027.364
121	20	0.833	-1027.364
121	21	0.833	-1027.364
121	22	0.833	-1027.364
121	23	0.833	-1027.364
121	24	0.833	-1027.364
121	25	0.833	-1027.364
121	26	0.833	-1027.364
121	27	0.833	-1027.364
121	28	0.833	-1027.364
121	29	0.833	-1027.364
121	30	0.833	-1027.364
121	31	0.833	-1027.364
121	32	0.833	-1027.364
121	33	0.833	-1027.364
121	34	0.833	-1027.364
121	35	0.833	-1027.364
121	36	0.833	-1027.364
121	37	0.833	-1027.364
121	38	0.833	-1027.364
121	39	0.833	-1027.364
121	40	0.833	-1027.364
121	41	0.833	-1027.364
121	42	0.833	-1027.364
121	43	0.833	-1027.364
121	44	0.833	-1027.364
121	45	0.833	-1027.364
121	46	0.833	-1027.364
121	47	0.833	-1027.364
121	48	0.833	-1027.364
121	49	0.833	-1027.364
121	50	0.833	-1027.364
121	51	0.833	-1027.364
121	52	0.833	-1027.364
121	53	0.833	-1027.364
121	54	0.833	-1027.364
121	55	0.833	-1027.364
121	56	0.833	-1027.364
121	57	0.833	-1027.364
121	58	0.833	-1027.364
121	59	0.833	-1027.364
121	60	0.833	-1027.364
121	61	0.833	-1027.364
121	62	0.833	-1027.364
121	63	0.833	-1027.364
### BC4-V2
#
122	0	0.833	-1026.068
122	1	0.833	-1026.068
122	2	0.833	-1026.068
122	3	0.833	-1026.068
122	4	0.833	-1026.068
122	5	0.833	-1026.068
122	6	0.833	-1026.068
122	7	0.833	-1026.068
122	8	0.833	-1026.068
122	9	0.833	-1026.068
122	10	0.833	-1026.068
122	11	0.833	-1026.068
122	12	0.833	-1026.068
122	13	0.833	-1026.068
122	14	0.833	-1026.068
122	15	0.833	-1026.068
122	16	0.833	-1026.068
122	17	0.833	-1026.068
122	18	0.833	-1026.068
122	19	0.833	-1026.068
122	20	0.833	-1026.068
122	21	0.833	-1026.068
122	22	0.833	-1026.068
122	23	0.833	-1026.068
122	24	0.833	-1026.068
122	25	0.833	-1026.068
122	26	0.833	-1026.068
122	27	0.833	-1026.068
122	28	0.833	-1026.068
122	29	0.833	-1026.068
122	30	0.833	-1026.068
122	31	0.833	-1026.068
122	32	0.833	-1026.068
122	33	0.833	-1026.068
122	34	0.833	-1026.068
122	35	0.833	-1026.068
122	36	0.833	-1026.068
122	37	0.833	-1026.068
122	38	0.833	-1026.068
122	39	0.833	-1026.068
122	40	0.833	-1026.068
122	41	0.833	-1026.068
122	42	0.833	-1026.068
122	43	0.833	-1026.068
122	44	0.833	-1026.068
122	45	0.833	-1026.068
122	46	0.833	-1026.068
122	47	0.833	-1026.068
122	48	0.833	-1026.068
122	49	0.833	-1026.068
122	50	0.833	-1026.068
122	51	0.833	-1026.068
122	52	0.833	-1026.068
122	53	0.833	-1026.068
122	54	0.833	-1026.068
122	55	0.833	-1026.068
122	56	0.833	-1026.068
122	57	0.833	-1026.068
122	58	0.833	-1026.068
122	59	0.833	-1026.068
122	60	0.833	-1026.068
122	61	0.833	-1026.068
122	62	0.833	-1026.068
122	63	0.833	-1026.068
### BC4-X1
#
123	0	0.833	-1027.188
123	1	0.833	-1027.188
123	2	0.833	-1027.188
123	3	0.833	-1027.188
123	4	0.833	-1027.188
123	5	0.833	-1027.188
123	6	0.833	-1027.188
123	7	0.833	-1027.188
123	8	0.833	-1027.188
123	9	0.833	-1027.188
123	10	0.833	-1027.188
123	11	0.833	-1027.188
123	12	0.833	-1027.188
123	13	0.833	-1027.188
123	14	0.833	-1027.188
123	15	0.833	-1027.188
123	16	0.833	-1027.188
123	17	0.833	-1027.188
123	18	0.833	-1027.188
123	19	0.833	-1027.188
123	20	0.833	-1027.188
123	21	0.833	-1027.188
123	22	0.833	-1027.188
123	23	0.833	-1027.188
123	24	0.833	-1027.188
123	25	0.833	-1027.188
123	26	0.833	-1027.188
123	27	0.833	-1027.188
123	28	0.833	-1027.188
123	29	0.833	-1027.188
123	30	0.833	-1027.188
123	31	0.833	-1027.188
123	32	0.833	-1027.188
123	33	0.833	-1027.188
123	34	0.833	-1027.188
123	35	0.833	-1027.188
123	36	0.833	-1027.188
123	37	0.833	-1027.188
123	38	0.833	-1027.188
123	39	0.833	-1027.188
123	40	0.833	-1027.188
123	41	0.833	-1027.188
123	42	0.833	-1027.188
123	43	0.833	-1027.188
123	44	0.833	-1027.188
123	45	0.833	-1027.188
123	46	0.833	-1027.188
123	47	0.833	-1027.188
123	48	0.833	-1027.188
123	49	0.833	-1027.188
123	50	0.833	-1027.188
123	51	0.833	-1027.188
123	52	0.833	-1027.188
123	53	0.833	-1027.188
123	54	0.833	-1027.188
123	55	0.833	-1027.188
123	56	0.833	-1027.188
123	57	0.833	-1027.188
123	58	0.833	-1027.188
123	59	0.833	-1027.188
123	60	0.833	-1027.188
123	61	0.833	-1027.188
123	62	0.833	-1027.188
123	63	0.833	-1027.188
### BC4-X2
#
124	0	0.833	-1025.378
124	1	0.833	-1025.378
124	2	0.833	-1025.378
124	2	0.833	-1025.378
124	3	0.833	-1025.378
124	4	0.833	-1025.378
124	5	0.833	-1025.378
124	6	0.833	-1025.378
124	7	0.833	-1025.378
124	8	0.833	-1025.378
124	9	0.833	-1025.378
124	10	0.833	-1025.378
124	11	0.833	-1025.378
124	12	0.833	-1025.378
124	13	0.833	-1025.378
124	14	0.833	-1025.378
124	15	0.833	-1025.378
124	16	0.833	-1025.378
124	17	0.833	-1025.378
124	18	0.833	-1025.378
124	19	0.833	-1025.378
124	20	0.833	-1025.378
124	21	0.833	-1025.378
124	22	0.833	-1025.378
124	23	0.833	-1025.378
124	24	0.833	-1025.378
124	25	0.833	-1025.378
124	26	0.833	-1025.378
124	27	0.833	-1025.378
124	28	0.833	-1025.378
124	29	0.833	-1025.378
124	30	0.833	-1025.378
124	31	0.833	-1025.378
124	32	0.833	-1025.378
124	33	0.833	-1025.378
124	34	0.833	-1025.378
124	35	0.833	-1025.378
124	36	0.833	-1025.378
124	37	0.833	-1025.378
124	38	0.833	-1025.378
124	39	0.833	-1025.378
124	40	0.833	-1025.378
124	41	0.833	-1025.378
124	42	0.833	-1025.378
124	43	0.833	-1025.378
124	44	0.833	-1025.378
124	45	0.833	-1025.378
124	46	0.833	-1025.378
124	47	0.833	-1025.378
124	48	0.833	-1025.378
124	49	0.833	-1025.378
124	50	0.833	-1025.378
124	51	0.833	-1025.378
124	52	0.833	-1025.378
124	53	0.833	-1025.378
124	54	0.833	-1025.378
124	55	0.833	-1025.378
124	56	0.833	-1025.378
124	57	0.833	-1025.378
124	58	0.833	-1025.378
124	59	0.833	-1025.378
124	60	0.833	-1025.378
124	61	0.833	-1025.378
124	62	0.833	-1025.378
124	63	0.833	-1025.378
### SDC1-U1
#
1	0	0.833	-1017.980
1	1	0.833	-1017.980
1	2	0.833	-1017.980
1	3	0.833	-1017.980
1	4	0.833	-1017.980
1	5	0.833	-1017.980
1	6	0.833	-1017.980
1	7	0.833	-1017.980
1	8	0.833	-1017.980
1	9	0.833	-1017.980
1	10	0.833	-1017.980
1	11	0.833	-1017.980
1	12	0.833	-1017.980
1	13	0.833	-1017.980
1	14	0.833	-1017.980
1	15	0.833	-1017.980
1	16	0.833	-1017.980
1	17	0.833	-1017.980
1	18	0.833	-1017.980
1	19	0.833	-1017.980
1	20	0.833	-1017.980
1	21	0.833	-1017.980
1	22	0.833	-1017.980
1	23	0.833	-1017.980
1	24	0.833	-1017.980
1	25	0.833	-1017.980
1	26	0.833	-1017.980
1	27	0.833	-1017.980
1	28	0.833	-1017.980
1	29	0.833	-1017.980
1	30	0.833	-1017.980
1	31	0.833	-1017.980
1	32	0.833	-1017.980
1	33	0.833	-1017.980
1	34	0.833	-1017.980
1	35	0.833	-1017.980
1	36	0.833	-1017.980
1	37	0.833	-1017.980
1	38	0.833	-1017.980
1	39	0.833	-1017.980
1	40	0.833	-1017.980
1	41	0.833	-1017.980
1	42	0.833	-1017.980
1	43	0.833	-1017.980
1	44	0.833	-1017.980
1	45	0.833	-1017.980
1	46	0.833	-1017.980
1	47	0.833	-1017.980
1	48	0.833	-1017.980
1	49	0.833	-1017.980
1	50	0.833	-1017.980
1	51	0.833	-1017.980
1	52	0.833	-1017.980
1	53	0.833	-1017.980
1	54	0.833	-1017.980
1	55	0.833	-1017.980
1	56	0.833	-1017.980
1	57	0.833	-1017.980
1	58	0.833	-1017.980
1	59	0.833	-1017.980
1	60	0.833	-1017.980
1	61	0.833	-1017.980
1	62	0.833	-1017.980
1	63	0.833	-1017.980
### SDC1-U2
#
2	0	0.833	-1017.899
2	1	0.833	-1017.899
2	2	0.833	-1017.899
2	3	0.833	-1017.899
2	4	0.833	-1017.899
2	5	0.833	-1017.899
2	6	0.833	-1017.899
2	7	0.833	-1017.899
2	8	0.833	-1017.899
2	9	0.833	-1017.899
2	10	0.833	-1017.899
2	11	0.833	-1017.899
2	12	0.833	-1017.899
2	13	0.833	-1017.899
2	14	0.833	-1017.899
2	15	0.833	-1017.899
2	16	0.833	-1017.899
2	17	0.833	-1017.899
2	18	0.833	-1017.899
2	19	0.833	-1017.899
2	20	0.833	-1017.899
2	21	0.833	-1017.899
2	22	0.833	-1017.899
2	23	0.833	-1017.899
2	24	0.833	-1017.899
2	25	0.833	-1017.899
2	26	0.833	-1017.899
2	27	0.833	-1017.899
2	28	0.833	-1017.899
2	29	0.833	-1017.899
2	30	0.833	-1017.899
2	31	0.833	-1017.899
2	32	0.833	-1017.899
2	33	0.833	-1017.899
2	34	0.833	-1017.899
2	35	0.833	-1017.899
2	36	0.833	-1017.899
2	37	0.833	-1017.899
2	38	0.833	-1017.899
2	39	0.833	-1017.899
2	40	0.833	-1017.899
2	41	0.833	-1017.899
2	42	0.833	-1017.899
2	43	0.833	-1017.899
2	44	0.833	-1017.899
2	45	0.833	-1017.899
2	46	0.833	-1017.899
2	47	0.833	-1017.899
2	48	0.833	-1017.899
2	49	0.833	-1017.899
2	50	0.833	-1017.899
2	51	0.833	-1017.899
2	52	0.833	-1017.899
2	53	0.833	-1017.899
2	54	0.833	-1017.899
2	55	0.833	-1017.899
2	56	0.833	-1017.899
2	57	0.833	-1017.899
2	58	0.833	-1017.899
2	59	0.833	-1017.899
2	60	0.833	-1017.899
2	61	0.833	-1017.899
2	62	0.833	-1017.899
2	63	0.833	-1017.899
### SDC1-X1
#
3	0	0.833	-1019.922
3	1	0.833	-1019.922
3	2	0.833	-1019.922
3	3	0.833	-1019.922
3	4	0.833	-1019.922
3	5	0.833	-1019.922
3	6	0.833	-1019.922
3	7	0.833	-1019.922
3	8	0.833	-1019.922
3	9	0.833	-1019.922
3	10	0.833	-1019.922
3	11	0.833	-1019.922
3	12	0.833	-1019.922
3	13	0.833	-1019.922
3	14	0.833	-1019.922
3	15	0.833	-1019.922
3	16	0.833	-1019.922
3	17	0.833	-1019.922
3	18	0.833	-1019.922
3	19	0.833	-1019.922
3	20	0.833	-1019.922
3	21	0.833	-1019.922
3	22	0.833	-1019.922
3	23	0.833	-1019.922
3	24	0.833	-1019.922
3	25	0.833	-1019.922
3	26	0.833	-1019.922
3	27	0.833	-1019.922
3	28	0.833	-1019.922
3	29	0.833	-1019.922
3	30	0.833	-1019.922
3	31	0.833	-1019.922
3	32	0.833	-1019.922
3	33	0.833	-1019.922
3	34	0.833	-1019.922
3	35	0.833	-1019.922
3	36	0.833	-1019.922
3	37	0.833	-1019.922
3	38	0.833	-1019.922
3	39	0.833	-1019.922
3	40	0.833	-1019.922
3	41	0.833	-1019.922
3	42	0.833	-1019.922
3	43	0.833	-1019.922
3	44	0.833	-1019.922
3	45	0.833	-1019.922
3	46	0.833	-1019.922
3	47	0.833	-1019.922
3	48	0.833	-1019.922
3	49	0.833	-1019.922
3	50	0.833	-1019.922
3	51	0.833	-1019.922
3	52	0.833	-1019.922
3	53	0.833	-1019.922
3	54	0.833	-1019.922
3	55	0.833	-1019.922
3	56	0.833	-1019.922
3	57	0.833	-1019.922
3	58	0.833	-1019.922
3	59	0.833	-1019.922
3	60	0.833	-1019.922
3	61	0.833	-1019.922
3	62	0.833	-1019.922
3	63	0.833	-1019.922
### SDC1-X2
#
4	0	0.833	-1019.607
4	1	0.833	-1019.607
4	2	0.833	-1019.607
4	3	0.833	-1019.607
4	4	0.833	-1019.607
4	5	0.833	-1019.607
4	6	0.833	-1019.607
4	7	0.833	-1019.607
4	8	0.833	-1019.607
4	9	0.833	-1019.607
4	10	0.833	-1019.607
4	11	0.833	-1019.607
4	12	0.833	-1019.607
4	13	0.833	-1019.607
4	14	0.833	-1019.607
4	15	0.833	-1019.607
4	16	0.833	-1019.607
4	17	0.833	-1019.607
4	18	0.833	-1019.607
4	19	0.833	-1019.607
4	20	0.833	-1019.607
4	21	0.833	-1019.607
4	22	0.833	-1019.607
4	23	0.833	-1019.607
4	24	0.833	-1019.607
4	25	0.833	-1019.607
4	26	0.833	-1019.607
4	27	0.833	-1019.607
4	28	0.833	-1019.607
4	29	0.833	-1019.607
4	30	0.833	-1019.607
4	31	0.833	-1019.607
4	32	0.833	-1019.607
4	33	0.833	-1019.607
4	34	0.833	-1019.607
4	35	0.833	-1019.607
4	36	0.833	-1019.607
4	37	0.833	-1019.607
4	38	0.833	-1019.607
4	39	0.833	-1019.607
4	40	0.833	-1019.607
4	41	0.833	-1019.607
4	42	0.833	-1019.607
4	43	0.833	-1019.607
4	44	0.833	-1019.607
4	45	0.833	-1019.607
4	46	0.833	-1019.607
4	47	0.833	-1019.607
4	48	0.833	-1019.607
4	49	0.833	-1019.607
4	50	0.833	-1019.607
4	51	0.833	-1019.607
4	52	0.833	-1019.607
4	53	0.833	-1019.607
4	54	0.833	-1019.607
4	55	0.833	-1019.607
4	56	0.833	-1019.607
4	57	0.833	-1019.607
4	58	0.833	-1019.607
4	59	0.833	-1019.607
4	60	0.833	-1019.607
4	61	0.833	-1019.607
4	62	0.833	-1019.607
4	63	0.833	-1019.607
### SDC1-V1
#
5	0	0.833	-1019.620
5	1	0.833	-1019.620
5	2	0.833	-1019.620
5	3	0.833	-1019.620
5	4	0.833	-1019.620
5	5	0.833	-1019.620
5	6	0.833	-1019.620
5	7	0.833	-1019.620
5	8	0.833	-1019.620
5	9	0.833	-1019.620
5	10	0.833	-1019.620
5	11	0.833	-1019.620
5	12	0.833	-1019.620
5	13	0.833	-1019.620
5	14	0.833	-1019.620
5	15	0.833	-1019.620
5	16	0.833	-1019.620
5	17	0.833	-1019.620
5	18	0.833	-1019.620
5	19	0.833	-1019.620
5	20	0.833	-1019.620
5	21	0.833	-1019.620
5	22	0.833	-1019.620
5	23	0.833	-1019.620
5	24	0.833	-1019.620
5	25	0.833	-1019.620
5	26	0.833	-1019.620
5	27	0.833	-1019.620
5	28	0.833	-1019.620
5	29	0.833	-1019.620
5	30	0.833	-1019.620
5	31	0.833	-1019.620
5	32	0.833	-1019.620
5	33	0.833	-1019.620
5	34	0.833	-1019.620
5	35	0.833	-1019.620
5	36	0.833	-1019.620
5	37	0.833	-1019.620
5	38	0.833	-1019.620
5	39	0.833	-1019.620
5	40	0.833	-1019.620
5	41	0.833	-1019.620
5	42	0.833	-1019.620
5	43	0.833	-1019.620
5	44	0.833	-1019.620
5	45	0.833	-1019.620
5	46	0.833	-1019.620
5	47	0.833	-1019.620
5	48	0.833	-1019.620
5	49	0.833	-1019.620
5	50	0.833	-1019.620
5	51	0.833	-1019.620
5	52	0.833	-1019.620
5	53	0.833	-1019.620
5	54	0.833	-1019.620
5	55	0.833	-1019.620
5	56	0.833	-1019.620
5	57	0.833	-1019.620
5	58	0.833	-1019.620
5	59	0.833	-1019.620
5	60	0.833	-1019.620
5	61	0.833	-1019.620
5	62	0.833	-1019.620
5	63	0.833	-1019.620
### SDC1-V2
#
6	0	0.833	-1019.024
6	1	0.833	-1019.024
6	2	0.833	-1019.024
6	3	0.833	-1019.024
6	4	0.833	-1019.024
6	5	0.833	-1019.024
6	6	0.833	-1019.024
6	7	0.833	-1019.024
6	8	0.833	-1019.024
6	9	0.833	-1019.024
6	10	0.833	-1019.024
6	11	0.833	-1019.024
6	12	0.833	-1019.024
6	13	0.833	-1019.024
6	14	0.833	-1019.024
6	15	0.833	-1019.024
6	16	0.833	-1019.024
6	17	0.833	-1019.024
6	18	0.833	-1019.024
6	19	0.833	-1019.024
6	20	0.833	-1019.024
6	21	0.833	-1019.024
6	22	0.833	-1019.024
6	23	0.833	-1019.024
6	24	0.833	-1019.024
6	25	0.833	-1019.024
6	26	0.833	-1019.024
6	27	0.833	-1019.024
6	28	0.833	-1019.024
6	29	0.833	-1019.024
6	30	0.833	-1019.024
6	31	0.833	-1019.024
6	32	0.833	-1019.024
6	33	0.833	-1019.024
6	34	0.833	-1019.024
6	35	0.833	-1019.024
6	36	0.833	-1019.024
6	37	0.833	-1019.024
6	38	0.833	-1019.024
6	39	0.833	-1019.024
6	40	0.833	-1019.024
6	41	0.833	-1019.024
6	42	0.833	-1019.024
6	43	0.833	-1019.024
6	44	0.833	-1019.024
6	45	0.833	-1019.024
6	46	0.833	-1019.024
6	47	0.833	-1019.024
6	48	0.833	-1019.024
6	49	0.833	-1019.024
6	50	0.833	-1019.024
6	51	0.833	-1019.024
6	52	0.833	-1019.024
6	53	0.833	-1019.024
6	54	0.833	-1019.024
6	55	0.833	-1019.024
6	56	0.833	-1019.024
6	57	0.833	-1019.024
6	58	0.833	-1019.024
6	59	0.833	-1019.024
6	60	0.833	-1019.024
6	61	0.833	-1019.024
6	62	0.833	-1019.024
6	63	0.833	-1019.024
### SDC2-V1
#
7	0	0.833	-1022.872
7	1	0.833	-1022.872
7	2	0.833	-1022.872
7	3	0.833	-1022.872
7	4	0.833	-1022.872
7	5	0.833	-1022.872
7	6	0.833	-1022.872
7	7	0.833	-1022.872
7	8	0.833	-1022.872
7	9	0.833	-1022.872
7	10	0.833	-1022.872
7	11	0.833	-1022.872
7	12	0.833	-1022.872
7	13	0.833	-1022.872
7	14	0.833	-1022.872
7	15	0.833	-1022.872
7	16	0.833	-1022.872
7	17	0.833	-1022.872
7	18	0.833	-1022.872
7	19	0.833	-1022.872
7	20	0.833	-1022.872
7	21	0.833	-1022.872
7	22	0.833	-1022.872
7	23	0.833	-1022.872
7	24	0.833	-1022.872
7	25	0.833	-1022.872
7	26	0.833	-1022.872
7	27	0.833	-1022.872
7	28	0.833	-1022.872
7	29	0.833	-1022.872
7	30	0.833	-1022.872
7	31	0.833	-1022.872
7	32	0.833	-1022.872
7	33	0.833	-1022.872
7	34	0.833	-1022.872
7	35	0.833	-1022.872
7	36	0.833	-1022.872
7	37	0.833	-1022.872
7	38	0.833	-1022.872
7	39	0.833	-1022.872
7	40	0.833	-1022.872
7	41	0.833	-1022.872
7	42	0.833	-1022.872
7	43	0.833	-1022.872
### SDC2-V2
#
8	0	0.833	-1021.143
8	1	0.833	-1021.143
8	2	0.833	-1021.143
8	3	0.833	-1021.143
8	4	0.833	-1021.143
8	5	0.833	-1021.143
8	6	0.833	-1021.143
8	7	0.833	-1021.143
8	8	0.833	-1021.143
8	9	0.833	-1021.143
8	10	0.833	-1021.143
8	11	0.833	-1021.143
8	12	0.833	-1021.143
8	13	0.833	-1021.143
8	14	0.833	-1021.143
8	15	0.833	-1021.143
8	16	0.833	-1021.143
8	17	0.833	-1021.143
8	18	0.833	-1021.143
8	19	0.833	-1021.143
8	20	0.833	-1021.143
8	21	0.833	-1021.143
8	22	0.833	-1021.143
8	23	0.833	-1021.143
8	24	0.833	-1021.143
8	25	0.833	-1021.143
8	26	0.833	-1021.143
8	27	0.833	-1021.143
8	28	0.833	-1021.143
8	29	0.833	-1021.143
8	30	0.833	-1021.143
8	31	0.833	-1021.143
8	32	0.833	-1021.143
8	33	0.833	-1021.143
8	34	0.833	-1021.143
8	35	0.833	-1021.143
8	36	0.833	-1021.143
8	37	0.833	-1021.143
8	38	0.833	-1021.143
8	39	0.833	-1021.143
8	40	0.833	-1021.143
8	41	0.833	-1021.143
8	42	0.833	-1021.143
8	43	0.833	-1021.143
### SDC2-U1
#
9	0	0.833	-1022.062
9	1	0.833	-1022.062
9	2	0.833	-1022.062
9	3	0.833	-1022.062
9	4	0.833	-1022.062
9	5	0.833	-1022.062
9	6	0.833	-1022.062
9	7	0.833	-1022.062
9	8	0.833	-1022.062
9	9	0.833	-1022.062
9	10	0.833	-1022.062
9	11	0.833	-1022.062
9	12	0.833	-1022.062
9	13	0.833	-1022.062
9	14	0.833	-1022.062
9	15	0.833	-1022.062
9	16	0.833	-1022.062
9	17	0.833	-1022.062
9	18	0.833	-1022.062
9	19	0.833	-1022.062
9	20	0.833	-1022.062
9	21	0.833	-1022.062
9	22	0.833	-1022.062
9	23	0.833	-1022.062
9	24	0.833	-1022.062
9	25	0.833	-1022.062
9	26	0.833	-1022.062
9	27	0.833	-1022.062
9	28	0.833	-1022.062
9	29	0.833	-1022.062
9	30	0.833	-1022.062
9	31	0.833	-1022.062
9	32	0.833	-1022.062
9	33	0.833	-1022.062
9	34	0.833	-1022.062
9	35	0.833	-1022.062
9	36	0.833	-1022.062
9	37	0.833	-1022.062
9	38	0.833	-1022.062
9	39	0.833	-1022.062
9	40	0.833	-1022.062
9	41	0.833	-1022.062
9	42	0.833	-1022.062
9	43	0.833	-1022.062
### SDC2-U2
#
10	0	0.833	-1021.301
10	1	0.833	-1021.301
10	2	0.833	-1021.301
10	3	0.833	-1021.301
10	4	0.833	-1021.301
10	5	0.833	-1021.301
10	6	0.833	-1021.301
10	7	0.833	-1021.301
10	8	0.833	-1021.301
10	9	0.833	-1021.301
10	10	0.833	-1021.301
10	11	0.833	-1021.301
10	12	0.833	-1021.301
10	13	0.833	-1021.301
10	14	0.833	-1021.301
10	15	0.833	-1021.301
10	16	0.833	-1021.301
10	17	0.833	-1021.301
10	18	0.833	-1021.301
10	19	0.833	-1021.301
10	20	0.833	-1021.301
10	21	0.833	-1021.301
10	22	0.833	-1021.301
10	23	0.833	-1021.301
10	24	0.833	-1021.301
10	25	0.833	-1021.301
10	26	0.833	-1021.301
10	27	0.833	-1021.301
10	28	0.833	-1021.301
10	29	0.833	-1021.301
10	30	0.833	-1021.301
10	31	0.833	-1021.301
10	32	0.833	-1021.301
10	33	0.833	-1021.301
10	34	0.833	-1021.301
10	35	0.833	-1021.301
10	36	0.833	-1021.301
10	37	0.833	-1021.301
10	38	0.833	-1021.301
10	39	0.833	-1021.301
10	40	0.833	-1021.301
10	41	0.833	-1021.301
10	42	0.833	-1021.301
10	43	0.833	-1021.301
### SDC3-X1
#
31	0	0.833	-862.924
31	1	0.833	-862.924
31	2	0.833	-862.924
31	3	0.833	-862.924
31	4	0.833	-862.924
31	5	0.833	-862.924
31	6	0.833	-862.924
31	7	0.833	-862.924
31	8	0.833	-862.924
31	9	0.833	-862.924
31	10	0.833	-862.924
31	11	0.833	-862.924
31	12	0.833	-862.924
31	13	0.833	-862.924
31	14	0.833	-862.924
31	15	0.833	-862.924
31	16	0.833	-862.924
31	17	0.833	-862.924
31	18	0.833	-862.924
31	19	0.833	-862.924
31	20	0.833	-862.924
31	21	0.833	-862.924
31	22	0.833	-862.924
31	23	0.833	-862.924
31	24	0.833	-862.924
31	25	0.833	-862.924
31	26	0.833	-862.924
31	27	0.833	-862.924
31	28	0.833	-862.924
31	29	0.833	-862.924
31	30	0.833	-862.924
31	31	0.833	-862.924
31	32	0.833	-862.924
31	33	0.833	-862.924
31	34	0.833	-862.924
31	35	0.833	-862.924
31	36	0.833	-862.924
31	37	0.833	-862.924
31	38	0.833	-862.924
31	39	0.833	-862.924
31	40	0.833	-862.924
31	41	0.833	-862.924
31	42	0.833	-862.924
31	43	0.833	-862.924
31	44	0.833	-862.924
31	45	0.833	-862.924
31	46	0.833	-862.924
31	47	0.833	-862.924
31	48	0.833	-862.924
31	49	0.833	-862.924
31	50	0.833	-862.924
31	51	0.833	-862.924
31	52	0.833	-862.924
31	53	0.833	-862.924
31	54	0.833	-862.924
31	55	0.833	-862.924
31	56	0.833	-862.924
31	57	0.833	-862.924
31	58	0.833	-862.924
31	59	0.833	-862.924
31	60	0.833	-862.924
31	61	0.833	-862.924
31	62	0.833	-862.924
31	63	0.833	-862.924
31	64	0.833	-862.924
31	65	0.833	-862.924
31	66	0.833	-862.924
31	67	0.833	-862.924
31	68	0.833	-862.924
31	69	0.833	-862.924
31	70	0.833	-862.924
31	71	0.833	-862.924
31	72	0.833	-862.924
31	73	0.833	-862.924
31	74	0.833	-862.924
31	75	0.833	-862.924
31	76	0.833	-862.924
31	77	0.833	-862.924
31	78	0.833	-862.924
31	79	0.833	-862.924
31	80	0.833	-862.924
31	81	0.833	-862.924
31	82	0.833	-862.924
31	83	0.833	-862.924
31	84	0.833	-862.924
31	85	0.833	-862.924
31	86	0.833	-862.924
31	87	0.833	-862.924
31	88	0.833	-862.924
31	89	0.833	-862.924
31	90	0.833	-862.924
31	91	0.833	-862.924
31	92	0.833	-862.924
31	93	0.833	-862.924
31	94	0.833	-862.924
31	95	0.833	-862.924
31	96	0.833	-862.924
31	97	0.833	-862.924
31	98	0.833	-862.924
31	99	0.833	-862.924
31	100	0.833	-862.924
31	101	0.833	-862.924
31	102	0.833	-862.924
31	103	0.833	-862.924
31	104	0.833	-862.924
31	105	0.833	-862.924
31	106	0.833	-862.924
31	107	0.833	-862.924
31	108	0.833	-862.924
31	109	0.833	-862.924
31	110	0.833	-862.924
31	111	0.833	-862.924
31	112	0.833	-862.924
31	113	0.833	-862.924
31	114	0.833	-862.924
31	115	0.833	-862.924
31	116	0.833	-862.924
31	117	0.833	-862.924
31	118	0.833	-862.924
31	119	0.833	-862.924
31	120	0.833	-862.924
31	121	0.833	-862.924
31	122	0.833	-862.924
31	123	0.833	-862.924
31	124	0.833	-862.924
31	125	0.833	-862.924
31	126	0.833	-862.924
31	127	0.833	-862.924
### SDC3-X2
#
32	0	0.833	-862.468
32	1	0.833	-862.468
32	2	0.833	-862.468
32	3	0.833	-862.468
32	4	0.833	-862.468
32	5	0.833	-862.468
32	6	0.833	-862.468
32	7	0.833	-862.468
32	8	0.833	-862.468
32	9	0.833	-862.468
32	10	0.833	-862.468
32	11	0.833	-862.468
32	12	0.833	-862.468
32	13	0.833	-862.468
32	14	0.833	-862.468
32	15	0.833	-862.468
32	16	0.833	-862.468
32	17	0.833	-862.468
32	18	0.833	-862.468
32	19	0.833	-862.468
32	20	0.833	-862.468
32	21	0.833	-862.468
32	22	0.833	-862.468
32	23	0.833	-862.468
32	24	0.833	-862.468
32	25	0.833	-862.468
32	26	0.833	-862.468
32	27	0.833	-862.468
32	28	0.833	-862.468
32	29	0.833	-862.468
32	30	0.833	-862.468
32	31	0.833	-862.468
32	32	0.833	-862.468
32	33	0.833	-862.468
32	34	0.833	-862.468
32	35	0.833	-862.468
32	36	0.833	-862.468
32	37	0.833	-862.468
32	38	0.833	-862.468
32	39	0.833	-862.468
32	40	0.833	-862.468
32	41	0.833	-862.468
32	42	0.833	-862.468
32	43	0.833	-862.468
32	44	0.833	-862.468
32	45	0.833	-862.468
32	46	0.833	-862.468
32	47	0.833	-862.468
32	48	0.833	-862.468
32	49	0.833	-862.468
32	50	0.833	-862.468
32	51	0.833	-862.468
32	52	0.833	-862.468
32	53	0.833	-862.468
32	54	0.833	-862.468
32	55	0.833	-862.468
32	56	0.833	-862.468
32	57	0.833	-862.468
32	58	0.833	-862.468
32	59	0.833	-862.468
32	60	0.833	-862.468
32	61	0.833	-862.468
32	62	0.833	-862.468
32	63	0.833	-862.468
32	64	0.833	-862.468
32	65	0.833	-862.468
32	66	0.833	-862.468
32	67	0.833	-862.468
32	68	0.833	-862.468
32	69	0.833	-862.468
32	70	0.833	-862.468
32	71	0.833	-862.468
32	72	0.833	-862.468
32	73	0.833	-862.468
32	74	0.833	-862.468
32	75	0.833	-862.468
32	76	0.833	-862.468
32	77	0.833	-862.468
32	78	0.833	-862.468
32	79	0.833	-862.468
32	80	0.833	-862.468
32	81	0.833	-862.468
32	82	0.833	-862.468
32	83	0.833	-862.468
32	84	0.833	-862.468
32	85	0.833	-862.468
32	86	0.833	-862.468
32	87	0.833	-862.468
32	88	0.833	-862.468
32	89	0.833	-862.468
32	90	0.833	-862.468
32	91	0.833	-862.468
32	92	0.833	-862.468
32	93	0.833	-862.468
32	94	0.833	-862.468
32	95	0.833	-862.468
32	96	0.833	-862.468
32	97	0.833	-862.468
32	98	0.833	-862.468
32	99	0.833	-862.468
32	100	0.833	-862.468
32	101	0.833	-862.468
32	102	0.833	-862.468
32	103	0.833	-862.468
32	104	0.833	-862.468
32	105	0.833	-862.468
32	106	0.833	-862.468
32	107	0.833	-862.468
32	108	0.833	-862.468
32	109	0.833	-862.468
32	110	0.833	-862.468
32	111	0.833	-862.468
32	112	0.833	-862.468
32	113	0.833	-862.468
32	114	0.833	-862.468
32	115	0.833	-862.468
32	116	0.833	-862.468
32	117	0.833	-862.468
32	118	0.833	-862.468
32	119	0.833	-862.468
32	120	0.833	-862.468
32	121	0.833	-862.468
32	122	0.833	-862.468
32	123	0.833	-862.468
32	124	0.833	-862.468
32	125	0.833	-862.468
32	126	0.833	-862.468
32	127	0.833	-862.468
### SDC3-Y1
#
33	0	0.833	-861.754
33	1	0.833	-861.754
33	2	0.833	-861.754
33	3	0.833	-861.754
33	4	0.833	-861.754
33	5	0.833	-861.754
33	6	0.833	-861.754
33	7	0.833	-861.754
33	8	0.833	-861.754
33	9	0.833	-861.754
33	10	0.833	-861.754
33	11	0.833	-861.754
33	12	0.833	-861.754
33	13	0.833	-861.754
33	14	0.833	-861.754
33	15	0.833	-861.754
33	16	0.833	-861.754
33	17	0.833	-861.754
33	18	0.833	-861.754
33	19	0.833	-861.754
33	20	0.833	-861.754
33	21	0.833	-861.754
33	22	0.833	-861.754
33	23	0.833	-861.754
33	24	0.833	-861.754
33	25	0.833	-861.754
33	26	0.833	-861.754
33	27	0.833	-861.754
33	28	0.833	-861.754
33	29	0.833	-861.754
33	30	0.833	-861.754
33	31	0.833	-861.754
33	32	0.833	-861.754
33	33	0.833	-861.754
33	34	0.833	-861.754
33	35	0.833	-861.754
33	36	0.833	-861.754
33	37	0.833	-861.754
33	38	0.833	-861.754
33	39	0.833	-861.754
33	40	0.833	-861.754
33	41	0.833	-861.754
33	42	0.833	-861.754
33	43	0.833	-861.754
33	44	0.833	-861.754
33	45	0.833	-861.754
33	46	0.833	-861.754
33	47	0.833	-861.754
33	48	0.833	-861.754
33	49	0.833	-861.754
33	50	0.833	-861.754
33	51	0.833	-861.754
33	52	0.833	-861.754
33	53	0.833	-861.754
33	54	0.833	-861.754
33	55	0.833	-861.754
33	56	0.833	-861.754
33	57	0.833	-861.754
33	58	0.833	-861.754
33	59	0.833	-861.754
33	60	0.833	-861.754
33	61	0.833	-861.754
33	62	0.833	-861.754
33	63	0.833	-861.754
33	64	0.833	-861.754
33	65	0.833	-861.754
33	66	0.833	-861.754
33	67	0.833	-861.754
33	68	0.833	-861.754
33	69	0.833	-861.754
33	70	0.833	-861.754
33	71	0.833	-861.754
33	72	0.833	-861.754
33	73	0.833	-861.754
33	74	0.833	-861.754
33	75	0.833	-861.754
33	76	0.833	-861.754
33	77	0.833	-861.754
33	78	0.833	-861.754
33	79	0.833	-861.754
33	80	0.833	-861.754
33	81	0.833	-861.754
33	82	0.833	-861.754
33	83	0.833	-861.754
33	84	0.833	-861.754
33	85	0.833	-861.754
33	86	0.833	-861.754
33	87	0.833	-861.754
33	88	0.833	-861.754
33	89	0.833	-861.754
33	90	0.833	-861.754
33	91	0.833	-861.754
33	92	0.833	-861.754
33	93	0.833	-861.754
33	94	0.833	-861.754
33	95	0.833	-861.754
33	96	0.833	-861.754
33	97	0.833	-861.754
33	98	0.833	-861.754
33	99	0.833	-861.754
33	100	0.833	-861.754
33	101	0.833	-861.754
33	102	0.833	-861.754
33	103	0.833	-861.754
33	104	0.833	-861.754
33	105	0.833	-861.754
33	106	0.833	-861.754
33	107	0.833	-861.754
33	108	0.833	-861.754
33	109	0.833	-861.754
33	110	0.833	-861.754
33	111	0.833	-861.754
33	112	0.833	-861.754
33	113	0.833	-861.754
33	114	0.833	-861.754
33	115	0.833	-861.754
33	116	0.833	-861.754
33	117	0.833	-861.754
33	118	0.833	-861.754
33	119	0.833	-861.754
33	120	0.833	-861.754
33	121	0.833	-861.754
33	122	0.833	-861.754
33	123	0.833	-861.754
33	124	0.833	-861.754
33	125	0.833	-861.754
33	126	0.833	-861.754
33	127	0.833	-861.754
### SDC3-Y2
#
34	0	0.833	-861.691
34	1	0.833	-861.691
34	2	0.833	-861.691
34	3	0.833	-861.691
34	4	0.833	-861.691
34	5	0.833	-861.691
34	6	0.833	-861.691
34	7	0.833	-861.691
34	8	0.833	-861.691
34	9	0.833	-861.691
34	10	0.833	-861.691
34	11	0.833	-861.691
34	12	0.833	-861.691
34	13	0.833	-861.691
34	14	0.833	-861.691
34	15	0.833	-861.691
34	16	0.833	-861.691
34	17	0.833	-861.691
34	18	0.833	-861.691
34	19	0.833	-861.691
34	20	0.833	-861.691
34	21	0.833	-861.691
34	22	0.833	-861.691
34	23	0.833	-861.691
34	24	0.833	-861.691
34	25	0.833	-861.691
34	26	0.833	-861.691
34	27	0.833	-861.691
34	28	0.833	-861.691
34	29	0.833	-861.691
34	30	0.833	-861.691
34	31	0.833	-861.691
34	32	0.833	-861.691
34	33	0.833	-861.691
34	34	0.833	-861.691
34	35	0.833	-861.691
34	36	0.833	-861.691
34	37	0.833	-861.691
34	38	0.833	-861.691
34	39	0.833	-861.691
34	40	0.833	-861.691
34	41	0.833	-861.691
34	42	0.833	-861.691
34	43	0.833	-861.691
34	44	0.833	-861.691
34	45	0.833	-861.691
34	46	0.833	-861.691
34	47	0.833	-861.691
34	48	0.833	-861.691
34	49	0.833	-861.691
34	50	0.833	-861.691
34	51	0.833	-861.691
34	52	0.833	-861.691
34	53	0.833	-861.691
34	54	0.833	-861.691
34	55	0.833	-861.691
34	56	0.833	-861.691
34	57	0.833	-861.691
34	58	0.833	-861.691
34	59	0.833	-861.691
34	60	0.833	-861.691
34	61	0.833	-861.691
34	62	0.833	-861.691
34	63	0.833	-861.691
34	64	0.833	-861.691
34	65	0.833	-861.691
34	66	0.833	-861.691
34	67	0.833	-861.691
34	68	0.833	-861.691
34	69	0.833	-861.691
34	70	0.833	-861.691
34	71	0.833	-861.691
34	72	0.833	-861.691
34	73	0.833	-861.691
34	74	0.833	-861.691
34	75	0.833	-861.691
34	76	0.833	-861.691
34	77	0.833	-861.691
34	78	0.833	-861.691
34	79	0.833	-861.691
34	80	0.833	-861.691
34	81	0.833	-861.691
34	82	0.833	-861.691
34	83	0.833	-861.691
34	84	0.833	-861.691
34	85	0.833	-861.691
34	86	0.833	-861.691
34	87	0.833	-861.691
34	88	0.833	-861.691
34	89	0.833	-861.691
34	90	0.833	-861.691
34	91	0.833	-861.691
34	92	0.833	-861.691
34	93	0.833	-861.691
34	94	0.833	-861.691
34	95	0.833	-861.691
34	96	0.833	-861.691
34	97	0.833	-861.691
34	98	0.833	-861.691
34	99	0.833	-861.691
34	100	0.833	-861.691
34	101	0.833	-861.691
34	102	0.833	-861.691
34	103	0.833	-861.691
34	104	0.833	-861.691
34	105	0.833	-861.691
34	106	0.833	-861.691
34	107	0.833	-861.691
34	108	0.833	-861.691
34	109	0.833	-861.691
34	110	0.833	-861.691
34	111	0.833	-861.691
34	112	0.833	-861.691
34	113	0.833	-861.691
34	114	0.833	-861.691
34	115	0.833	-861.691
34	116	0.833	-861.691
34	117	0.833	-861.691
34	118	0.833	-861.691
34	119	0.833	-861.691
34	120	0.833	-861.691
34	121	0.833	-861.691
34	122	0.833	-861.691
34	123	0.833	-861.691
34	124	0.833	-861.691
34	125	0.833	-861.691
34	126	0.833	-861.691
34	127	0.833	-861.691
### SDC4-Y1
#
35	0	0.833	-860.178
35	1	0.833	-860.178
35	2	0.833	-860.178
35	3	0.833	-860.178
35	4	0.833	-860.178
35	5	0.833	-860.178
35	6	0.833	-860.178
35	7	0.833	-860.178
35	8	0.833	-860.178
35	9	0.833	-860.178
35	10	0.833	-860.178
35	11	0.833	-860.178
35	12	0.833	-860.178
35	13	0.833	-860.178
35	14	0.833	-860.178
35	15	0.833	-860.178
35	16	0.833	-860.178
35	17	0.833	-860.178
35	18	0.833	-860.178
35	19	0.833	-860.178
35	20	0.833	-860.178
35	21	0.833	-860.178
35	22	0.833	-860.178
35	23	0.833	-860.178
35	24	0.833	-860.178
35	25	0.833	-860.178
35	26	0.833	-860.178
35	27	0.833	-860.178
35	28	0.833	-860.178
35	29	0.833	-860.178
35	30	0.833	-860.178
35	31	0.833	-860.178
35	32	0.833	-860.178
35	33	0.833	-860.178
35	34	0.833	-860.178
35	35	0.833	-860.178
35	36	0.833	-860.178
35	37	0.833	-860.178
35	38	0.833	-860.178
35	39	0.833	-860.178
35	40	0.833	-860.178
35	41	0.833	-860.178
35	42	0.833	-860.178
35	43	0.833	-860.178
35	44	0.833	-860.178
35	45	0.833	-860.178
35	46	0.833	-860.178
35	47	0.833	-860.178
35	48	0.833	-860.178
35	49	0.833	-860.178
35	50	0.833	-860.178
35	51	0.833	-860.178
35	52	0.833	-860.178
35	53	0.833	-860.178
35	54	0.833	-860.178
35	55	0.833	-860.178
35	56	0.833	-860.178
35	57	0.833	-860.178
35	58	0.833	-860.178
35	59	0.833	-860.178
35	60	0.833	-860.178
35	61	0.833	-860.178
35	62	0.833	-860.178
35	63	0.833	-860.178
35	64	0.833	-860.178
35	65	0.833	-860.178
35	66	0.833	-860.178
35	67	0.833	-860.178
35	68	0.833	-860.178
35	69	0.833	-860.178
35	70	0.833	-860.178
35	71	0.833	-860.178
35	72	0.833	-860.178
35	73	0.833	-860.178
35	74	0.833	-860.178
35	75	0.833	-860.178
35	76	0.833	-860.178
35	77	0.833	-860.178
35	78	0.833	-860.178
35	79	0.833	-860.178
35	80	0.833	-860.178
35	81	0.833	-860.178
35	82	0.833	-860.178
35	83	0.833	-860.178
35	84	0.833	-860.178
35	85	0.833	-860.178
35	86	0.833	-860.178
35	87	0.833	-860.178
35	88	0.833	-860.178
35	89	0.833	-860.178
35	90	0.833	-860.178
35	91	0.833	-860.178
35	92	0.833	-860.178
35	93	0.833	-860.178
35	94	0.833	-860.178
35	95	0.833	-860.178
35	96	0.833	-860.178
35	97	0.833	-860.178
35	98	0.833	-860.178
35	99	0.833	-860.178
35	100	0.833	-860.178
35	101	0.833	-860.178
35	102	0.833	-860.178
35	103	0.833	-860.178
35	104	0.833	-860.178
35	105	0.833	-860.178
35	106	0.833	-860.178
35	107	0.833	-860.178
35	108	0.833	-860.178
35	109	0.833	-860.178
35	110	0.833	-860.178
35	111	0.833	-860.178
35	112	0.833	-860.178
35	113	0.833	-860.178
35	114	0.833	-860.178
35	115	0.833	-860.178
35	116	0.833	-860.178
35	117	0.833	-860.178
35	118	0.833	-860.178
35	119	0.833	-860.178
35	120	0.833	-860.178
35	121	0.833	-860.178
35	122	0.833	-860.178
35	123	0.833	-860.178
35	124	0.833	-860.178
35	125	0.833	-860.178
35	126	0.833	-860.178
35	127	0.833	-860.178
### SDC4-Y2
#
36	0	0.833	-861.064
36	1	0.833	-861.064
36	2	0.833	-861.064
36	3	0.833	-861.064
36	4	0.833	-861.064
36	5	0.833	-861.064
36	6	0.833	-861.064
36	7	0.833	-861.064
36	8	0.833	-861.064
36	9	0.833	-861.064
36	10	0.833	-861.064
36	11	0.833	-861.064
36	12	0.833	-861.064
36	13	0.833	-861.064
36	14	0.833	-861.064
36	15	0.833	-861.064
36	16	0.833	-861.064
36	17	0.833	-861.064
36	18	0.833	-861.064
36	19	0.833	-861.064
36	20	0.833	-861.064
36	21	0.833	-861.064
36	22	0.833	-861.064
36	23	0.833	-861.064
36	24	0.833	-861.064
36	25	0.833	-861.064
36	26	0.833	-861.064
36	27	0.833	-861.064
36	28	0.833	-861.064
36	29	0.833	-861.064
36	30	0.833	-861.064
36	31	0.833	-861.064
36	32	0.833	-861.064
36	33	0.833	-861.064
36	34	0.833	-861.064
36	35	0.833	-861.064
36	36	0.833	-861.064
36	37	0.833	-861.064
36	38	0.833	-861.064
36	39	0.833	-861.064
36	40	0.833	-861.064
36	41	0.833	-861.064
36	42	0.833	-861.064
36	43	0.833	-861.064
36	44	0.833	-861.064
36	45	0.833	-861.064
36	46	0.833	-861.064
36	47	0.833	-861.064
36	48	0.833	-861.064
36	49	0.833	-861.064
36	50	0.833	-861.064
36	51	0.833	-861.064
36	52	0.833	-861.064
36	53	0.833	-861.064
36	54	0.833	-861.064
36	55	0.833	-861.064
36	56	0.833	-861.064
36	57	0.833	-861.064
36	58	0.833	-861.064
36	59	0.833	-861.064
36	60	0.833	-861.064
36	61	0.833	-861.064
36	62	0.833	-861.064
36	63	0.833	-861.064
36	64	0.833	-861.064
36	65	0.833	-861.064
36	66	0.833	-861.064
36	67	0.833	-861.064
36	68	0.833	-861.064
36	69	0.833	-861.064
36	70	0.833	-861.064
36	71	0.833	-861.064
36	72	0.833	-861.064
36	73	0.833	-861.064
36	74	0.833	-861.064
36	75	0.833	-861.064
36	76	0.833	-861.064
36	77	0.833	-861.064
36	78	0.833	-861.064
36	79	0.833	-861.064
36	80	0.833	-861.064
36	81	0.833	-861.064
36	82	0.833	-861.064
36	83	0.833	-861.064
36	84	0.833	-861.064
36	85	0.833	-861.064
36	86	0.833	-861.064
36	87	0.833	-861.064
36	88	0.833	-861.064
36	89	0.833	-861.064
36	90	0.833	-861.064
36	91	0.833	-861.064
36	92	0.833	-861.064
36	93	0.833	-861.064
36	94	0.833	-861.064
36	95	0.833	-861.064
36	96	0.833	-861.064
36	97	0.833	-861.064
36	98	0.833	-861.064
36	99	0.833	-861.064
36	100	0.833	-861.064
36	101	0.833	-861.064
36	102	0.833	-861.064
36	103	0.833	-861.064
36	104	0.833	-861.064
36	105	0.833	-861.064
36	106	0.833	-861.064
36	107	0.833	-861.064
36	108	0.833	-861.064
36	109	0.833	-861.064
36	110	0.833	-861.064
36	111	0.833	-861.064
36	112	0.833	-861.064
36	113	0.833	-861.064
36	114	0.833	-861.064
36	115	0.833	-861.064
36	116	0.833	-861.064
36	117	0.833	-861.064
36	118	0.833	-861.064
36	119	0.833	-861.064
36	120	0.833	-861.064
36	121	0.833	-861.064
36	122	0.833	-861.064
36	123	0.833	-861.064
36	124	0.833	-861.064
36	125	0.833	-861.064
36	126	0.833	-861.064
36	127	0.833	-861.064
### SDC4-X1
#
37	0	0.833	-859.810
37	1	0.833	-859.810
37	2	0.833	-859.810
37	3	0.833	-859.810
37	4	0.833	-859.810
37	5	0.833	-859.810
37	6	0.833	-859.810
37	7	0.833	-859.810
37	8	0.833	-859.810
37	9	0.833	-859.810
37	10	0.833	-859.810
37	11	0.833	-859.810
37	12	0.833	-859.810
37	13	0.833	-859.810
37	14	0.833	-859.810
37	15	0.833	-859.810
37	16	0.833	-859.810
37	17	0.833	-859.810
37	18	0.833	-859.810
37	19	0.833	-859.810
37	20	0.833	-859.810
37	21	0.833	-859.810
37	22	0.833	-859.810
37	23	0.833	-859.810
37	24	0.833	-859.810
37	25	0.833	-859.810
37	26	0.833	-859.810
37	27	0.833	-859.810
37	28	0.833	-859.810
37	29	0.833	-859.810
37	30	0.833	-859.810
37	31	0.833	-859.810
37	32	0.833	-859.810
37	33	0.833	-859.810
37	34	0.833	-859.810
37	35	0.833	-859.810
37	36	0.833	-859.810
37	37	0.833	-859.810
37	38	0.833	-859.810
37	39	0.833	-859.810
37	40	0.833	-859.810
37	41	0.833	-859.810
37	42	0.833	-859.810
37	43	0.833	-859.810
37	44	0.833	-859.810
37	45	0.833	-859.810
37	46	0.833	-859.810
37	47	0.833	-859.810
37	48	0.833	-859.810
37	49	0.833	-859.810
37	50	0.833	-859.810
37	51	0.833	-859.810
37	52	0.833	-859.810
37	53	0.833	-859.810
37	54	0.833	-859.810
37	55	0.833	-859.810
37	56	0.833	-859.810
37	57	0.833	-859.810
37	58	0.833	-859.810
37	59	0.833	-859.810
37	60	0.833	-859.810
37	61	0.833	-859.810
37	62	0.833	-859.810
37	63	0.833	-859.810
37	64	0.833	-859.810
37	65	0.833	-859.810
37	66	0.833	-859.810
37	67	0.833	-859.810
37	68	0.833	-859.810
37	69	0.833	-859.810
37	70	0.833	-859.810
37	71	0.833	-859.810
37	72	0.833	-859.810
37	73	0.833	-859.810
37	74	0.833	-859.810
37	75	0.833	-859.810
37	76	0.833	-859.810
37	77	0.833	-859.810
37	78	0.833	-859.810
37	79	0.833	-859.810
37	80	0.833	-859.810
37	81	0.833	-859.810
37	82	0.833	-859.810
37	83	0.833	-859.810
37	84	0.833	-859.810
37	85	0.833	-859.810
37	86	0.833	-859.810
37	87	0.833	-859.810
37	88	0.833	-859.810
37	89	0.833	-859.810
37	90	0.833	-859.810
37	91	0.833	-859.810
37	92	0.833	-859.810
37	93	0.833	-859.810
37	94	0.833	-859.810
37	95	0.833	-859.810
37	96	0.833	-859.810
37	97	0.833	-859.810
37	98	0.833	-859.810
37	99	0.833	-859.810
37	100	0.833	-859.810
37	101	0.833	-859.810
37	102	0.833	-859.810
37	103	0.833	-859.810
37	104	0.833	-859.810
37	105	0.833	-859.810
37	106	0.833	-859.810
37	107	0.833	-859.810
37	108	0.833	-859.810
37	109	0.833	-859.810
37	110	0.833	-859.810
37	111	0.833	-859.810
37	112	0.833	-859.810
37	113	0.833	-859.810
37	114	0.833	-859.810
37	115	0.833	-859.810
37	116	0.833	-859.810
37	117	0.833	-859.810
37	118	0.833	-859.810
37	119	0.833	-859.810
37	120	0.833	-859.810
37	121	0.833	-859.810
37	122	0.833	-859.810
37	123	0.833	-859.810
37	124	0.833	-859.810
37	125	0.833	-859.810
37	126	0.833	-859.810
37	127	0.833	-859.810
### SDC4-X2
#
38	0	0.833	-858.881
38	1	0.833	-858.881
38	2	0.833	-858.881
38	3	0.833	-858.881
38	4	0.833	-858.881
38	5	0.833	-858.881
38	6	0.833	-858.881
38	7	0.833	-858.881
38	8	0.833	-858.881
38	9	0.833	-858.881
38	10	0.833	-858.881
38	11	0.833	-858.881
38	12	0.833	-858.881
38	13	0.833	-858.881
38	14	0.833	-858.881
38	15	0.833	-858.881
38	16	0.833	-858.881
38	17	0.833	-858.881
38	18	0.833	-858.881
38	19	0.833	-858.881
38	20	0.833	-858.881
38	21	0.833	-858.881
38	22	0.833	-858.881
38	23	0.833	-858.881
38	24	0.833	-858.881
38	25	0.833	-858.881
38	26	0.833	-858.881
38	27	0.833	-858.881
38	28	0.833	-858.881
38	29	0.833	-858.881
38	30	0.833	-858.881
38	31	0.833	-858.881
38	32	0.833	-858.881
38	33	0.833	-858.881
38	34	0.833	-858.881
38	35	0.833	-858.881
38	36	0.833	-858.881
38	37	0.833	-858.881
38	38	0.833	-858.881
38	39	0.833	-858.881
38	40	0.833	-858.881
38	41	0.833	-858.881
38	42	0.833	-858.881
38	43	0.833	-858.881
38	44	0.833	-858.881
38	45	0.833	-858.881
38	46	0.833	-858.881
38	47	0.833	-858.881
38	48	0.833	-858.881
38	49	0.833	-858.881
38	50	0.833	-858.881
38	51	0.833	-858.881
38	52	0.833	-858.881
38	53	0.833	-858.881
38	54	0.833	-858.881
38	55	0.833	-858.881
38	56	0.833	-858.881
38	57	0.833	-858.881
38	58	0.833	-858.881
38	59	0.833	-858.881
38	60	0.833	-858.881
38	61	0.833	-858.881
38	62	0.833	-858.881
38	63	0.833	-858.881
38	64	0.833	-858.881
38	65	0.833	-858.881
38	66	0.833	-858.881
38	67	0.833	-858.881
38	68	0.833	-858.881
38	69	0.833	-858.881
38	70	0.833	-858.881
38	71	0.833	-858.881
38	72	0.833	-858.881
38	73	0.833	-858.881
38	74	0.833	-858.881
38	75	0.833	-858.881
38	76	0.833	-858.881
38	77	0.833	-858.881
38	78	0.833	-858.881
38	79	0.833	-858.881
38	80	0.833	-858.881
38	81	0.833	-858.881
38	82	0.833	-858.881
38	83	0.833	-858.881
38	84	0.833	-858.881
38	85	0.833	-858.881
38	86	0.833	-858.881
38	87	0.833	-858.881
38	88	0.833	-858.881
38	89	0.833	-858.881
38	90	0.833	-858.881
38	91	0.833	-858.881
38	92	0.833	-858.881
38	93	0.833	-858.881
38	94	0.833	-858.881
38	95	0.833	-858.881
38	96	0.833	-858.881
38	97	0.833	-858.881
38	98	0.833	-858.881
38	99	0.833	-858.881
38	100	0.833	-858.881
38	101	0.833	-858.881
38	102	0.833	-858.881
38	103	0.833	-858.881
38	104	0.833	-858.881
38	105	0.833	-858.881
38	106	0.833	-858.881
38	107	0.833	-858.881
38	108	0.833	-858.881
38	109	0.833	-858.881
38	110	0.833	-858.881
38	111	0.833	-858.881
38	112	0.833	-858.881
38	113	0.833	-858.881
38	114	0.833	-858.881
38	115	0.833	-858.881
38	116	0.833	-858.881
38	117	0.833	-858.881
38	118	0.833	-858.881
38	119	0.833	-858.881
38	120	0.833	-858.881
38	121	0.833	-858.881
38	122	0.833	-858.881
38	123	0.833	-858.881
38	124	0.833	-858.881
38	125	0.833	-858.881
38	126	0.833	-858.881
38	127	0.833	-858.881
### SDC5-Y1
#
39	0	0.833	-860.229
39	1	0.833	-860.229
39	2	0.833	-860.229
39	3	0.833	-860.229
39	4	0.833	-860.229
39	5	0.833	-860.229
39	6	0.833	-860.229
39	7	0.833	-860.229
39	8	0.833	-860.229
39	9	0.833	-860.229
39	10	0.833	-860.229
39	11	0.833	-860.229
39	12	0.833	-860.229
39	13	0.833	-860.229
39	14	0.833	-860.229
39	15	0.833	-860.229
39	16	0.833	-860.229
39	17	0.833	-860.229
39	18	0.833	-860.229
39	19	0.833	-860.229
39	20	0.833	-860.229
39	21	0.833	-860.229
39	22	0.833	-860.229
39	23	0.833	-860.229
39	24	0.833	-860.229
39	25	0.833	-860.229
39	26	0.833	-860.229
39	27	0.833	-860.229
39	28	0.833	-860.229
39	29	0.833	-860.229
39	30	0.833	-860.229
39	31	0.833	-860.229
39	32	0.833	-860.229
39	33	0.833	-860.229
39	34	0.833	-860.229
39	35	0.833	-860.229
39	36	0.833	-860.229
39	37	0.833	-860.229
39	38	0.833	-860.229
39	39	0.833	-860.229
39	40	0.833	-860.229
39	41	0.833	-860.229
39	42	0.833	-860.229
39	43	0.833	-860.229
39	44	0.833	-860.229
39	45	0.833	-860.229
39	46	0.833	-860.229
39	47	0.833	-860.229
39	48	0.833	-860.229
39	49	0.833	-860.229
39	50	0.833	-860.229
39	51	0.833	-860.229
39	52	0.833	-860.229
39	53	0.833	-860.229
39	54	0.833	-860.229
39	55	0.833	-860.229
39	56	0.833	-860.229
39	57	0.833	-860.229
39	58	0.833	-860.229
39	59	0.833	-860.229
39	60	0.833	-860.229
39	61	0.833	-860.229
39	62	0.833	-860.229
39	63	0.833	-860.229
39	64	0.833	-860.229
39	65	0.833	-860.229
39	66	0.833	-860.229
39	67	0.833	-860.229
39	68	0.833	-860.229
39	69	0.833	-860.229
39	70	0.833	-860.229
39	71	0.833	-860.229
39	72	0.833	-860.229
39	73	0.833	-860.229
39	74	0.833	-860.229
39	75	0.833	-860.229
39	76	0.833	-860.229
39	77	0.833	-860.229
39	78	0.833	-860.229
39	79	0.833	-860.229
39	80	0.833	-860.229
39	81	0.833	-860.229
39	82	0.833	-860.229
39	83	0.833	-860.229
39	84	0.833	-860.229
39	85	0.833	-860.229
39	86	0.833	-860.229
39	87	0.833	-860.229
39	88	0.833	-860.229
39	89	0.833	-860.229
39	90	0.833	-860.229
39	91	0.833	-860.229
39	92	0.833	-860.229
39	93	0.833	-860.229
39	94	0.833	-860.229
39	95	0.833	-860.229
### SDC5-Y2
#
40	0	0.833	-856.978
40	1	0.833	-856.978
40	2	0.833	-856.978
40	3	0.833	-856.978
40	4	0.833	-856.978
40	5	0.833	-856.978
40	6	0.833	-856.978
40	7	0.833	-856.978
40	8	0.833	-856.978
40	9	0.833	-856.978
40	10	0.833	-856.978
40	11	0.833	-856.978
40	12	0.833	-856.978
40	13	0.833	-856.978
40	14	0.833	-856.978
40	15	0.833	-856.978
40	16	0.833	-856.978
40	17	0.833	-856.978
40	18	0.833	-856.978
40	19	0.833	-856.978
40	20	0.833	-856.978
40	21	0.833	-856.978
40	22	0.833	-856.978
40	23	0.833	-856.978
40	24	0.833	-856.978
40	25	0.833	-856.978
40	26	0.833	-856.978
40	27	0.833	-856.978
40	28	0.833	-856.978
40	29	0.833	-856.978
40	30	0.833	-856.978
40	31	0.833	-856.978
40	32	0.833	-856.978
40	33	0.833	-856.978
40	34	0.833	-856.978
40	35	0.833	-856.978
40	36	0.833	-856.978
40	37	0.833	-856.978
40	38	0.833	-856.978
40	39	0.833	-856.978
40	40	0.833	-856.978
40	41	0.833	-856.978
40	42	0.833	-856.978
40	43	0.833	-856.978
40	44	0.833	-856.978
40	45	0.833	-856.978
40	46	0.833	-856.978
40	47	0.833	-856.978
40	48	0.833	-856.978
40	49	0.833	-856.978
40	50	0.833	-856.978
40	51	0.833	-856.978
40	52	0.833	-856.978
40	53	0.833	-856.978
40	54	0.833	-856.978
40	55	0.833	-856.978
40	56	0.833	-856.978
40	57	0.833	-856.978
40	58	0.833	-856.978
40	59	0.833	-856.978
40	60	0.833	-856.978
40	61	0.833	-856.978
40	62	0.833	-856.978
40	63	0.833	-856.978
40	64	0.833	-856.978
40	65	0.833	-856.978
40	66	0.833	-856.978
40	67	0.833	-856.978
40	68	0.833	-856.978
40	69	0.833	-856.978
40	70	0.833	-856.978
40	71	0.833	-856.978
40	72	0.833	-856.978
40	73	0.833	-856.978
40	74	0.833	-856.978
40	75	0.833	-856.978
40	76	0.833	-856.978
40	77	0.833	-856.978
40	78	0.833	-856.978
40	79	0.833	-856.978
40	80	0.833	-856.978
40	81	0.833	-856.978
40	82	0.833	-856.978
40	83	0.833	-856.978
40	84	0.833	-856.978
40	85	0.833	-856.978
40	86	0.833	-856.978
40	87	0.833	-856.978
40	88	0.833	-856.978
40	89	0.833	-856.978
40	90	0.833	-856.978
40	91	0.833	-856.978
40	92	0.833	-856.978
40	93	0.833	-856.978
40	94	0.833	-856.978
40	95	0.833	-856.978
### SDC5-X1
#
41	0	0.833	-859.984
41	1	0.833	-859.984
41	2	0.833	-859.984
41	3	0.833	-859.984
41	4	0.833	-859.984
41	5	0.833	-859.984
41	6	0.833	-859.984
41	7	0.833	-859.984
41	8	0.833	-859.984
41	9	0.833	-859.984
41	10	0.833	-859.984
41	11	0.833	-859.984
41	12	0.833	-859.984
41	13	0.833	-859.984
41	14	0.833	-859.984
41	15	0.833	-859.984
41	16	0.833	-859.984
41	17	0.833	-859.984
41	18	0.833	-859.984
41	19	0.833	-859.984
41	20	0.833	-859.984
41	21	0.833	-859.984
41	22	0.833	-859.984
41	23	0.833	-859.984
41	24	0.833	-859.984
41	25	0.833	-859.984
41	26	0.833	-859.984
41	27	0.833	-859.984
41	28	0.833	-859.984
41	29	0.833	-859.984
41	30	0.833	-859.984
41	31	0.833	-859.984
41	32	0.833	-859.984
41	33	0.833	-859.984
41	34	0.833	-859.984
41	35	0.833	-859.984
41	36	0.833	-859.984
41	37	0.833	-859.984
41	38	0.833	-859.984
41	39	0.833	-859.984
41	40	0.833	-859.984
41	41	0.833	-859.984
41	42	0.833	-859.984
41	43	0.833	-859.984
41	44	0.833	-859.984
41	45	0.833	-859.984
41	46	0.833	-859.984
41	47	0.833	-859.984
41	48	0.833	-859.984
41	49	0.833	-859.984
41	50	0.833	-859.984
41	51	0.833	-859.984
41	52	0.833	-859.984
41	53	0.833	-859.984
41	54	0.833	-859.984
41	55	0.833	-859.984
41	56	0.833	-859.984
41	57	0.833	-859.984
41	58	0.833	-859.984
41	59	0.833	-859.984
41	60	0.833	-859.984
41	61	0.833	-859.984
41	62	0.833	-859.984
41	63	0.833	-859.984
41	64	0.833	-859.984
41	65	0.833	-859.984
41	66	0.833	-859.984
41	67	0.833	-859.984
41	68	0.833	-859.984
41	69	0.833	-859.984
41	70	0.833	-859.984
41	71	0.833	-859.984
41	72	0.833	-859.984
41	73	0.833	-859.984
41	74	0.833	-859.984
41	75	0.833	-859.984
41	76	0.833	-859.984
41	77	0.833	-859.984
41	78	0.833	-859.984
41	79	0.833	-859.984
41	80	0.833	-859.984
41	81	0.833	-859.984
41	82	0.833	-859.984
41	83	0.833	-859.984
41	84	0.833	-859.984
41	85	0.833	-859.984
41	86	0.833	-859.984
41	87	0.833	-859.984
41	88	0.833	-859.984
41	89	0.833	-859.984
41	90	0.833	-859.984
41	91	0.833	-859.984
41	92	0.833	-859.984
41	93	0.833	-859.984
41	94	0.833	-859.984
41	95	0.833	-859.984
41	96	0.833	-859.984
41	97	0.833	-859.984
41	98	0.833	-859.984
41	99	0.833	-859.984
41	100	0.833	-859.984
41	101	0.833	-859.984
41	102	0.833	-859.984
41	103	0.833	-859.984
41	104	0.833	-859.984
41	105	0.833	-859.984
41	106	0.833	-859.984
41	107	0.833	-859.984
41	108	0.833	-859.984
41	109	0.833	-859.984
41	110	0.833	-859.984
41	111	0.833	-859.984
41	112	0.833	-859.984
41	113	0.833	-859.984
41	114	0.833	-859.984
41	115	0.833	-859.984
41	116	0.833	-859.984
41	117	0.833	-859.984
41	118	0.833	-859.984
41	119	0.833	-859.984
41	120	0.833	-859.984
41	121	0.833	-859.984
41	122	0.833	-859.984
41	123	0.833	-859.984
41	124	0.833	-859.984
41	125	0.833	-859.984
41	126	0.833	-859.984
41	127	0.833	-859.984
### SDC5-X2
#
42	0	0.833	-860.843
42	1	0.833	-860.843
42	2	0.833	-860.843
42	3	0.833	-860.843
42	4	0.833	-860.843
42	5	0.833	-860.843
42	6	0.833	-860.843
42	7	0.833	-860.843
42	8	0.833	-860.843
42	9	0.833	-860.843
42	10	0.833	-860.843
42	11	0.833	-860.843
42	12	0.833	-860.843
42	13	0.833	-860.843
42	14	0.833	-860.843
42	15	0.833	-860.843
42	16	0.833	-860.843
42	17	0.833	-860.843
42	18	0.833	-860.843
42	19	0.833	-860.843
42	20	0.833	-860.843
42	21	0.833	-860.843
42	22	0.833	-860.843
42	23	0.833	-860.843
42	24	0.833	-860.843
42	25	0.833	-860.843
42	26	0.833	-860.843
42	27	0.833	-860.843
42	28	0.833	-860.843
42	29	0.833	-860.843
42	30	0.833	-860.843
42	31	0.833	-860.843
42	32	0.833	-860.843
42	33	0.833	-860.843
42	34	0.833	-860.843
42	35	0.833	-860.843
42	36	0.833	-860.843
42	37	0.833	-860.843
42	38	0.833	-860.843
42	39	0.833	-860.843
42	40	0.833	-860.843
42	41	0.833	-860.843
42	42	0.833	-860.843
42	43	0.833	-860.843
42	44	0.833	-860.843
42	45	0.833	-860.843
42	46	0.833	-860.843
42	47	0.833	-860.843
42	48	0.833	-860.843
42	49	0.833	-860.843
42	50	0.833	-860.843
42	51	0.833	-860.843
42	52	0.833	-860.843
42	53	0.833	-860.843
42	54	0.833	-860.843
42	55	0.833	-860.843
42	56	0.833	-860.843
42	57	0.833	-860.843
42	58	0.833	-860.843
42	59	0.833	-860.843
42	60	0.833	-860.843
42	61	0.833	-860.843
42	62	0.833	-860.843
42	63	0.833	-860.843
42	64	0.833	-860.843
42	65	0.833	-860.843
42	66	0.833	-860.843
42	67	0.833	-860.843
42	68	0.833	-860.843
42	69	0.833	-860.843
42	70	0.833	-860.843
42	71	0.833	-860.843
42	72	0.833	-860.843
42	73	0.833	-860.843
42	74	0.833	-860.843
42	75	0.833	-860.843
42	76	0.833	-860.843
42	77	0.833	-860.843
42	78	0.833	-860.843
42	79	0.833	-860.843
42	80	0.833	-860.843
42	81	0.833	-860.843
42	82	0.833	-860.843
42	83	0.833	-860.843
42	84	0.833	-860.843
42	85	0.833	-860.843
42	86	0.833	-860.843
42	87	0.833	-860.843
42	88	0.833	-860.843
42	89	0.833	-860.843
42	90	0.833	-860.843
42	91	0.833	-860.843
42	92	0.833	-860.843
42	93	0.833	-860.843
42	94	0.833	-860.843
42	95	0.833	-860.843
42	96	0.833	-860.843
42	97	0.833	-860.843
42	98	0.833	-860.843
42	99	0.833	-860.843
42	100	0.833	-860.843
42	101	0.833	-860.843
42	102	0.833	-860.843
42	103	0.833	-860.843
42	104	0.833	-860.843
42	105	0.833	-860.843
42	106	0.833	-860.843
42	107	0.833	-860.843
42	108	0.833	-860.843
42	109	0.833	-860.843
42	110	0.833	-860.843
42	111	0.833	-860.843
42	112	0.833	-860.843
42	113	0.833	-860.843
42	114	0.833	-860.843
42	115	0.833	-860.843
42	116	0.833	-860.843
42	117	0.833	-860.843
42	118	0.833	-860.843
42	119	0.833	-860.843
42	120	0.833	-860.843
42	121	0.833	-860.843
42	122	0.833	-860.843
42	123	0.833	-860.843
42	124	0.833	-860.843
42	125	0.833	-860.843
42	126	0.833	-860.843
42	127	0.833	-860.843
