##
#  file: DCTdcCalib_0
#  date: 2017.01.18
#  note: first version
#
#
#######################################################################
# Id	WireId	p1	p0
#
### BC3-X1
113	1	1.00	-347.000
113	2	1.00	-347.000
113	3	1.00	-347.000
113	4	1.00	-347.000
113	5	1.00	-347.000
113	6	1.00	-347.000
113	7	1.00	-347.000
113	8	1.00	-347.000
113	9	1.00	-347.000
113	10	1.00	-347.000
113	11	1.00	-347.000
113	12	1.00	-347.000
113	13	1.00	-347.000
113	14	1.00	-347.000
113	15	1.00	-347.000
113	16	1.00	-347.000
113	17	1.00	-347.000
113	18	1.00	-347.000
113	19	1.00	-347.000
113	20	1.00	-347.000
113	21	1.00	-347.000
113	22	1.00	-347.000
113	23	1.00	-347.000
113	24	1.00	-347.000
113	25	1.00	-347.000
113	26	1.00	-347.000
113	27	1.00	-347.000
113	28	1.00	-347.000
113	29	1.00	-347.000
113	30	1.00	-347.000
113	31	1.00	-347.000
113	32	1.00	-347.000
113	33	1.00	-347.000
113	34	1.00	-347.000
113	35	1.00	-347.000
113	36	1.00	-347.000
113	37	1.00	-347.000
113	38	1.00	-347.000
113	39	1.00	-347.000
113	40	1.00	-347.000
113	41	1.00	-347.000
113	42	1.00	-347.000
113	43	1.00	-347.000
113	44	1.00	-347.000
113	45	1.00	-347.000
113	46	1.00	-347.000
113	47	1.00	-347.000
113	48	1.00	-347.000
113	49	1.00	-347.000
113	50	1.00	-347.000
113	51	1.00	-347.000
113	52	1.00	-347.000
113	53	1.00	-347.000
113	54	1.00	-347.000
113	55	1.00	-347.000
113	56	1.00	-347.000
113	57	1.00	-347.000
113	58	1.00	-347.000
113	59	1.00	-347.000
113	60	1.00	-347.000
113	61	1.00	-347.000
113	62	1.00	-347.000
113	63	1.00	-347.000
113	64	1.00	-347.000
#
### BC3-X2
114	1	1.00	-345.000
114	2	1.00	-345.000
114	3	1.00	-345.000
114	4	1.00	-345.000
114	5	1.00	-345.000
114	6	1.00	-345.000
114	7	1.00	-345.000
114	8	1.00	-345.000
114	9	1.00	-345.000
114	10	1.00	-345.000
114	11	1.00	-345.000
114	12	1.00	-345.000
114	13	1.00	-345.000
114	14	1.00	-345.000
114	15	1.00	-345.000
114	16	1.00	-345.000
114	17	1.00	-345.000
114	18	1.00	-345.000
114	19	1.00	-345.000
114	20	1.00	-345.000
114	21	1.00	-345.000
114	22	1.00	-345.000
114	23	1.00	-345.000
114	24	1.00	-345.000
114	25	1.00	-345.000
114	26	1.00	-345.000
114	27	1.00	-345.000
114	28	1.00	-345.000
114	29	1.00	-345.000
114	30	1.00	-345.000
114	31	1.00	-345.000
114	32	1.00	-345.000
114	33	1.00	-345.000
114	34	1.00	-345.000
114	35	1.00	-345.000
114	36	1.00	-345.000
114	37	1.00	-345.000
114	38	1.00	-345.000
114	39	1.00	-345.000
114	40	1.00	-345.000
114	41	1.00	-345.000
114	42	1.00	-345.000
114	43	1.00	-345.000
114	44	1.00	-345.000
114	45	1.00	-345.000
114	46	1.00	-345.000
114	47	1.00	-345.000
114	48	1.00	-345.000
114	49	1.00	-345.000
114	50	1.00	-345.000
114	51	1.00	-345.000
114	52	1.00	-345.000
114	53	1.00	-345.000
114	54	1.00	-345.000
114	55	1.00	-345.000
114	56	1.00	-345.000
114	57	1.00	-345.000
114	58	1.00	-345.000
114	59	1.00	-345.000
114	60	1.00	-345.000
114	61	1.00	-345.000
114	62	1.00	-345.000
114	63	1.00	-345.000
114	64	1.00	-345.000
#
### BC3-U1
115	1	1.00	-343.000
115	2	1.00	-343.000
115	3	1.00	-343.000
115	4	1.00	-343.000
115	5	1.00	-343.000
115	6	1.00	-343.000
115	7	1.00	-343.000
115	8	1.00	-343.000
115	9	1.00	-343.000
115	10	1.00	-343.000
115	11	1.00	-343.000
115	12	1.00	-343.000
115	13	1.00	-343.000
115	14	1.00	-343.000
115	15	1.00	-343.000
115	16	1.00	-343.000
115	17	1.00	-343.000
115	18	1.00	-343.000
115	19	1.00	-343.000
115	20	1.00	-343.000
115	21	1.00	-343.000
115	22	1.00	-343.000
115	23	1.00	-343.000
115	24	1.00	-343.000
115	25	1.00	-343.000
115	26	1.00	-343.000
115	27	1.00	-343.000
115	28	1.00	-343.000
115	29	1.00	-343.000
115	30	1.00	-343.000
115	31	1.00	-343.000
115	32	1.00	-343.000
115	33	1.00	-343.000
115	34	1.00	-343.000
115	35	1.00	-343.000
115	36	1.00	-343.000
115	37	1.00	-343.000
115	38	1.00	-343.000
115	39	1.00	-343.000
115	40	1.00	-343.000
115	41	1.00	-343.000
115	42	1.00	-343.000
115	43	1.00	-343.000
115	44	1.00	-343.000
115	45	1.00	-343.000
115	46	1.00	-343.000
115	47	1.00	-343.000
115	48	1.00	-343.000
115	49	1.00	-343.000
115	50	1.00	-343.000
115	51	1.00	-343.000
115	52	1.00	-343.000
115	53	1.00	-343.000
115	54	1.00	-343.000
115	55	1.00	-343.000
115	56	1.00	-343.000
115	57	1.00	-343.000
115	58	1.00	-343.000
115	59	1.00	-343.000
115	60	1.00	-343.000
115	61	1.00	-343.000
115	62	1.00	-343.000
115	63	1.00	-343.000
115	64	1.00	-343.000
#
### BC3-U2
116	1	1.00	-345.000
116	2	1.00	-345.000
116	3	1.00	-345.000
116	4	1.00	-345.000
116	5	1.00	-345.000
116	6	1.00	-345.000
116	7	1.00	-345.000
116	8	1.00	-345.000
116	9	1.00	-345.000
116	10	1.00	-345.000
116	11	1.00	-345.000
116	12	1.00	-345.000
116	13	1.00	-345.000
116	14	1.00	-345.000
116	15	1.00	-345.000
116	16	1.00	-345.000
116	17	1.00	-345.000
116	18	1.00	-345.000
116	19	1.00	-345.000
116	20	1.00	-345.000
116	21	1.00	-345.000
116	22	1.00	-345.000
116	23	1.00	-345.000
116	24	1.00	-345.000
116	25	1.00	-345.000
116	26	1.00	-345.000
116	27	1.00	-345.000
116	28	1.00	-345.000
116	29	1.00	-345.000
116	30	1.00	-345.000
116	31	1.00	-345.000
116	32	1.00	-345.000
116	33	1.00	-345.000
116	34	1.00	-345.000
116	35	1.00	-345.000
116	36	1.00	-345.000
116	37	1.00	-345.000
116	38	1.00	-345.000
116	39	1.00	-345.000
116	40	1.00	-345.000
116	41	1.00	-345.000
116	42	1.00	-345.000
116	43	1.00	-345.000
116	44	1.00	-345.000
116	45	1.00	-345.000
116	46	1.00	-345.000
116	47	1.00	-345.000
116	48	1.00	-345.000
116	49	1.00	-345.000
116	50	1.00	-345.000
116	51	1.00	-345.000
116	52	1.00	-345.000
116	53	1.00	-345.000
116	54	1.00	-345.000
116	55	1.00	-345.000
116	56	1.00	-345.000
116	57	1.00	-345.000
116	58	1.00	-345.000
116	59	1.00	-345.000
116	60	1.00	-345.000
116	61	1.00	-345.000
116	62	1.00	-345.000
116	63	1.00	-345.000
116	64	1.00	-345.000
#
### BC3-V1
117	1	1.00	-343.000
117	2	1.00	-343.000
117	3	1.00	-343.000
117	4	1.00	-343.000
117	5	1.00	-343.000
117	6	1.00	-343.000
117	7	1.00	-343.000
117	8	1.00	-343.000
117	9	1.00	-343.000
117	10	1.00	-343.000
117	11	1.00	-343.000
117	12	1.00	-343.000
117	13	1.00	-343.000
117	14	1.00	-343.000
117	15	1.00	-343.000
117	16	1.00	-343.000
117	17	1.00	-343.000
117	18	1.00	-343.000
117	19	1.00	-343.000
117	20	1.00	-343.000
117	21	1.00	-343.000
117	22	1.00	-343.000
117	23	1.00	-343.000
117	24	1.00	-343.000
117	25	1.00	-343.000
117	26	1.00	-343.000
117	27	1.00	-343.000
117	28	1.00	-343.000
117	29	1.00	-343.000
117	30	1.00	-343.000
117	31	1.00	-343.000
117	32	1.00	-343.000
117	33	1.00	-343.000
117	34	1.00	-343.000
117	35	1.00	-343.000
117	36	1.00	-343.000
117	37	1.00	-343.000
117	38	1.00	-343.000
117	39	1.00	-343.000
117	40	1.00	-343.000
117	41	1.00	-343.000
117	42	1.00	-343.000
117	43	1.00	-343.000
117	44	1.00	-343.000
117	45	1.00	-343.000
117	46	1.00	-343.000
117	47	1.00	-343.000
117	48	1.00	-343.000
117	49	1.00	-343.000
117	50	1.00	-343.000
117	51	1.00	-343.000
117	52	1.00	-343.000
117	53	1.00	-343.000
117	54	1.00	-343.000
117	55	1.00	-343.000
117	56	1.00	-343.000
117	57	1.00	-343.000
117	58	1.00	-343.000
117	59	1.00	-343.000
117	60	1.00	-343.000
117	61	1.00	-343.000
117	62	1.00	-343.000
117	63	1.00	-343.000
117	64	1.00	-343.000
#
### BC3-V2
118	1	1.00	-340.000
118	2	1.00	-340.000
118	3	1.00	-340.000
118	4	1.00	-340.000
118	5	1.00	-340.000
118	6	1.00	-340.000
118	7	1.00	-340.000
118	8	1.00	-340.000
118	9	1.00	-340.000
118	10	1.00	-340.000
118	11	1.00	-340.000
118	12	1.00	-340.000
118	13	1.00	-340.000
118	14	1.00	-340.000
118	15	1.00	-340.000
118	16	1.00	-340.000
118	17	1.00	-340.000
118	18	1.00	-340.000
118	19	1.00	-340.000
118	20	1.00	-340.000
118	21	1.00	-340.000
118	22	1.00	-340.000
118	23	1.00	-340.000
118	24	1.00	-340.000
118	25	1.00	-340.000
118	26	1.00	-340.000
118	27	1.00	-340.000
118	28	1.00	-340.000
118	29	1.00	-340.000
118	30	1.00	-340.000
118	31	1.00	-340.000
118	32	1.00	-340.000
118	33	1.00	-340.000
118	34	1.00	-340.000
118	35	1.00	-340.000
118	36	1.00	-340.000
118	37	1.00	-340.000
118	38	1.00	-340.000
118	39	1.00	-340.000
118	40	1.00	-340.000
118	41	1.00	-340.000
118	42	1.00	-340.000
118	43	1.00	-340.000
118	44	1.00	-340.000
118	45	1.00	-340.000
118	46	1.00	-340.000
118	47	1.00	-340.000
118	48	1.00	-340.000
118	49	1.00	-340.000
118	50	1.00	-340.000
118	51	1.00	-340.000
118	52	1.00	-340.000
118	53	1.00	-340.000
118	54	1.00	-340.000
118	55	1.00	-340.000
118	56	1.00	-340.000
118	57	1.00	-340.000
118	58	1.00	-340.000
118	59	1.00	-340.000
118	60	1.00	-340.000
118	61	1.00	-340.000
118	62	1.00	-340.000
118	63	1.00	-340.000
118	64	1.00	-340.000
#
### BC4-U1
119	1	1.00	-345.000
119	2	1.00	-345.000
119	3	1.00	-345.000
119	4	1.00	-345.000
119	5	1.00	-345.000
119	6	1.00	-345.000
119	7	1.00	-345.000
119	8	1.00	-345.000
119	9	1.00	-345.000
119	10	1.00	-345.000
119	11	1.00	-345.000
119	12	1.00	-345.000
119	13	1.00	-345.000
119	14	1.00	-345.000
119	15	1.00	-345.000
119	16	1.00	-345.000
119	17	1.00	-345.000
119	18	1.00	-345.000
119	19	1.00	-345.000
119	20	1.00	-345.000
119	21	1.00	-345.000
119	22	1.00	-345.000
119	23	1.00	-345.000
119	24	1.00	-345.000
119	25	1.00	-345.000
119	26	1.00	-345.000
119	27	1.00	-345.000
119	28	1.00	-345.000
119	29	1.00	-345.000
119	30	1.00	-345.000
119	31	1.00	-345.000
119	32	1.00	-345.000
119	33	1.00	-345.000
119	34	1.00	-345.000
119	35	1.00	-345.000
119	36	1.00	-345.000
119	37	1.00	-345.000
119	38	1.00	-345.000
119	39	1.00	-345.000
119	40	1.00	-345.000
119	41	1.00	-345.000
119	42	1.00	-345.000
119	43	1.00	-345.000
119	44	1.00	-345.000
119	45	1.00	-345.000
119	46	1.00	-345.000
119	47	1.00	-345.000
119	48	1.00	-345.000
119	49	1.00	-345.000
119	50	1.00	-345.000
119	51	1.00	-345.000
119	52	1.00	-345.000
119	53	1.00	-345.000
119	54	1.00	-345.000
119	55	1.00	-345.000
119	56	1.00	-345.000
119	57	1.00	-345.000
119	58	1.00	-345.000
119	59	1.00	-345.000
119	60	1.00	-345.000
119	61	1.00	-345.000
119	62	1.00	-345.000
119	63	1.00	-345.000
119	64	1.00	-345.000
#
### BC4-U2
120	1	1.00	-343.000
120	2	1.00	-343.000
120	3	1.00	-343.000
120	4	1.00	-343.000
120	5	1.00	-343.000
120	6	1.00	-343.000
120	7	1.00	-343.000
120	8	1.00	-343.000
120	9	1.00	-343.000
120	10	1.00	-343.000
120	11	1.00	-343.000
120	12	1.00	-343.000
120	13	1.00	-343.000
120	14	1.00	-343.000
120	15	1.00	-343.000
120	16	1.00	-343.000
120	17	1.00	-343.000
120	18	1.00	-343.000
120	19	1.00	-343.000
120	20	1.00	-343.000
120	21	1.00	-343.000
120	22	1.00	-343.000
120	23	1.00	-343.000
120	24	1.00	-343.000
120	25	1.00	-343.000
120	26	1.00	-343.000
120	27	1.00	-343.000
120	28	1.00	-343.000
120	29	1.00	-343.000
120	30	1.00	-343.000
120	31	1.00	-343.000
120	32	1.00	-343.000
120	33	1.00	-343.000
120	34	1.00	-343.000
120	35	1.00	-343.000
120	36	1.00	-343.000
120	37	1.00	-343.000
120	38	1.00	-343.000
120	39	1.00	-343.000
120	40	1.00	-343.000
120	41	1.00	-343.000
120	42	1.00	-343.000
120	43	1.00	-343.000
120	44	1.00	-343.000
120	45	1.00	-343.000
120	46	1.00	-343.000
120	47	1.00	-343.000
120	48	1.00	-343.000
120	49	1.00	-343.000
120	50	1.00	-343.000
120	51	1.00	-343.000
120	52	1.00	-343.000
120	53	1.00	-343.000
120	54	1.00	-343.000
120	55	1.00	-343.000
120	56	1.00	-343.000
120	57	1.00	-343.000
120	58	1.00	-343.000
120	59	1.00	-343.000
120	60	1.00	-343.000
120	61	1.00	-343.000
120	62	1.00	-343.000
120	63	1.00	-343.000
120	64	1.00	-343.000
#
### BC4-V1
121	1	1.00	-343.000
121	2	1.00	-343.000
121	3	1.00	-343.000
121	4	1.00	-343.000
121	5	1.00	-343.000
121	6	1.00	-343.000
121	7	1.00	-343.000
121	8	1.00	-343.000
121	9	1.00	-343.000
121	10	1.00	-343.000
121	11	1.00	-343.000
121	12	1.00	-343.000
121	13	1.00	-343.000
121	14	1.00	-343.000
121	15	1.00	-343.000
121	16	1.00	-343.000
121	17	1.00	-343.000
121	18	1.00	-343.000
121	19	1.00	-343.000
121	20	1.00	-343.000
121	21	1.00	-343.000
121	22	1.00	-343.000
121	23	1.00	-343.000
121	24	1.00	-343.000
121	25	1.00	-343.000
121	26	1.00	-343.000
121	27	1.00	-343.000
121	28	1.00	-343.000
121	29	1.00	-343.000
121	30	1.00	-343.000
121	31	1.00	-343.000
121	32	1.00	-343.000
121	33	1.00	-343.000
121	34	1.00	-343.000
121	35	1.00	-343.000
121	36	1.00	-343.000
121	37	1.00	-343.000
121	38	1.00	-343.000
121	39	1.00	-343.000
121	40	1.00	-343.000
121	41	1.00	-343.000
121	42	1.00	-343.000
121	43	1.00	-343.000
121	44	1.00	-343.000
121	45	1.00	-343.000
121	46	1.00	-343.000
121	47	1.00	-343.000
121	48	1.00	-343.000
121	49	1.00	-343.000
121	50	1.00	-343.000
121	51	1.00	-343.000
121	52	1.00	-343.000
121	53	1.00	-343.000
121	54	1.00	-343.000
121	55	1.00	-343.000
121	56	1.00	-343.000
121	57	1.00	-343.000
121	58	1.00	-343.000
121	59	1.00	-343.000
121	60	1.00	-343.000
121	61	1.00	-343.000
121	62	1.00	-343.000
121	63	1.00	-343.000
121	64	1.00	-343.000
#
### BC4-V2
122	1	1.00	-344.000
122	2	1.00	-344.000
122	3	1.00	-344.000
122	4	1.00	-344.000
122	5	1.00	-344.000
122	6	1.00	-344.000
122	7	1.00	-344.000
122	8	1.00	-344.000
122	9	1.00	-344.000
122	10	1.00	-344.000
122	11	1.00	-344.000
122	12	1.00	-344.000
122	13	1.00	-344.000
122	14	1.00	-344.000
122	15	1.00	-344.000
122	16	1.00	-344.000
122	17	1.00	-344.000
122	18	1.00	-344.000
122	19	1.00	-344.000
122	20	1.00	-344.000
122	21	1.00	-344.000
122	22	1.00	-344.000
122	23	1.00	-344.000
122	24	1.00	-344.000
122	25	1.00	-344.000
122	26	1.00	-344.000
122	27	1.00	-344.000
122	28	1.00	-344.000
122	29	1.00	-344.000
122	30	1.00	-344.000
122	31	1.00	-344.000
122	32	1.00	-344.000
122	33	1.00	-344.000
122	34	1.00	-344.000
122	35	1.00	-344.000
122	36	1.00	-344.000
122	37	1.00	-344.000
122	38	1.00	-344.000
122	39	1.00	-344.000
122	40	1.00	-344.000
122	41	1.00	-344.000
122	42	1.00	-344.000
122	43	1.00	-344.000
122	44	1.00	-344.000
122	45	1.00	-344.000
122	46	1.00	-344.000
122	47	1.00	-344.000
122	48	1.00	-344.000
122	49	1.00	-344.000
122	50	1.00	-344.000
122	51	1.00	-344.000
122	52	1.00	-344.000
122	53	1.00	-344.000
122	54	1.00	-344.000
122	55	1.00	-344.000
122	56	1.00	-344.000
122	57	1.00	-344.000
122	58	1.00	-344.000
122	59	1.00	-344.000
122	60	1.00	-344.000
122	61	1.00	-344.000
122	62	1.00	-344.000
122	63	1.00	-344.000
122	64	1.00	-344.000
#
### BC4-X1
123	1	1.00	-343.000
123	2	1.00	-343.000
123	3	1.00	-343.000
123	4	1.00	-343.000
123	5	1.00	-343.000
123	6	1.00	-343.000
123	7	1.00	-343.000
123	8	1.00	-343.000
123	9	1.00	-343.000
123	10	1.00	-343.000
123	11	1.00	-343.000
123	12	1.00	-343.000
123	13	1.00	-343.000
123	14	1.00	-343.000
123	15	1.00	-343.000
123	16	1.00	-343.000
123	17	1.00	-343.000
123	18	1.00	-343.000
123	19	1.00	-343.000
123	20	1.00	-343.000
123	21	1.00	-343.000
123	22	1.00	-343.000
123	23	1.00	-343.000
123	24	1.00	-343.000
123	25	1.00	-343.000
123	26	1.00	-343.000
123	27	1.00	-343.000
123	28	1.00	-343.000
123	29	1.00	-343.000
123	30	1.00	-343.000
123	31	1.00	-343.000
123	32	1.00	-343.000
123	33	1.00	-343.000
123	34	1.00	-343.000
123	35	1.00	-343.000
123	36	1.00	-343.000
123	37	1.00	-343.000
123	38	1.00	-343.000
123	39	1.00	-343.000
123	40	1.00	-343.000
123	41	1.00	-343.000
123	42	1.00	-343.000
123	43	1.00	-343.000
123	44	1.00	-343.000
123	45	1.00	-343.000
123	46	1.00	-343.000
123	47	1.00	-343.000
123	48	1.00	-343.000
123	49	1.00	-343.000
123	50	1.00	-343.000
123	51	1.00	-343.000
123	52	1.00	-343.000
123	53	1.00	-343.000
123	54	1.00	-343.000
123	55	1.00	-343.000
123	56	1.00	-343.000
123	57	1.00	-343.000
123	58	1.00	-343.000
123	59	1.00	-343.000
123	60	1.00	-343.000
123	61	1.00	-343.000
123	62	1.00	-343.000
123	63	1.00	-343.000
123	64	1.00	-343.000
#
### BC4-X2
124	1	1.00	-343.000
124	2	1.00	-343.000
124	3	1.00	-343.000
124	4	1.00	-343.000
124	5	1.00	-343.000
124	6	1.00	-343.000
124	7	1.00	-343.000
124	8	1.00	-343.000
124	9	1.00	-343.000
124	10	1.00	-343.000
124	11	1.00	-343.000
124	12	1.00	-343.000
124	13	1.00	-343.000
124	14	1.00	-343.000
124	15	1.00	-343.000
124	16	1.00	-343.000
124	17	1.00	-343.000
124	18	1.00	-343.000
124	19	1.00	-343.000
124	20	1.00	-343.000
124	21	1.00	-343.000
124	22	1.00	-343.000
124	23	1.00	-343.000
124	24	1.00	-343.000
124	25	1.00	-343.000
124	26	1.00	-343.000
124	27	1.00	-343.000
124	28	1.00	-343.000
124	29	1.00	-343.000
124	30	1.00	-343.000
124	31	1.00	-343.000
124	32	1.00	-343.000
124	33	1.00	-343.000
124	34	1.00	-343.000
124	35	1.00	-343.000
124	36	1.00	-343.000
124	37	1.00	-343.000
124	38	1.00	-343.000
124	39	1.00	-343.000
124	40	1.00	-343.000
124	41	1.00	-343.000
124	42	1.00	-343.000
124	43	1.00	-343.000
124	44	1.00	-343.000
124	45	1.00	-343.000
124	46	1.00	-343.000
124	47	1.00	-343.000
124	48	1.00	-343.000
124	49	1.00	-343.000
124	50	1.00	-343.000
124	51	1.00	-343.000
124	52	1.00	-343.000
124	53	1.00	-343.000
124	54	1.00	-343.000
124	55	1.00	-343.000
124	56	1.00	-343.000
124	57	1.00	-343.000
124	58	1.00	-343.000
124	59	1.00	-343.000
124	60	1.00	-343.000
124	61	1.00	-343.000
124	62	1.00	-343.000
124	63	1.00	-343.000
124	64	1.00	-343.000
#
### SDC1-V1
1	1	1.000	-330.000
1	2	1.000	-330.000
1	3	1.000	-330.000
1	4	1.000	-330.000
1	5	1.000	-330.000
1	6	1.000	-330.000
1	7	1.000	-330.000
1	8	1.000	-330.000
1	9	1.000	-330.000
1	10	1.000	-330.000
1	11	1.000	-330.000
1	12	1.000	-330.000
1	13	1.000	-330.000
1	14	1.000	-330.000
1	15	1.000	-330.000
1	16	1.000	-330.000
1	17	1.000	-330.000
1	18	1.000	-330.000
1	19	1.000	-330.000
1	20	1.000	-330.000
1	21	1.000	-330.000
1	22	1.000	-330.000
1	23	1.000	-330.000
1	24	1.000	-330.000
1	25	1.000	-330.000
1	26	1.000	-330.000
1	27	1.000	-330.000
1	28	1.000	-330.000
1	29	1.000	-330.000
1	30	1.000	-330.000
1	31	1.000	-330.000
1	32	1.000	-330.000
1	33	1.000	-330.000
1	34	1.000	-330.000
1	35	1.000	-330.000
1	36	1.000	-330.000
1	37	1.000	-330.000
1	38	1.000	-330.000
1	39	1.000	-330.000
1	40	1.000	-330.000
1	41	1.000	-330.000
1	42	1.000	-330.000
1	43	1.000	-330.000
1	44	1.000	-330.000
1	45	1.000	-330.000
1	46	1.000	-330.000
1	47	1.000	-330.000
1	48	1.000	-330.000
1	49	1.000	-330.000
1	50	1.000	-330.000
1	51	1.000	-330.000
1	52	1.000	-330.000
1	53	1.000	-330.000
1	54	1.000	-330.000
1	55	1.000	-330.000
1	56	1.000	-330.000
1	57	1.000	-330.000
1	58	1.000	-330.000
1	59	1.000	-330.000
1	60	1.000	-330.000
1	61	1.000	-330.000
1	62	1.000	-330.000
1	63	1.000	-330.000
1	64	1.000	-330.000
#			 330.000
### SDC1-V2		 330.000
2	1	1.000	-330.000
2	2	1.000	-330.000
2	3	1.000	-330.000
2	4	1.000	-330.000
2	5	1.000	-330.000
2	6	1.000	-330.000
2	7	1.000	-330.000
2	8	1.000	-330.000
2	9	1.000	-330.000
2	10	1.000	-330.000
2	11	1.000	-330.000
2	12	1.000	-330.000
2	13	1.000	-330.000
2	14	1.000	-330.000
2	15	1.000	-330.000
2	16	1.000	-330.000
2	17	1.000	-330.000
2	18	1.000	-330.000
2	19	1.000	-330.000
2	20	1.000	-330.000
2	21	1.000	-330.000
2	22	1.000	-330.000
2	23	1.000	-330.000
2	24	1.000	-330.000
2	25	1.000	-330.000
2	26	1.000	-330.000
2	27	1.000	-330.000
2	28	1.000	-330.000
2	29	1.000	-330.000
2	30	1.000	-330.000
2	31	1.000	-330.000
2	32	1.000	-330.000
2	33	1.000	-330.000
2	34	1.000	-330.000
2	35	1.000	-330.000
2	36	1.000	-330.000
2	37	1.000	-330.000
2	38	1.000	-330.000
2	39	1.000	-330.000
2	40	1.000	-330.000
2	41	1.000	-330.000
2	42	1.000	-330.000
2	43	1.000	-330.000
2	44	1.000	-330.000
2	45	1.000	-330.000
2	46	1.000	-330.000
2	47	1.000	-330.000
2	48	1.000	-330.000
2	49	1.000	-330.000
2	50	1.000	-330.000
2	51	1.000	-330.000
2	52	1.000	-330.000
2	53	1.000	-330.000
2	54	1.000	-330.000
2	55	1.000	-330.000
2	56	1.000	-330.000
2	57	1.000	-330.000
2	58	1.000	-330.000
2	59	1.000	-330.000
2	60	1.000	-330.000
2	61	1.000	-330.000
2	62	1.000	-330.000
2	63	1.000	-330.000
2	64	1.000	-330.000
#			 330.000
### SDC1-X1		 330.000
3	1	1.000	-330.000
3	2	1.000	-330.000
3	3	1.000	-330.000
3	4	1.000	-330.000
3	5	1.000	-330.000
3	6	1.000	-330.000
3	7	1.000	-330.000
3	8	1.000	-330.000
3	9	1.000	-330.000
3	10	1.000	-330.000
3	11	1.000	-330.000
3	12	1.000	-330.000
3	13	1.000	-330.000
3	14	1.000	-330.000
3	15	1.000	-330.000
3	16	1.000	-330.000
3	17	1.000	-330.000
3	18	1.000	-330.000
3	19	1.000	-330.000
3	20	1.000	-330.000
3	21	1.000	-330.000
3	22	1.000	-330.000
3	23	1.000	-330.000
3	24	1.000	-330.000
3	25	1.000	-330.000
3	26	1.000	-330.000
3	27	1.000	-330.000
3	28	1.000	-330.000
3	29	1.000	-330.000
3	30	1.000	-330.000
3	31	1.000	-330.000
3	32	1.000	-330.000
3	33	1.000	-330.000
3	34	1.000	-330.000
3	35	1.000	-330.000
3	36	1.000	-330.000
3	37	1.000	-330.000
3	38	1.000	-330.000
3	39	1.000	-330.000
3	40	1.000	-330.000
3	41	1.000	-330.000
3	42	1.000	-330.000
3	43	1.000	-330.000
3	44	1.000	-330.000
3	45	1.000	-330.000
3	46	1.000	-330.000
3	47	1.000	-330.000
3	48	1.000	-330.000
3	49	1.000	-330.000
3	50	1.000	-330.000
3	51	1.000	-330.000
3	52	1.000	-330.000
3	53	1.000	-330.000
3	54	1.000	-330.000
3	55	1.000	-330.000
3	56	1.000	-330.000
3	57	1.000	-330.000
3	58	1.000	-330.000
3	59	1.000	-330.000
3	60	1.000	-330.000
3	61	1.000	-330.000
3	62	1.000	-330.000
3	63	1.000	-330.000
3	64	1.000	-330.000
#			 330.000
### SDC1-X2		 330.000
4	1	1.000	-330.000
4	2	1.000	-330.000
4	3	1.000	-330.000
4	4	1.000	-330.000
4	5	1.000	-330.000
4	6	1.000	-330.000
4	7	1.000	-330.000
4	8	1.000	-330.000
4	9	1.000	-330.000
4	10	1.000	-330.000
4	11	1.000	-330.000
4	12	1.000	-330.000
4	13	1.000	-330.000
4	14	1.000	-330.000
4	15	1.000	-330.000
4	16	1.000	-330.000
4	17	1.000	-330.000
4	18	1.000	-330.000
4	19	1.000	-330.000
4	20	1.000	-330.000
4	21	1.000	-330.000
4	22	1.000	-330.000
4	23	1.000	-330.000
4	24	1.000	-330.000
4	25	1.000	-330.000
4	26	1.000	-330.000
4	27	1.000	-330.000
4	28	1.000	-330.000
4	29	1.000	-330.000
4	30	1.000	-330.000
4	31	1.000	-330.000
4	32	1.000	-330.000
4	33	1.000	-330.000
4	34	1.000	-330.000
4	35	1.000	-330.000
4	36	1.000	-330.000
4	37	1.000	-330.000
4	38	1.000	-330.000
4	39	1.000	-330.000
4	40	1.000	-330.000
4	41	1.000	-330.000
4	42	1.000	-330.000
4	43	1.000	-330.000
4	44	1.000	-330.000
4	45	1.000	-330.000
4	46	1.000	-330.000
4	47	1.000	-330.000
4	48	1.000	-330.000
4	49	1.000	-330.000
4	50	1.000	-330.000
4	51	1.000	-330.000
4	52	1.000	-330.000
4	53	1.000	-330.000
4	54	1.000	-330.000
4	55	1.000	-330.000
4	56	1.000	-330.000
4	57	1.000	-330.000
4	58	1.000	-330.000
4	59	1.000	-330.000
4	60	1.000	-330.000
4	61	1.000	-330.000
4	62	1.000	-330.000
4	63	1.000	-330.000
4	64	1.000	-330.000
#			 330.000
### SDC1-U1		 330.000
5	1	1.000	-330.000
5	2	1.000	-330.000
5	3	1.000	-330.000
5	4	1.000	-330.000
5	5	1.000	-330.000
5	6	1.000	-330.000
5	7	1.000	-330.000
5	8	1.000	-330.000
5	9	1.000	-330.000
5	10	1.000	-330.000
5	11	1.000	-330.000
5	12	1.000	-330.000
5	13	1.000	-330.000
5	14	1.000	-330.000
5	15	1.000	-330.000
5	16	1.000	-330.000
5	17	1.000	-330.000
5	18	1.000	-330.000
5	19	1.000	-330.000
5	20	1.000	-330.000
5	21	1.000	-330.000
5	22	1.000	-330.000
5	23	1.000	-330.000
5	24	1.000	-330.000
5	25	1.000	-330.000
5	26	1.000	-330.000
5	27	1.000	-330.000
5	28	1.000	-330.000
5	29	1.000	-330.000
5	30	1.000	-330.000
5	31	1.000	-330.000
5	32	1.000	-330.000
5	33	1.000	-330.000
5	34	1.000	-330.000
5	35	1.000	-330.000
5	36	1.000	-330.000
5	37	1.000	-330.000
5	38	1.000	-330.000
5	39	1.000	-330.000
5	40	1.000	-330.000
5	41	1.000	-330.000
5	42	1.000	-330.000
5	43	1.000	-330.000
5	44	1.000	-330.000
5	45	1.000	-330.000
5	46	1.000	-330.000
5	47	1.000	-330.000
5	48	1.000	-330.000
5	49	1.000	-330.000
5	50	1.000	-330.000
5	51	1.000	-330.000
5	52	1.000	-330.000
5	53	1.000	-330.000
5	54	1.000	-330.000
5	55	1.000	-330.000
5	56	1.000	-330.000
5	57	1.000	-330.000
5	58	1.000	-330.000
5	59	1.000	-330.000
5	60	1.000	-330.000
5	61	1.000	-330.000
5	62	1.000	-330.000
5	63	1.000	-330.000
5	64	1.000	-330.000
#			 330.000
### SDC1-U2		 330.000
6	1	1.000	-330.000
6	2	1.000	-330.000
6	3	1.000	-330.000
6	4	1.000	-330.000
6	5	1.000	-330.000
6	6	1.000	-330.000
6	7	1.000	-330.000
6	8	1.000	-330.000
6	9	1.000	-330.000
6	10	1.000	-330.000
6	11	1.000	-330.000
6	12	1.000	-330.000
6	13	1.000	-330.000
6	14	1.000	-330.000
6	15	1.000	-330.000
6	16	1.000	-330.000
6	17	1.000	-330.000
6	18	1.000	-330.000
6	19	1.000	-330.000
6	20	1.000	-330.000
6	21	1.000	-330.000
6	22	1.000	-330.000
6	23	1.000	-330.000
6	24	1.000	-330.000
6	25	1.000	-330.000
6	26	1.000	-330.000
6	27	1.000	-330.000
6	28	1.000	-330.000
6	29	1.000	-330.000
6	30	1.000	-330.000
6	31	1.000	-330.000
6	32	1.000	-330.000
6	33	1.000	-330.000
6	34	1.000	-330.000
6	35	1.000	-330.000
6	36	1.000	-330.000
6	37	1.000	-330.000
6	38	1.000	-330.000
6	39	1.000	-330.000
6	40	1.000	-330.000
6	41	1.000	-330.000
6	42	1.000	-330.000
6	43	1.000	-330.000
6	44	1.000	-330.000
6	45	1.000	-330.000
6	46	1.000	-330.000
6	47	1.000	-330.000
6	48	1.000	-330.000
6	49	1.000	-330.000
6	50	1.000	-330.000
6	51	1.000	-330.000
6	52	1.000	-330.000
6	53	1.000	-330.000
6	54	1.000	-330.000
6	55	1.000	-330.000
6	56	1.000	-330.000
6	57	1.000	-330.000
6	58	1.000	-330.000
6	59	1.000	-330.000
6	60	1.000	-330.000
6	61	1.000	-330.000
6	62	1.000	-330.000
6	63	1.000	-330.000
6	64	1.000	-330.000
#
### SDC2-X1
31	1	0.833	-1090.000
31	2	0.833	-1090.000
31	3	0.833	-1090.000
31	4	0.833	-1090.000
31	5	0.833	-1090.000
31	6	0.833	-1090.000
31	7	0.833	-1090.000
31	8	0.833	-1090.000
31	9	0.833	-1090.000
31	10	0.833	-1090.000
31	11	0.833	-1090.000
31	12	0.833	-1090.000
31	13	0.833	-1090.000
31	14	0.833	-1090.000
31	15	0.833	-1090.000
31	16	0.833	-1090.000
31	17	0.833	-1090.000
31	18	0.833	-1090.000
31	19	0.833	-1090.000
31	20	0.833	-1090.000
31	21	0.833	-1090.000
31	22	0.833	-1090.000
31	23	0.833	-1090.000
31	24	0.833	-1090.000
31	25	0.833	-1090.000
31	26	0.833	-1090.000
31	27	0.833	-1090.000
31	28	0.833	-1090.000
31	29	0.833	-1090.000
31	30	0.833	-1090.000
31	31	0.833	-1090.000
31	32	0.833	-1090.000
31	33	0.833	-1090.000
31	34	0.833	-1090.000
31	35	0.833	-1090.000
31	36	0.833	-1090.000
31	37	0.833	-1090.000
31	38	0.833	-1090.000
31	39	0.833	-1090.000
31	40	0.833	-1090.000
31	41	0.833	-1090.000
31	42	0.833	-1090.000
31	43	0.833	-1090.000
31	44	0.833	-1090.000
31	45	0.833	-1090.000
31	46	0.833	-1090.000
31	47	0.833	-1090.000
31	48	0.833	-1090.000
31	49	0.833	-1090.000
31	50	0.833	-1090.000
31	51	0.833	-1090.000
31	52	0.833	-1090.000
31	53	0.833	-1090.000
31	54	0.833	-1090.000
31	55	0.833	-1090.000
31	56	0.833	-1090.000
31	57	0.833	-1090.000
31	58	0.833	-1090.000
31	59	0.833	-1090.000
31	60	0.833	-1090.000
31	61	0.833	-1090.000
31	62	0.833	-1090.000
31	63	0.833	-1090.000
31	64	0.833	-1090.000
31	65	0.833	-1090.000
31	66	0.833	-1090.000
31	67	0.833	-1090.000
31	68	0.833	-1090.000
31	69	0.833	-1090.000
31	70	0.833	-1090.000
31	71	0.833	-1090.000
31	72	0.833	-1090.000
31	73	0.833	-1090.000
31	74	0.833	-1090.000
31	75	0.833	-1090.000
31	76	0.833	-1090.000
31	77	0.833	-1090.000
31	78	0.833	-1090.000
31	79	0.833	-1090.000
31	80	0.833	-1090.000
31	81	0.833	-1090.000
31	82	0.833	-1090.000
31	83	0.833	-1090.000
31	84	0.833	-1090.000
31	85	0.833	-1090.000
31	86	0.833	-1090.000
31	87	0.833	-1090.000
31	88	0.833	-1090.000
31	89	0.833	-1090.000
31	90	0.833	-1090.000
31	91	0.833	-1090.000
31	92	0.833	-1090.000
31	93	0.833	-1090.000
31	94	0.833	-1090.000
31	95	0.833	-1090.000
31	96	0.833	-1090.000
31	97	0.833	-1090.000
31	98	0.833	-1090.000
31	99	0.833	-1090.000
31	100	0.833	-1090.000
31	101	0.833	-1090.000
31	102	0.833	-1090.000
31	103	0.833	-1090.000
31	104	0.833	-1090.000
31	105	0.833	-1090.000
31	106	0.833	-1090.000
31	107	0.833	-1090.000
31	108	0.833	-1090.000
31	109	0.833	-1090.000
31	110	0.833	-1090.000
31	111	0.833	-1090.000
31	112	0.833	-1090.000
31	113	0.833	-1090.000
31	114	0.833	-1090.000
31	115	0.833	-1090.000
31	116	0.833	-1090.000
31	117	0.833	-1090.000
31	118	0.833	-1090.000
31	119	0.833	-1090.000
31	120	0.833	-1090.000
31	121	0.833	-1090.000
31	122	0.833	-1090.000
31	123	0.833	-1090.000
31	124	0.833	-1090.000
31	125	0.833	-1090.000
31	126	0.833	-1090.000
31	127	0.833	-1090.000
31	128	0.833	-1090.000
#
### SDC2-X2
32	1	0.833	-1090.000
32	2	0.833	-1090.000
32	3	0.833	-1090.000
32	4	0.833	-1090.000
32	5	0.833	-1090.000
32	6	0.833	-1090.000
32	7	0.833	-1090.000
32	8	0.833	-1090.000
32	9	0.833	-1090.000
32	10	0.833	-1090.000
32	11	0.833	-1090.000
32	12	0.833	-1090.000
32	13	0.833	-1090.000
32	14	0.833	-1090.000
32	15	0.833	-1090.000
32	16	0.833	-1090.000
32	17	0.833	-1090.000
32	18	0.833	-1090.000
32	19	0.833	-1090.000
32	20	0.833	-1090.000
32	21	0.833	-1090.000
32	22	0.833	-1090.000
32	23	0.833	-1090.000
32	24	0.833	-1090.000
32	25	0.833	-1090.000
32	26	0.833	-1090.000
32	27	0.833	-1090.000
32	28	0.833	-1090.000
32	29	0.833	-1090.000
32	30	0.833	-1090.000
32	31	0.833	-1090.000
32	32	0.833	-1090.000
32	33	0.833	-1090.000
32	34	0.833	-1090.000
32	35	0.833	-1090.000
32	36	0.833	-1090.000
32	37	0.833	-1090.000
32	38	0.833	-1090.000
32	39	0.833	-1090.000
32	40	0.833	-1090.000
32	41	0.833	-1090.000
32	42	0.833	-1090.000
32	43	0.833	-1090.000
32	44	0.833	-1090.000
32	45	0.833	-1090.000
32	46	0.833	-1090.000
32	47	0.833	-1090.000
32	48	0.833	-1090.000
32	49	0.833	-1090.000
32	50	0.833	-1090.000
32	51	0.833	-1090.000
32	52	0.833	-1090.000
32	53	0.833	-1090.000
32	54	0.833	-1090.000
32	55	0.833	-1090.000
32	56	0.833	-1090.000
32	57	0.833	-1090.000
32	58	0.833	-1090.000
32	59	0.833	-1090.000
32	60	0.833	-1090.000
32	61	0.833	-1090.000
32	62	0.833	-1090.000
32	63	0.833	-1090.000
32	64	0.833	-1090.000
32	65	0.833	-1090.000
32	66	0.833	-1090.000
32	67	0.833	-1090.000
32	68	0.833	-1090.000
32	69	0.833	-1090.000
32	70	0.833	-1090.000
32	71	0.833	-1090.000
32	72	0.833	-1090.000
32	73	0.833	-1090.000
32	74	0.833	-1090.000
32	75	0.833	-1090.000
32	76	0.833	-1090.000
32	77	0.833	-1090.000
32	78	0.833	-1090.000
32	79	0.833	-1090.000
32	80	0.833	-1090.000
32	81	0.833	-1090.000
32	82	0.833	-1090.000
32	83	0.833	-1090.000
32	84	0.833	-1090.000
32	85	0.833	-1090.000
32	86	0.833	-1090.000
32	87	0.833	-1090.000
32	88	0.833	-1090.000
32	89	0.833	-1090.000
32	90	0.833	-1090.000
32	91	0.833	-1090.000
32	92	0.833	-1090.000
32	93	0.833	-1090.000
32	94	0.833	-1090.000
32	95	0.833	-1090.000
32	96	0.833	-1090.000
32	97	0.833	-1090.000
32	98	0.833	-1090.000
32	99	0.833	-1090.000
32	100	0.833	-1090.000
32	101	0.833	-1090.000
32	102	0.833	-1090.000
32	103	0.833	-1090.000
32	104	0.833	-1090.000
32	105	0.833	-1090.000
32	106	0.833	-1090.000
32	107	0.833	-1090.000
32	108	0.833	-1090.000
32	109	0.833	-1090.000
32	110	0.833	-1090.000
32	111	0.833	-1090.000
32	112	0.833	-1090.000
32	113	0.833	-1090.000
32	114	0.833	-1090.000
32	115	0.833	-1090.000
32	116	0.833	-1090.000
32	117	0.833	-1090.000
32	118	0.833	-1090.000
32	119	0.833	-1090.000
32	120	0.833	-1090.000
32	121	0.833	-1090.000
32	122	0.833	-1090.000
32	123	0.833	-1090.000
32	124	0.833	-1090.000
32	125	0.833	-1090.000
32	126	0.833	-1090.000
32	127	0.833	-1090.000
32	128	0.833	-1090.000
#
### SDC2-Y1
33	1	0.833	-1090.000
33	2	0.833	-1090.000
33	3	0.833	-1090.000
33	4	0.833	-1090.000
33	5	0.833	-1090.000
33	6	0.833	-1090.000
33	7	0.833	-1090.000
33	8	0.833	-1090.000
33	9	0.833	-1090.000
33	10	0.833	-1090.000
33	11	0.833	-1090.000
33	12	0.833	-1090.000
33	13	0.833	-1090.000
33	14	0.833	-1090.000
33	15	0.833	-1090.000
33	16	0.833	-1090.000
33	17	0.833	-1090.000
33	18	0.833	-1090.000
33	19	0.833	-1090.000
33	20	0.833	-1090.000
33	21	0.833	-1090.000
33	22	0.833	-1090.000
33	23	0.833	-1090.000
33	24	0.833	-1090.000
33	25	0.833	-1090.000
33	26	0.833	-1090.000
33	27	0.833	-1090.000
33	28	0.833	-1090.000
33	29	0.833	-1090.000
33	30	0.833	-1090.000
33	31	0.833	-1090.000
33	32	0.833	-1090.000
33	33	0.833	-1090.000
33	34	0.833	-1090.000
33	35	0.833	-1090.000
33	36	0.833	-1090.000
33	37	0.833	-1090.000
33	38	0.833	-1090.000
33	39	0.833	-1090.000
33	40	0.833	-1090.000
33	41	0.833	-1090.000
33	42	0.833	-1090.000
33	43	0.833	-1090.000
33	44	0.833	-1090.000
33	45	0.833	-1090.000
33	46	0.833	-1090.000
33	47	0.833	-1090.000
33	48	0.833	-1090.000
33	49	0.833	-1090.000
33	50	0.833	-1090.000
33	51	0.833	-1090.000
33	52	0.833	-1090.000
33	53	0.833	-1090.000
33	54	0.833	-1090.000
33	55	0.833	-1090.000
33	56	0.833	-1090.000
33	57	0.833	-1090.000
33	58	0.833	-1090.000
33	59	0.833	-1090.000
33	60	0.833	-1090.000
33	61	0.833	-1090.000
33	62	0.833	-1090.000
33	63	0.833	-1090.000
33	64	0.833	-1090.000
33	65	0.833	-1090.000
33	66	0.833	-1090.000
33	67	0.833	-1090.000
33	68	0.833	-1090.000
33	69	0.833	-1090.000
33	70	0.833	-1090.000
33	71	0.833	-1090.000
33	72	0.833	-1090.000
33	73	0.833	-1090.000
33	74	0.833	-1090.000
33	75	0.833	-1090.000
33	76	0.833	-1090.000
33	77	0.833	-1090.000
33	78	0.833	-1090.000
33	79	0.833	-1090.000
33	80	0.833	-1090.000
33	81	0.833	-1090.000
33	82	0.833	-1090.000
33	83	0.833	-1090.000
33	84	0.833	-1090.000
33	85	0.833	-1090.000
33	86	0.833	-1090.000
33	87	0.833	-1090.000
33	88	0.833	-1090.000
33	89	0.833	-1090.000
33	90	0.833	-1090.000
33	91	0.833	-1090.000
33	92	0.833	-1090.000
33	93	0.833	-1090.000
33	94	0.833	-1090.000
33	95	0.833	-1090.000
33	96	0.833	-1090.000
33	97	0.833	-1090.000
33	98	0.833	-1090.000
33	99	0.833	-1090.000
33	100	0.833	-1090.000
33	101	0.833	-1090.000
33	102	0.833	-1090.000
33	103	0.833	-1090.000
33	104	0.833	-1090.000
33	105	0.833	-1090.000
33	106	0.833	-1090.000
33	107	0.833	-1090.000
33	108	0.833	-1090.000
33	109	0.833	-1090.000
33	110	0.833	-1090.000
33	111	0.833	-1090.000
33	112	0.833	-1090.000
33	113	0.833	-1090.000
33	114	0.833	-1090.000
33	115	0.833	-1090.000
33	116	0.833	-1090.000
33	117	0.833	-1090.000
33	118	0.833	-1090.000
33	119	0.833	-1090.000
33	120	0.833	-1090.000
33	121	0.833	-1090.000
33	122	0.833	-1090.000
33	123	0.833	-1090.000
33	124	0.833	-1090.000
33	125	0.833	-1090.000
33	126	0.833	-1090.000
33	127	0.833	-1090.000
33	128	0.833	-1090.000
#
### SDC2-Y2
34	1	0.833	-1090.000
34	2	0.833	-1090.000
34	3	0.833	-1090.000
34	4	0.833	-1090.000
34	5	0.833	-1090.000
34	6	0.833	-1090.000
34	7	0.833	-1090.000
34	8	0.833	-1090.000
34	9	0.833	-1090.000
34	10	0.833	-1090.000
34	11	0.833	-1090.000
34	12	0.833	-1090.000
34	13	0.833	-1090.000
34	14	0.833	-1090.000
34	15	0.833	-1090.000
34	16	0.833	-1090.000
34	17	0.833	-1090.000
34	18	0.833	-1090.000
34	19	0.833	-1090.000
34	20	0.833	-1090.000
34	21	0.833	-1090.000
34	22	0.833	-1090.000
34	23	0.833	-1090.000
34	24	0.833	-1090.000
34	25	0.833	-1090.000
34	26	0.833	-1090.000
34	27	0.833	-1090.000
34	28	0.833	-1090.000
34	29	0.833	-1090.000
34	30	0.833	-1090.000
34	31	0.833	-1090.000
34	32	0.833	-1090.000
34	33	0.833	-1090.000
34	34	0.833	-1090.000
34	35	0.833	-1090.000
34	36	0.833	-1090.000
34	37	0.833	-1090.000
34	38	0.833	-1090.000
34	39	0.833	-1090.000
34	40	0.833	-1090.000
34	41	0.833	-1090.000
34	42	0.833	-1090.000
34	43	0.833	-1090.000
34	44	0.833	-1090.000
34	45	0.833	-1090.000
34	46	0.833	-1090.000
34	47	0.833	-1090.000
34	48	0.833	-1090.000
34	49	0.833	-1090.000
34	50	0.833	-1090.000
34	51	0.833	-1090.000
34	52	0.833	-1090.000
34	53	0.833	-1090.000
34	54	0.833	-1090.000
34	55	0.833	-1090.000
34	56	0.833	-1090.000
34	57	0.833	-1090.000
34	58	0.833	-1090.000
34	59	0.833	-1090.000
34	60	0.833	-1090.000
34	61	0.833	-1090.000
34	62	0.833	-1090.000
34	63	0.833	-1090.000
34	64	0.833	-1090.000
34	65	0.833	-1090.000
34	66	0.833	-1090.000
34	67	0.833	-1090.000
34	68	0.833	-1090.000
34	69	0.833	-1090.000
34	70	0.833	-1090.000
34	71	0.833	-1090.000
34	72	0.833	-1090.000
34	73	0.833	-1090.000
34	74	0.833	-1090.000
34	75	0.833	-1090.000
34	76	0.833	-1090.000
34	77	0.833	-1090.000
34	78	0.833	-1090.000
34	79	0.833	-1090.000
34	80	0.833	-1090.000
34	81	0.833	-1090.000
34	82	0.833	-1090.000
34	83	0.833	-1090.000
34	84	0.833	-1090.000
34	85	0.833	-1090.000
34	86	0.833	-1090.000
34	87	0.833	-1090.000
34	88	0.833	-1090.000
34	89	0.833	-1090.000
34	90	0.833	-1090.000
34	91	0.833	-1090.000
34	92	0.833	-1090.000
34	93	0.833	-1090.000
34	94	0.833	-1090.000
34	95	0.833	-1090.000
34	96	0.833	-1090.000
34	97	0.833	-1090.000
34	98	0.833	-1090.000
34	99	0.833	-1090.000
34	100	0.833	-1090.000
34	101	0.833	-1090.000
34	102	0.833	-1090.000
34	103	0.833	-1090.000
34	104	0.833	-1090.000
34	105	0.833	-1090.000
34	106	0.833	-1090.000
34	107	0.833	-1090.000
34	108	0.833	-1090.000
34	109	0.833	-1090.000
34	110	0.833	-1090.000
34	111	0.833	-1090.000
34	112	0.833	-1090.000
34	113	0.833	-1090.000
34	114	0.833	-1090.000
34	115	0.833	-1090.000
34	116	0.833	-1090.000
34	117	0.833	-1090.000
34	118	0.833	-1090.000
34	119	0.833	-1090.000
34	120	0.833	-1090.000
34	121	0.833	-1090.000
34	122	0.833	-1090.000
34	123	0.833	-1090.000
34	124	0.833	-1090.000
34	125	0.833	-1090.000
34	126	0.833	-1090.000
34	127	0.833	-1090.000
34	128	0.833	-1090.000
#
### SDC3-Y1
35	1	0.833	-1060.000
35	2	0.833	-1060.000
35	3	0.833	-1060.000
35	4	0.833	-1060.000
35	5	0.833	-1060.000
35	6	0.833	-1060.000
35	7	0.833	-1060.000
35	8	0.833	-1060.000
35	9	0.833	-1060.000
35	10	0.833	-1060.000
35	11	0.833	-1060.000
35	12	0.833	-1060.000
35	13	0.833	-1060.000
35	14	0.833	-1060.000
35	15	0.833	-1060.000
35	16	0.833	-1060.000
35	17	0.833	-1060.000
35	18	0.833	-1060.000
35	19	0.833	-1060.000
35	20	0.833	-1060.000
35	21	0.833	-1060.000
35	22	0.833	-1060.000
35	23	0.833	-1060.000
35	24	0.833	-1060.000
35	25	0.833	-1060.000
35	26	0.833	-1060.000
35	27	0.833	-1060.000
35	28	0.833	-1060.000
35	29	0.833	-1060.000
35	30	0.833	-1060.000
35	31	0.833	-1060.000
35	32	0.833	-1060.000
35	33	0.833	-1060.000
35	34	0.833	-1060.000
35	35	0.833	-1060.000
35	36	0.833	-1060.000
35	37	0.833	-1060.000
35	38	0.833	-1060.000
35	39	0.833	-1060.000
35	40	0.833	-1060.000
35	41	0.833	-1060.000
35	42	0.833	-1060.000
35	43	0.833	-1060.000
35	44	0.833	-1060.000
35	45	0.833	-1060.000
35	46	0.833	-1060.000
35	47	0.833	-1060.000
35	48	0.833	-1060.000
35	49	0.833	-1060.000
35	50	0.833	-1060.000
35	51	0.833	-1060.000
35	52	0.833	-1060.000
35	53	0.833	-1060.000
35	54	0.833	-1060.000
35	55	0.833	-1060.000
35	56	0.833	-1060.000
35	57	0.833	-1060.000
35	58	0.833	-1060.000
35	59	0.833	-1060.000
35	60	0.833	-1060.000
35	61	0.833	-1060.000
35	62	0.833	-1060.000
35	63	0.833	-1060.000
35	64	0.833	-1060.000
#
## SDC3-Y2
36	1	0.833	-1060.000
36	2	0.833	-1060.000
36	3	0.833	-1060.000
36	4	0.833	-1060.000
36	5	0.833	-1060.000
36	6	0.833	-1060.000
36	7	0.833	-1060.000
36	8	0.833	-1060.000
36	9	0.833	-1060.000
36	10	0.833	-1060.000
36	11	0.833	-1060.000
36	12	0.833	-1060.000
36	13	0.833	-1060.000
36	14	0.833	-1060.000
36	15	0.833	-1060.000
36	16	0.833	-1060.000
36	17	0.833	-1060.000
36	18	0.833	-1060.000
36	19	0.833	-1060.000
36	20	0.833	-1060.000
36	21	0.833	-1060.000
36	22	0.833	-1060.000
36	23	0.833	-1060.000
36	24	0.833	-1060.000
36	25	0.833	-1060.000
36	26	0.833	-1060.000
36	27	0.833	-1060.000
36	28	0.833	-1060.000
36	29	0.833	-1060.000
36	30	0.833	-1060.000
36	31	0.833	-1060.000
36	32	0.833	-1060.000
36	33	0.833	-1060.000
36	34	0.833	-1060.000
36	35	0.833	-1060.000
36	36	0.833	-1060.000
36	37	0.833	-1060.000
36	38	0.833	-1060.000
36	39	0.833	-1060.000
36	40	0.833	-1060.000
36	41	0.833	-1060.000
36	42	0.833	-1060.000
36	43	0.833	-1060.000
36	44	0.833	-1060.000
36	45	0.833	-1060.000
36	46	0.833	-1060.000
36	47	0.833	-1060.000
36	48	0.833	-1060.000
36	49	0.833	-1060.000
36	50	0.833	-1060.000
36	51	0.833	-1060.000
36	52	0.833	-1060.000
36	53	0.833	-1060.000
36	54	0.833	-1060.000
36	55	0.833	-1060.000
36	56	0.833	-1060.000
36	57	0.833	-1060.000
36	58	0.833	-1060.000
36	59	0.833	-1060.000
36	60	0.833	-1060.000
36	61	0.833	-1060.000
36	62	0.833	-1060.000
36	63	0.833	-1060.000
36	64	0.833	-1060.000
#
### SDC3-X1
37	1	0.833	-1060.000
37	2	0.833	-1060.000
37	3	0.833	-1060.000
37	4	0.833	-1060.000
37	5	0.833	-1060.000
37	6	0.833	-1060.000
37	7	0.833	-1060.000
37	8	0.833	-1060.000
37	9	0.833	-1060.000
37	10	0.833	-1060.000
37	11	0.833	-1060.000
37	12	0.833	-1060.000
37	13	0.833	-1060.000
37	14	0.833	-1060.000
37	15	0.833	-1060.000
37	16	0.833	-1060.000
37	17	0.833	-1060.000
37	18	0.833	-1060.000
37	19	0.833	-1060.000
37	20	0.833	-1060.000
37	21	0.833	-1060.000
37	22	0.833	-1060.000
37	23	0.833	-1060.000
37	24	0.833	-1060.000
37	25	0.833	-1060.000
37	26	0.833	-1060.000
37	27	0.833	-1060.000
37	28	0.833	-1060.000
37	29	0.833	-1060.000
37	30	0.833	-1060.000
37	31	0.833	-1060.000
37	32	0.833	-1060.000
37	33	0.833	-1060.000
37	34	0.833	-1060.000
37	35	0.833	-1060.000
37	36	0.833	-1060.000
37	37	0.833	-1060.000
37	38	0.833	-1060.000
37	39	0.833	-1060.000
37	40	0.833	-1060.000
37	41	0.833	-1060.000
37	42	0.833	-1060.000
37	43	0.833	-1060.000
37	44	0.833	-1060.000
37	45	0.833	-1060.000
37	46	0.833	-1060.000
37	47	0.833	-1060.000
37	48	0.833	-1060.000
37	49	0.833	-1060.000
37	50	0.833	-1060.000
37	51	0.833	-1060.000
37	52	0.833	-1060.000
37	53	0.833	-1060.000
37	54	0.833	-1060.000
37	55	0.833	-1060.000
37	56	0.833	-1060.000
37	57	0.833	-1060.000
37	58	0.833	-1060.000
37	59	0.833	-1060.000
37	60	0.833	-1060.000
37	61	0.833	-1060.000
37	62	0.833	-1060.000
37	63	0.833	-1060.000
37	64	0.833	-1060.000
37	65	0.833	-1060.000
37	66	0.833	-1060.000
37	67	0.833	-1060.000
37	68	0.833	-1060.000
37	69	0.833	-1060.000
37	70	0.833	-1060.000
37	71	0.833	-1060.000
37	72	0.833	-1060.000
37	73	0.833	-1060.000
37	74	0.833	-1060.000
37	75	0.833	-1060.000
37	76	0.833	-1060.000
37	77	0.833	-1060.000
37	78	0.833	-1060.000
37	79	0.833	-1060.000
37	80	0.833	-1060.000
37	81	0.833	-1060.000
37	82	0.833	-1060.000
37	83	0.833	-1060.000
37	84	0.833	-1060.000
37	85	0.833	-1060.000
37	86	0.833	-1060.000
37	87	0.833	-1060.000
37	88	0.833	-1060.000
37	89	0.833	-1060.000
37	90	0.833	-1060.000
37	91	0.833	-1060.000
37	92	0.833	-1060.000
37	93	0.833	-1060.000
37	94	0.833	-1060.000
37	95	0.833	-1060.000
37	96	0.833	-1060.000
#
### SDC3-X2
38	1	0.833	-1060.000
38	2	0.833	-1060.000
38	3	0.833	-1060.000
38	4	0.833	-1060.000
38	5	0.833	-1060.000
38	6	0.833	-1060.000
38	7	0.833	-1060.000
38	8	0.833	-1060.000
38	9	0.833	-1060.000
38	10	0.833	-1060.000
38	11	0.833	-1060.000
38	12	0.833	-1060.000
38	13	0.833	-1060.000
38	14	0.833	-1060.000
38	15	0.833	-1060.000
38	16	0.833	-1060.000
38	17	0.833	-1060.000
38	18	0.833	-1060.000
38	19	0.833	-1060.000
38	20	0.833	-1060.000
38	21	0.833	-1060.000
38	22	0.833	-1060.000
38	23	0.833	-1060.000
38	24	0.833	-1060.000
38	25	0.833	-1060.000
38	26	0.833	-1060.000
38	27	0.833	-1060.000
38	28	0.833	-1060.000
38	29	0.833	-1060.000
38	30	0.833	-1060.000
38	31	0.833	-1060.000
38	32	0.833	-1060.000
38	33	0.833	-1060.000
38	34	0.833	-1060.000
38	35	0.833	-1060.000
38	36	0.833	-1060.000
38	37	0.833	-1060.000
38	38	0.833	-1060.000
38	39	0.833	-1060.000
38	40	0.833	-1060.000
38	41	0.833	-1060.000
38	42	0.833	-1060.000
38	43	0.833	-1060.000
38	44	0.833	-1060.000
38	45	0.833	-1060.000
38	46	0.833	-1060.000
38	47	0.833	-1060.000
38	48	0.833	-1060.000
38	49	0.833	-1060.000
38	50	0.833	-1060.000
38	51	0.833	-1060.000
38	52	0.833	-1060.000
38	53	0.833	-1060.000
38	54	0.833	-1060.000
38	55	0.833	-1060.000
38	56	0.833	-1060.000
38	57	0.833	-1060.000
38	58	0.833	-1060.000
38	59	0.833	-1060.000
38	60	0.833	-1060.000
38	61	0.833	-1060.000
38	62	0.833	-1060.000
38	63	0.833	-1060.000
38	64	0.833	-1060.000
38	65	0.833	-1060.000
38	66	0.833	-1060.000
38	67	0.833	-1060.000
38	68	0.833	-1060.000
38	69	0.833	-1060.000
38	70	0.833	-1060.000
38	71	0.833	-1060.000
38	72	0.833	-1060.000
38	73	0.833	-1060.000
38	74	0.833	-1060.000
38	75	0.833	-1060.000
38	76	0.833	-1060.000
38	77	0.833	-1060.000
38	78	0.833	-1060.000
38	79	0.833	-1060.000
38	80	0.833	-1060.000
38	81	0.833	-1060.000
38	82	0.833	-1060.000
38	83	0.833	-1060.000
38	84	0.833	-1060.000
38	85	0.833	-1060.000
38	86	0.833	-1060.000
38	87	0.833	-1060.000
38	88	0.833	-1060.000
38	89	0.833	-1060.000
38	90	0.833	-1060.000
38	91	0.833	-1060.000
38	92	0.833	-1060.000
38	93	0.833	-1060.000
38	94	0.833	-1060.000
38	95	0.833	-1060.000
38	96	0.833	-1060.000
#
