##
#  file: DCTdcCalib_0
#  date: 2016.05.25
#  note: first version
#
#
#######################################################################
# Id	WireId	p1	p0
#
### BC3-X1
113	1	1.000	-694.500
113	2	1.000	-694.500
113	3	1.000	-697.204
113	4	1.000	-696.844
113	5	1.000	-696.516
113	6	1.000	-695.321
113	7	1.000	-694.500
113	8	1.000	-693.974
113	9	1.000	-694.709
113	10	1.000	-695.781
113	11	1.000	-694.937
113	12	1.000	-695.185
113	13	1.000	-694.536
113	14	1.000	-694.768
113	15	1.000	-693.879
113	16	1.000	-694.460
113	17	1.000	-694.260
113	18	1.000	-695.802
113	19	1.000	-694.431
113	20	1.000	-694.770
113	21	1.000	-694.345
113	22	1.000	-695.242
113	23	1.000	-694.622
113	24	1.000	-694.394
113	25	1.000	-693.924
113	26	1.000	-694.628
113	27	1.000	-693.477
113	28	1.000	-693.185
113	29	1.000	-693.149
113	30	1.000	-694.239
113	31	1.000	-693.251
113	32	1.000	-693.792
113	33	1.000	-694.040
113	34	1.000	-694.290
113	35	1.000	-693.940
113	36	1.000	-694.056
113	37	1.000	-694.007
113	38	1.000	-695.030
113	39	1.000	-694.001
113	40	1.000	-693.613
113	41	1.000	-694.688
113	42	1.000	-694.917
113	43	1.000	-694.513
113	44	1.000	-694.477
113	45	1.000	-693.509
113	46	1.000	-693.916
113	47	1.000	-693.868
113	48	1.000	-693.774
113	49	1.000	-693.327
113	50	1.000	-695.308
113	51	1.000	-694.020
113	52	1.000	-695.151
113	53	1.000	-693.726
113	54	1.000	-694.796
113	55	1.000	-694.700
113	56	1.000	-694.321
113	57	1.000	-693.432
113	58	1.000	-694.361
113	59	1.000	-693.914
113	60	1.000	-693.366
113	61	1.000	-692.460
113	62	1.000	-692.944
113	63	1.000	-693.084
113	64	1.000	-696.493
#
### BC3-X2
114	1	1.000	-693.000
114	2	1.000	-693.000
114	3	1.000	-693.000
114	4	1.000	-693.000
114	5	1.000	-688.802
114	6	1.000	-694.050
114	7	1.000	-692.174
114	8	1.000	-692.415
114	9	1.000	-693.316
114	10	1.000	-693.525
114	11	1.000	-693.259
114	12	1.000	-693.193
114	13	1.000	-693.617
114	14	1.000	-693.130
114	15	1.000	-693.551
114	16	1.000	-692.382
114	17	1.000	-692.607
114	18	1.000	-692.663
114	19	1.000	-693.118
114	20	1.000	-692.483
114	21	1.000	-693.532
114	22	1.000	-693.325
114	23	1.000	-693.667
114	24	1.000	-693.547
114	25	1.000	-692.233
114	26	1.000	-693.006
114	27	1.000	-692.752
114	28	1.000	-692.580
114	29	1.000	-692.870
114	30	1.000	-692.990
114	31	1.000	-692.725
114	32	1.000	-691.819
114	33	1.000	-691.957
114	34	1.000	-691.816
114	35	1.000	-691.833
114	36	1.000	-691.068
114	37	1.000	-691.716
114	38	1.000	-691.897
114	39	1.000	-691.910
114	40	1.000	-691.319
114	41	1.000	-692.176
114	42	1.000	-692.588
114	43	1.000	-692.798
114	44	1.000	-692.140
114	45	1.000	-692.213
114	46	1.000	-692.379
114	47	1.000	-692.967
114	48	1.000	-691.530
114	49	1.000	-691.949
114	50	1.000	-691.932
114	51	1.000	-691.725
114	52	1.000	-691.760
114	53	1.000	-692.891
114	54	1.000	-692.331
114	55	1.000	-692.885
114	56	1.000	-693.156
114	57	1.000	-692.314
114	58	1.000	-692.732
114	59	1.000	-691.772
114	60	1.000	-691.614
114	61	1.000	-691.292
114	62	1.000	-689.735
114	63	1.000	-689.104
114	64	1.000	-693.000
#
### BC3-U1
115	1	1.000	-693.708
115	2	1.000	-691.388
115	3	1.000	-695.665
115	4	1.000	-693.910
115	5	1.000	-691.517
115	6	1.000	-691.637
115	7	1.000	-694.009
115	8	1.000	-690.289
115	9	1.000	-692.990
115	10	1.000	-691.952
115	11	1.000	-692.089
115	12	1.000	-690.808
115	13	1.000	-691.091
115	14	1.000	-690.167
115	15	1.000	-690.689
115	16	1.000	-690.164
115	17	1.000	-689.545
115	18	1.000	-690.931
115	19	1.000	-690.517
115	20	1.000	-691.214
115	21	1.000	-690.256
115	22	1.000	-690.746
115	23	1.000	-690.449
115	24	1.000	-690.359
115	25	1.000	-689.926
115	26	1.000	-689.920
115	27	1.000	-690.644
115	28	1.000	-689.648
115	29	1.000	-690.106
115	30	1.000	-690.319
115	31	1.000	-689.920
115	32	1.000	-690.154
115	33	1.000	-692.272
115	34	1.000	-692.538
115	35	1.000	-693.380
115	36	1.000	-692.967
115	37	1.000	-693.098
115	38	1.000	-693.189
115	39	1.000	-693.494
115	40	1.000	-693.076
115	41	1.000	-693.500
115	42	1.000	-694.146
115	43	1.000	-693.682
115	44	1.000	-693.888
115	45	1.000	-693.109
115	46	1.000	-693.476
115	47	1.000	-693.060
115	48	1.000	-692.681
115	49	1.000	-692.528
115	50	1.000	-694.024
115	51	1.000	-693.753
115	52	1.000	-694.168
115	53	1.000	-693.896
115	54	1.000	-693.304
115	55	1.000	-694.495
115	56	1.000	-693.137
115	57	1.000	-692.821
115	58	1.000	-693.197
115	59	1.000	-693.039
115	60	1.000	-692.132
115	61	1.000	-691.289
115	62	1.000	-691.502
115	63	1.000	-690.347
115	64	1.000	-692.990
#
### BC3-U2
116	1	1.000	-688.423
116	2	1.000	-692.100
116	3	1.000	-692.100
116	4	1.000	-684.626
116	5	1.000	-684.553
116	6	1.000	-693.481
116	7	1.000	-692.017
116	8	1.000	-691.433
116	9	1.000	-692.183
116	10	1.000	-692.769
116	11	1.000	-692.436
116	12	1.000	-691.753
116	13	1.000	-691.719
116	14	1.000	-691.647
116	15	1.000	-692.300
116	16	1.000	-691.205
116	17	1.000	-691.214
116	18	1.000	-691.926
116	19	1.000	-691.606
116	20	1.000	-691.479
116	21	1.000	-691.900
116	22	1.000	-692.074
116	23	1.000	-692.195
116	24	1.000	-692.115
116	25	1.000	-691.488
116	26	1.000	-691.991
116	27	1.000	-691.897
116	28	1.000	-691.247
116	29	1.000	-691.268
116	30	1.000	-691.331
116	31	1.000	-691.026
116	32	1.000	-690.392
116	33	1.000	-690.872
116	34	1.000	-690.382
116	35	1.000	-690.833
116	36	1.000	-690.178
116	37	1.000	-690.382
116	38	1.000	-690.720
116	39	1.000	-691.246
116	40	1.000	-690.349
116	41	1.000	-691.500
116	42	1.000	-692.027
116	43	1.000	-691.801
116	44	1.000	-692.324
116	45	1.000	-691.520
116	46	1.000	-691.858
116	47	1.000	-692.273
116	48	1.000	-690.774
116	49	1.000	-690.917
116	50	1.000	-691.214
116	51	1.000	-691.698
116	52	1.000	-691.113
116	53	1.000	-692.381
116	54	1.000	-692.049
116	55	1.000	-692.413
116	56	1.000	-692.517
116	57	1.000	-691.743
116	58	1.000	-691.856
116	59	1.000	-692.566
116	60	1.000	-691.643
116	61	1.000	-692.028
116	62	1.000	-693.244
116	63	1.000	-686.731
116	64	1.000	-686.598
#
### BC3-V1
117	1	1.000	-695.062
117	2	1.000	-692.881
117	3	1.000	-698.664
117	4	1.000	-692.622
117	5	1.000	-694.691
117	6	1.000	-694.185
117	7	1.000	-691.619
117	8	1.000	-693.603
117	9	1.000	-693.804
117	10	1.000	-694.026
117	11	1.000	-693.444
117	12	1.000	-693.300
117	13	1.000	-692.635
117	14	1.000	-692.900
117	15	1.000	-692.511
117	16	1.000	-692.370
117	17	1.000	-692.286
117	18	1.000	-693.676
117	19	1.000	-693.273
117	20	1.000	-693.454
117	21	1.000	-693.101
117	22	1.000	-693.523
117	23	1.000	-693.649
117	24	1.000	-692.868
117	25	1.000	-691.289
117	26	1.000	-692.012
117	27	1.000	-691.897
117	28	1.000	-692.075
117	29	1.000	-691.808
117	30	1.000	-692.579
117	31	1.000	-692.145
117	32	1.000	-692.605
117	33	1.000	-691.790
117	34	1.000	-692.661
117	35	1.000	-693.118
117	36	1.000	-693.011
117	37	1.000	-692.704
117	38	1.000	-692.944
117	39	1.000	-693.204
117	40	1.000	-692.800
117	41	1.000	-693.860
117	42	1.000	-694.144
117	43	1.000	-693.717
117	44	1.000	-693.521
117	45	1.000	-693.348
117	46	1.000	-692.950
117	47	1.000	-692.987
117	48	1.000	-692.292
117	49	1.000	-692.064
117	50	1.000	-693.767
117	51	1.000	-693.105
117	52	1.000	-693.395
117	53	1.000	-693.120
117	54	1.000	-693.383
117	55	1.000	-693.714
117	56	1.000	-693.181
117	57	1.000	-692.455
117	58	1.000	-693.028
117	59	1.000	-692.184
117	60	1.000	-691.682
117	61	1.000	-687.450
117	62	1.000	-678.826
117	63	1.000	-687.313
117	64	1.000	-706.334
#
### BC3-V2
118	1	1.000	-692.000
118	2	1.000	-693.240
118	3	1.000	-689.096
118	4	1.000	-674.595
118	5	1.000	-681.709
118	6	1.000	-688.884
118	7	1.000	-689.944
118	8	1.000	-687.186
118	9	1.000	-692.071
118	10	1.000	-691.400
118	11	1.000	-692.196
118	12	1.000	-690.830
118	13	1.000	-691.357
118	14	1.000	-691.225
118	15	1.000	-691.117
118	16	1.000	-689.855
118	17	1.000	-690.170
118	18	1.000	-689.997
118	19	1.000	-690.839
118	20	1.000	-690.543
118	21	1.000	-691.094
118	22	1.000	-690.891
118	23	1.000	-690.886
118	24	1.000	-690.825
118	25	1.000	-689.765
118	26	1.000	-690.368
118	27	1.000	-690.460
118	28	1.000	-689.972
118	29	1.000	-690.092
118	30	1.000	-690.626
118	31	1.000	-689.667
118	32	1.000	-689.322
118	33	1.000	-689.321
118	34	1.000	-689.600
118	35	1.000	-689.528
118	36	1.000	-688.961
118	37	1.000	-689.721
118	38	1.000	-690.028
118	39	1.000	-689.407
118	40	1.000	-689.627
118	41	1.000	-690.062
118	42	1.000	-690.714
118	43	1.000	-690.318
118	44	1.000	-690.602
118	45	1.000	-690.743
118	46	1.000	-690.831
118	47	1.000	-690.644
118	48	1.000	-689.281
118	49	1.000	-689.437
118	50	1.000	-689.987
118	51	1.000	-690.305
118	52	1.000	-690.531
118	53	1.000	-691.071
118	54	1.000	-691.380
118	55	1.000	-690.915
118	56	1.000	-691.371
118	57	1.000	-690.899
118	58	1.000	-691.073
118	59	1.000	-690.265
118	60	1.000	-691.001
118	61	1.000	-690.891
118	62	1.000	-690.082
118	63	1.000	-675.009
118	64	1.000	-692.000
#
### BC4-U1
119	1	1.000	-690.000
119	2	1.000	-690.000
119	3	1.000	-690.000
119	4	1.000	-690.000
119	5	1.000	-690.000
119	6	1.000	-690.000
119	7	1.000	-690.000
119	8	1.000	-690.000
119	9	1.000	-690.000
119	10	1.000	-683.805
119	11	1.000	-690.000
119	12	1.000	-685.064
119	13	1.000	-683.447
119	14	1.000	-687.278
119	15	1.000	-689.984
119	16	1.000	-689.640
119	17	1.000	-689.650
119	18	1.000	-691.115
119	19	1.000	-690.270
119	20	1.000	-690.345
119	21	1.000	-690.336
119	22	1.000	-690.999
119	23	1.000	-690.101
119	24	1.000	-689.674
119	25	1.000	-689.058
119	26	1.000	-689.744
119	27	1.000	-689.093
119	28	1.000	-689.250
119	29	1.000	-689.415
119	30	1.000	-689.783
119	31	1.000	-689.541
119	32	1.000	-689.237
119	33	1.000	-688.675
119	34	1.000	-688.931
119	35	1.000	-689.438
119	36	1.000	-689.261
119	37	1.000	-689.959
119	38	1.000	-689.429
119	39	1.000	-690.260
119	40	1.000	-689.198
119	41	1.000	-690.217
119	42	1.000	-689.619
119	43	1.000	-690.667
119	44	1.000	-690.489
119	45	1.000	-690.216
119	46	1.000	-689.187
119	47	1.000	-690.110
119	48	1.000	-689.400
119	49	1.000	-689.327
119	50	1.000	-691.427
119	51	1.000	-691.087
119	52	1.000	-691.068
119	53	1.000	-690.630
119	54	1.000	-685.121
119	55	1.000	-690.000
119	56	1.000	-690.000
119	57	1.000	-686.956
119	58	1.000	-690.000
119	59	1.000	-690.260
119	60	1.000	-690.000
119	61	1.000	-690.000
119	62	1.000	-690.000
119	63	1.000	-690.000
119	64	1.000	-690.000
#
### BC4-U2
120	1	1.000	-689.000
120	2	1.000	-689.000
120	3	1.000	-689.000
120	4	1.000	-689.000
120	5	1.000	-689.000
120	6	1.000	-689.000
120	7	1.000	-689.000
120	8	1.000	-689.000
120	9	1.000	-689.000
120	10	1.000	-689.000
120	11	1.000	-689.000
120	12	1.000	-689.000
120	13	1.000	-685.370
120	14	1.000	-680.643
120	15	1.000	-682.719
120	16	1.000	-686.344
120	17	1.000	-686.817
120	18	1.000	-688.306
120	19	1.000	-688.868
120	20	1.000	-687.924
120	21	1.000	-688.575
120	22	1.000	-688.686
120	23	1.000	-689.199
120	24	1.000	-688.732
120	25	1.000	-687.214
120	26	1.000	-688.467
120	27	1.000	-687.489
120	28	1.000	-688.220
120	29	1.000	-687.806
120	30	1.000	-688.608
120	31	1.000	-687.078
120	32	1.000	-687.146
120	33	1.000	-688.253
120	34	1.000	-687.667
120	35	1.000	-687.870
120	36	1.000	-687.000
120	37	1.000	-687.646
120	38	1.000	-687.474
120	39	1.000	-687.907
120	40	1.000	-687.196
120	41	1.000	-687.847
120	42	1.000	-688.697
120	43	1.000	-688.360
120	44	1.000	-688.670
120	45	1.000	-688.634
120	46	1.000	-688.778
120	47	1.000	-689.021
120	48	1.000	-688.002
120	49	1.000	-688.650
120	50	1.000	-688.444
120	51	1.000	-688.843
120	52	1.000	-689.245
120	53	1.000	-689.030
120	54	1.000	-688.392
120	55	1.000	-677.669
120	56	1.000	-689.000
120	57	1.000	-689.000
120	58	1.000	-689.000
120	59	1.000	-689.000
120	60	1.000	-689.000
120	61	1.000	-689.000
120	62	1.000	-689.000
120	63	1.000	-689.000
120	64	1.000	-689.000
#
### BC4-V1
121	1	1.000	-690.000
121	2	1.000	-690.000
121	3	1.000	-690.000
121	4	1.000	-690.000
121	5	1.000	-692.021
121	6	1.000	-690.000
121	7	1.000	-690.000
121	8	1.000	-683.912
121	9	1.000	-686.275
121	10	1.000	-681.662
121	11	1.000	-687.588
121	12	1.000	-688.862
121	13	1.000	-689.396
121	14	1.000	-690.461
121	15	1.000	-690.862
121	16	1.000	-689.919
121	17	1.000	-690.133
121	18	1.000	-689.929
121	19	1.000	-688.918
121	20	1.000	-689.688
121	21	1.000	-688.919
121	22	1.000	-689.501
121	23	1.000	-689.280
121	24	1.000	-689.343
121	25	1.000	-687.533
121	26	1.000	-688.522
121	27	1.000	-687.982
121	28	1.000	-687.854
121	29	1.000	-687.932
121	30	1.000	-688.575
121	31	1.000	-688.418
121	32	1.000	-688.523
121	33	1.000	-688.442
121	34	1.000	-688.516
121	35	1.000	-689.968
121	36	1.000	-689.141
121	37	1.000	-689.667
121	38	1.000	-689.462
121	39	1.000	-689.482
121	40	1.000	-688.415
121	41	1.000	-690.585
121	42	1.000	-689.535
121	43	1.000	-690.574
121	44	1.000	-690.602
121	45	1.000	-689.683
121	46	1.000	-689.283
121	47	1.000	-690.409
121	48	1.000	-689.228
121	49	1.000	-689.352
121	50	1.000	-690.718
121	51	1.000	-691.126
121	52	1.000	-690.577
121	53	1.000	-691.387
121	54	1.000	-691.024
121	55	1.000	-692.140
121	56	1.000	-686.845
121	57	1.000	-690.000
121	58	1.000	-690.000
121	59	1.000	-690.000
121	60	1.000	-690.993
121	61	1.000	-690.000
121	62	1.000	-690.000
121	63	1.000	-671.115
121	64	1.000	-690.000
#
### BC4-V2
122	1	1.000	-690.000
122	2	1.000	-690.000
122	3	1.000	-690.000
122	4	1.000	-686.641
122	5	1.000	-690.000
122	6	1.000	-690.000
122	7	1.000	-678.139
122	8	1.000	-690.000
122	9	1.000	-689.101
122	10	1.000	-690.000
122	11	1.000	-690.000
122	12	1.000	-690.000
122	13	1.000	-687.646
122	14	1.000	-684.640
122	15	1.000	-689.724
122	16	1.000	-689.909
122	17	1.000	-690.319
122	18	1.000	-689.933
122	19	1.000	-690.420
122	20	1.000	-689.903
122	21	1.000	-690.662
122	22	1.000	-690.767
122	23	1.000	-690.881
122	24	1.000	-690.959
122	25	1.000	-689.372
122	26	1.000	-690.518
122	27	1.000	-690.185
122	28	1.000	-690.087
122	29	1.000	-689.505
122	30	1.000	-690.109
122	31	1.000	-689.423
122	32	1.000	-689.082
122	33	1.000	-688.973
122	34	1.000	-688.732
122	35	1.000	-689.197
122	36	1.000	-688.382
122	37	1.000	-688.521
122	38	1.000	-688.797
122	39	1.000	-689.072
122	40	1.000	-688.573
122	41	1.000	-689.849
122	42	1.000	-690.040
122	43	1.000	-690.283
122	44	1.000	-690.027
122	45	1.000	-689.897
122	46	1.000	-690.131
122	47	1.000	-689.948
122	48	1.000	-689.117
122	49	1.000	-689.544
122	50	1.000	-689.678
122	51	1.000	-690.768
122	52	1.000	-689.358
122	53	1.000	-690.429
122	54	1.000	-690.000
122	55	1.000	-678.832
122	56	1.000	-690.110
122	57	1.000	-690.000
122	58	1.000	-690.000
122	59	1.000	-690.000
122	60	1.000	-690.000
122	61	1.000	-690.000
122	62	1.000	-690.000
122	63	1.000	-690.000
122	64	1.000	-690.000
#
### BC4-X1
123	1	1.000	-690.000
123	2	1.000	-690.000
123	3	1.000	-690.000
123	4	1.000	-690.000
123	5	1.000	-690.000
123	6	1.000	-690.000
123	7	1.000	-690.000
123	8	1.000	-690.000
123	9	1.000	-691.882
123	10	1.000	-682.094
123	11	1.000	-687.716
123	12	1.000	-690.128
123	13	1.000	-688.310
123	14	1.000	-690.000
123	15	1.000	-689.198
123	16	1.000	-688.833
123	17	1.000	-688.558
123	18	1.000	-689.031
123	19	1.000	-688.471
123	20	1.000	-688.381
123	21	1.000	-688.395
123	22	1.000	-688.318
123	23	1.000	-688.592
123	24	1.000	-687.705
123	25	1.000	-686.755
123	26	1.000	-687.306
123	27	1.000	-687.273
123	28	1.000	-687.594
123	29	1.000	-686.841
123	30	1.000	-688.419
123	31	1.000	-687.722
123	32	1.000	-688.011
123	33	1.000	-689.073
123	34	1.000	-689.263
123	35	1.000	-689.968
123	36	1.000	-689.335
123	37	1.000	-690.011
123	38	1.000	-689.120
123	39	1.000	-690.676
123	40	1.000	-689.051
123	41	1.000	-690.628
123	42	1.000	-690.339
123	43	1.000	-691.100
123	44	1.000	-690.605
123	45	1.000	-689.978
123	46	1.000	-689.241
123	47	1.000	-690.058
123	48	1.000	-689.526
123	49	1.000	-690.122
123	50	1.000	-691.288
123	51	1.000	-690.553
123	52	1.000	-690.453
123	53	1.000	-690.970
123	54	1.000	-691.427
123	55	1.000	-690.000
123	56	1.000	-690.881
123	57	1.000	-688.144
123	58	1.000	-694.069
123	59	1.000	-690.000
123	60	1.000	-683.543
123	61	1.000	-691.078
123	62	1.000	-690.000
123	63	1.000	-677.290
123	64	1.000	-690.000
#
### BC4-X2
124	1	1.000	-690.000
124	2	1.000	-690.000
124	3	1.000	-690.000
124	4	1.000	-690.000
124	5	1.000	-690.000
124	6	1.000	-690.000
124	7	1.000	-690.000
124	8	1.000	-690.000
124	9	1.000	-690.000
124	10	1.000	-690.000
124	11	1.000	-690.000
124	12	1.000	-682.497
124	13	1.000	-688.458
124	14	1.000	-690.000
124	15	1.000	-690.261
124	16	1.000	-689.117
124	17	1.000	-689.186
124	18	1.000	-689.378
124	19	1.000	-688.720
124	20	1.000	-688.640
124	21	1.000	-689.845
124	22	1.000	-689.233
124	23	1.000	-689.327
124	24	1.000	-689.094
124	25	1.000	-688.283
124	26	1.000	-689.193
124	27	1.000	-688.992
124	28	1.000	-688.865
124	29	1.000	-688.864
124	30	1.000	-688.354
124	31	1.000	-688.413
124	32	1.000	-687.464
124	33	1.000	-688.225
124	34	1.000	-688.651
124	35	1.000	-688.203
124	36	1.000	-688.116
124	37	1.000	-687.741
124	38	1.000	-688.856
124	39	1.000	-687.907
124	40	1.000	-687.776
124	41	1.000	-688.282
124	42	1.000	-688.641
124	43	1.000	-688.941
124	44	1.000	-688.661
124	45	1.000	-688.953
124	46	1.000	-689.181
124	47	1.000	-688.894
124	48	1.000	-688.510
124	49	1.000	-688.428
124	50	1.000	-689.170
124	51	1.000	-689.436
124	52	1.000	-688.783
124	53	1.000	-690.160
124	54	1.000	-689.015
124	55	1.000	-690.000
124	56	1.000	-690.000
124	57	1.000	-689.994
124	58	1.000	-690.000
124	59	1.000	-691.086
124	60	1.000	-671.532
124	61	1.000	-690.000
124	62	1.000	-690.000
124	63	1.000	-692.156
124	64	1.000	-690.000
#
### SDC1-U1
1	1	1.000	-676.362
1	2	1.000	-678.034
1	3	1.000	-677.676
1	4	1.000	-678.176
1	5	1.000	-679.292
1	6	1.000	-679.623
1	7	1.000	-678.671
1	8	1.000	-678.202
1	9	1.000	-680.375
1	10	1.000	-679.491
1	11	1.000	-680.496
1	12	1.000	-679.647
1	13	1.000	-679.277
1	14	1.000	-679.118
1	15	1.000	-679.777
1	16	1.000	-679.201
1	17	1.000	-676.422
1	18	1.000	-677.668
1	19	1.000	-677.282
1	20	1.000	-677.556
1	21	1.000	-678.515
1	22	1.000	-678.664
1	23	1.000	-677.878
1	24	1.000	-677.539
1	25	1.000	-678.986
1	26	1.000	-678.365
1	27	1.000	-678.232
1	28	1.000	-677.472
1	29	1.000	-676.991
1	30	1.000	-676.409
1	31	1.000	-676.141
1	32	1.000	-675.470
1	33	1.000	-674.493
1	34	1.000	-674.717
1	35	1.000	-675.609
1	36	1.000	-675.360
1	37	1.000	-677.232
1	38	1.000	-676.635
1	39	1.000	-676.762
1	40	1.000	-676.092
1	41	1.000	-677.030
1	42	1.000	-677.825
1	43	1.000	-678.154
1	44	1.000	-676.630
1	45	1.000	-676.700
1	46	1.000	-675.925
1	47	1.000	-676.517
1	48	1.000	-676.324
1	49	1.000	-676.965
1	50	1.000	-677.230
1	51	1.000	-676.974
1	52	1.000	-677.370
1	53	1.000	-678.306
1	54	1.000	-678.468
1	55	1.000	-677.925
1	56	1.000	-677.477
1	57	1.000	-678.264
1	58	1.000	-677.535
1	59	1.000	-677.964
1	60	1.000	-677.846
1	61	1.000	-677.589
1	62	1.000	-676.820
1	63	1.000	-677.036
1	64	1.000	-678.000
#
### SDC1-U2
2	1	1.000	-675.946
2	2	1.000	-678.113
2	3	1.000	-678.427
2	4	1.000	-679.621
2	5	1.000	-679.797
2	6	1.000	-679.823
2	7	1.000	-679.198
2	8	1.000	-679.606
2	9	1.000	-679.193
2	10	1.000	-679.607
2	11	1.000	-679.949
2	12	1.000	-680.470
2	13	1.000	-679.055
2	14	1.000	-679.058
2	15	1.000	-678.728
2	16	1.000	-679.082
2	17	1.000	-676.834
2	18	1.000	-678.236
2	19	1.000	-678.135
2	20	1.000	-678.432
2	21	1.000	-678.616
2	22	1.000	-678.638
2	23	1.000	-678.495
2	24	1.000	-678.199
2	25	1.000	-678.191
2	26	1.000	-678.777
2	27	1.000	-678.737
2	28	1.000	-679.042
2	29	1.000	-677.438
2	30	1.000	-677.303
2	31	1.000	-676.941
2	32	1.000	-676.143
2	33	1.000	-674.597
2	34	1.000	-675.191
2	35	1.000	-676.377
2	36	1.000	-676.388
2	37	1.000	-676.751
2	38	1.000	-676.766
2	39	1.000	-676.577
2	40	1.000	-676.952
2	41	1.000	-676.202
2	42	1.000	-677.627
2	43	1.000	-677.222
2	44	1.000	-677.257
2	45	1.000	-676.927
2	46	1.000	-676.531
2	47	1.000	-675.375
2	48	1.000	-676.304
2	49	1.000	-676.386
2	50	1.000	-677.703
2	51	1.000	-677.809
2	52	1.000	-678.322
2	53	1.000	-678.238
2	54	1.000	-678.089
2	55	1.000	-677.768
2	56	1.000	-678.201
2	57	1.000	-677.616
2	58	1.000	-678.916
2	59	1.000	-677.826
2	60	1.000	-678.672
2	61	1.000	-676.977
2	62	1.000	-677.239
2	63	1.000	-677.449
2	64	1.000	-676.775
#
### SDC1-X1
3	1	1.000	-676.221
3	2	1.000	-678.592
3	3	1.000	-678.108
3	4	1.000	-678.580
3	5	1.000	-679.429
3	6	1.000	-679.018
3	7	1.000	-678.552
3	8	1.000	-678.190
3	9	1.000	-678.462
3	10	1.000	-679.175
3	11	1.000	-678.864
3	12	1.000	-679.651
3	13	1.000	-678.106
3	14	1.000	-678.404
3	15	1.000	-677.987
3	16	1.000	-678.156
3	17	1.000	-678.475
3	18	1.000	-679.196
3	19	1.000	-679.451
3	20	1.000	-679.480
3	21	1.000	-679.693
3	22	1.000	-680.180
3	23	1.000	-679.251
3	24	1.000	-679.853
3	25	1.000	-679.136
3	26	1.000	-679.059
3	27	1.000	-679.535
3	28	1.000	-679.829
3	29	1.000	-678.128
3	30	1.000	-678.878
3	31	1.000	-677.534
3	32	1.000	-677.220
3	33	1.000	-674.379
3	34	1.000	-675.026
3	35	1.000	-675.362
3	36	1.000	-675.979
3	37	1.000	-676.603
3	38	1.000	-677.110
3	39	1.000	-677.411
3	40	1.000	-677.312
3	41	1.000	-676.428
3	42	1.000	-677.765
3	43	1.000	-677.695
3	44	1.000	-677.053
3	45	1.000	-676.494
3	46	1.000	-676.973
3	47	1.000	-675.792
3	48	1.000	-675.960
3	49	1.000	-675.678
3	50	1.000	-676.751
3	51	1.000	-676.852
3	52	1.000	-677.256
3	53	1.000	-677.000
3	54	1.000	-677.375
3	55	1.000	-676.561
3	56	1.000	-676.813
3	57	1.000	-677.505
3	58	1.000	-678.300
3	59	1.000	-678.435
3	60	1.000	-678.522
3	61	1.000	-676.357
3	62	1.000	-677.504
3	63	1.000	-676.328
3	64	1.000	-676.354
#
### SDC1-X2 
4	1	1.000	-677.331
4	2	1.000	-678.287
4	3	1.000	-678.784
4	4	1.000	-678.354
4	5	1.000	-679.209
4	6	1.000	-679.388
4	7	1.000	-679.031
4	8	1.000	-677.904
4	9	1.000	-679.619
4	10	1.000	-678.931
4	11	1.000	-679.375
4	12	1.000	-678.899
4	13	1.000	-678.281
4	14	1.000	-678.047
4	15	1.000	-678.637
4	16	1.000	-678.056
4	17	1.000	-678.679
4	18	1.000	-678.821
4	19	1.000	-679.425
4	20	1.000	-678.933
4	21	1.000	-679.942
4	22	1.000	-680.264
4	23	1.000	-679.873
4	24	1.000	-679.532
4	25	1.000	-680.644
4	26	1.000	-679.761
4	27	1.000	-680.320
4	28	1.000	-679.165
4	29	1.000	-679.054
4	30	1.000	-678.073
4	31	1.000	-677.823
4	32	1.000	-677.392
4	33	1.000	-674.566
4	34	1.000	-674.652
4	35	1.000	-676.308
4	36	1.000	-676.035
4	37	1.000	-676.387
4	38	1.000	-676.975
4	39	1.000	-677.112
4	40	1.000	-676.626
4	41	1.000	-677.295
4	42	1.000	-676.882
4	43	1.000	-677.222
4	44	1.000	-676.859
4	45	1.000	-676.482
4	46	1.000	-676.397
4	47	1.000	-676.368
4	48	1.000	-676.094
4	49	1.000	-676.454
4	50	1.000	-676.132
4	51	1.000	-677.177
4	52	1.000	-676.353
4	53	1.000	-677.125
4	54	1.000	-677.265
4	55	1.000	-677.337
4	56	1.000	-677.248
4	57	1.000	-677.875
4	58	1.000	-678.330
4	59	1.000	-677.732
4	60	1.000	-678.037
4	61	1.000	-676.446
4	62	1.000	-676.262
4	63	1.000	-676.248
4	64	1.000	-675.410
#
### SDC1-V1
5	1	1.000	-674.954
5	2	1.000	-675.415
5	3	1.000	-675.969
5	4	1.000	-675.650
5	5	1.000	-677.893
5	6	1.000	-677.756
5	7	1.000	-677.550
5	8	1.000	-676.672
5	9	1.000	-677.279
5	10	1.000	-677.549
5	11	1.000	-677.463
5	12	1.000	-677.285
5	13	1.000	-676.904
5	14	1.000	-676.280
5	15	1.000	-676.193
5	16	1.000	-676.439
5	17	1.000	-678.019
5	18	1.000	-678.609
5	19	1.000	-677.943
5	20	1.000	-678.041
5	21	1.000	-679.635
5	22	1.000	-678.885
5	23	1.000	-678.708
5	24	1.000	-678.184
5	25	1.000	-679.341
5	26	1.000	-678.363
5	27	1.000	-678.073
5	28	1.000	-677.228
5	29	1.000	-676.788
5	30	1.000	-676.424
5	31	1.000	-676.134
5	32	1.000	-676.363
5	33	1.000	-676.393
5	34	1.000	-676.494
5	35	1.000	-676.952
5	36	1.000	-677.847
5	37	1.000	-678.402
5	38	1.000	-678.747
5	39	1.000	-677.837
5	40	1.000	-678.098
5	41	1.000	-679.665
5	42	1.000	-678.622
5	43	1.000	-679.245
5	44	1.000	-678.751
5	45	1.000	-677.777
5	46	1.000	-678.036
5	47	1.000	-677.564
5	48	1.000	-677.803
5	49	1.000	-677.869
5	50	1.000	-677.261
5	51	1.000	-677.516
5	52	1.000	-678.108
5	53	1.000	-678.660
5	54	1.000	-677.713
5	55	1.000	-677.948
5	56	1.000	-677.554
5	57	1.000	-679.676
5	58	1.000	-677.660
5	59	1.000	-678.132
5	60	1.000	-676.707
5	61	1.000	-676.725
5	62	1.000	-676.140
5	63	1.000	-676.525
5	64	1.000	-674.863
#
### SDC1-V2
6	1	1.000	-673.026
6	2	1.000	-675.519
6	3	1.000	-676.025
6	4	1.000	-677.002
6	5	1.000	-677.669
6	6	1.000	-678.307
6	7	1.000	-676.665
6	8	1.000	-676.994
6	9	1.000	-676.387
6	10	1.000	-677.537
6	11	1.000	-677.577
6	12	1.000	-678.298
6	13	1.000	-676.338
6	14	1.000	-676.945
6	15	1.000	-676.315
6	16	1.000	-676.332
6	17	1.000	-676.937
6	18	1.000	-677.961
6	19	1.000	-677.377
6	20	1.000	-678.108
6	21	1.000	-678.288
6	22	1.000	-678.498
6	23	1.000	-678.094
6	24	1.000	-678.079
6	25	1.000	-677.710
6	26	1.000	-678.406
6	27	1.000	-678.360
6	28	1.000	-677.986
6	29	1.000	-675.979
6	30	1.000	-676.080
6	31	1.000	-675.580
6	32	1.000	-675.232
6	33	1.000	-674.689
6	34	1.000	-676.212
6	35	1.000	-676.406
6	36	1.000	-677.566
6	37	1.000	-677.639
6	38	1.000	-678.670
6	39	1.000	-677.417
6	40	1.000	-677.844
6	41	1.000	-677.776
6	42	1.000	-678.395
6	43	1.000	-678.286
6	44	1.000	-678.436
6	45	1.000	-677.142
6	46	1.000	-677.407
6	47	1.000	-676.392
6	48	1.000	-677.015
6	49	1.000	-676.398
6	50	1.000	-677.053
6	51	1.000	-677.659
6	52	1.000	-677.977
6	53	1.000	-677.626
6	54	1.000	-677.221
6	55	1.000	-676.674
6	56	1.000	-677.245
6	57	1.000	-677.565
6	58	1.000	-678.426
6	59	1.000	-678.185
6	60	1.000	-678.386
6	61	1.000	-676.343
6	62	1.000	-676.807
6	63	1.000	-675.554
6	64	1.000	-674.496
#
### SDC2-X1
31	1	1.00000	-848.081
31	2	1.00000	-850.916
31	3	1.00000	-851.258
31	4	1.00000	-851.548
31	5	1.00000	-853.733
31	6	1.00000	-852.559
31	7	1.00000	-853.007
31	8	1.00000	-852.275
31	9	1.00000	-854.845
31	10	1.00000	-855.004
31	11	1.00000	-854.617
31	12	1.00000	-854.517
31	13	1.00000	-855.239
31	14	1.00000	-853.262
31	15	1.00000	-854.184
31	16	1.00000	-853.285
31	17	1.00000	-853.383
31	18	1.00000	-852.536
31	19	1.00000	-853.554
31	20	1.00000	-853.235
31	21	1.00000	-852.987
31	22	1.00000	-852.666
31	23	1.00000	-853.259
31	24	1.00000	-851.050
31	25	1.00000	-853.556
31	26	1.00000	-852.555
31	27	1.00000	-852.415
31	28	1.00000	-854.991
31	29	1.00000	-852.056
31	30	1.00000	-853.882
31	31	1.00000	-853.333
31	32	1.00000	-854.074
31	33	1.00000	-854.404
31	34	1.00000	-854.472
31	35	1.00000	-854.310
31	36	1.00000	-852.908
31	37	1.00000	-854.358
31	38	1.00000	-853.007
31	39	1.00000	-853.898
31	40	1.00000	-853.482
31	41	1.00000	-854.251
31	42	1.00000	-856.080
31	43	1.00000	-856.965
31	44	1.00000	-856.389
31	45	1.00000	-854.636
31	46	1.00000	-853.688
31	47	1.00000	-855.076
31	48	1.00000	-854.955
31	49	1.00000	-853.847
31	50	1.00000	-853.141
31	51	1.00000	-853.518
31	52	1.00000	-854.777
31	53	1.00000	-854.968
31	54	1.00000	-855.254
31	55	1.00000	-854.846
31	56	1.00000	-854.109
31	57	1.00000	-854.517
31	58	1.00000	-855.140
31	59	1.00000	-853.769
31	60	1.00000	-856.027
31	61	1.00000	-855.570
31	62	1.00000	-855.126
31	63	1.00000	-855.540
31	64	1.00000	-856.420
31	65	1.00000	-853.971
31	66	1.00000	-853.639
31	67	1.00000	-853.659
31	68	1.00000	-854.018
31	69	1.00000	-854.137
31	70	1.00000	-853.461
31	71	1.00000	-853.613
31	72	1.00000	-853.596
31	73	1.00000	-854.426
31	74	1.00000	-855.733
31	75	1.00000	-855.274
31	76	1.00000	-855.482
31	77	1.00000	-855.527
31	78	1.00000	-855.984
31	79	1.00000	-856.947
31	80	1.00000	-853.982
31	81	1.00000	-853.848
31	82	1.00000	-853.019
31	83	1.00000	-852.289
31	84	1.00000	-854.219
31	85	1.00000	-854.154
31	86	1.00000	-853.110
31	87	1.00000	-854.947
31	88	1.00000	-853.727
31	89	1.00000	-852.210
31	90	1.00000	-854.911
31	91	1.00000	-854.585
31	92	1.00000	-854.975
31	93	1.00000	-855.666
31	94	1.00000	-854.921
31	95	1.00000	-855.827
31	96	1.00000	-855.773
31	97	1.00000	-853.191
31	98	1.00000	-854.441
31	99	1.00000	-853.927
31	100	1.00000	-854.007
31	101	1.00000	-854.352
31	102	1.00000	-853.599
31	103	1.00000	-854.588
31	104	1.00000	-853.913
31	105	1.00000	-855.721
31	106	1.00000	-855.875
31	107	1.00000	-856.046
31	108	1.00000	-855.110
31	109	1.00000	-855.170
31	110	1.00000	-853.150
31	111	1.00000	-853.411
31	112	1.00000	-853.031
31	113	1.00000	-853.758
31	114	1.00000	-852.929
31	115	1.00000	-852.979
31	116	1.00000	-853.250
31	117	1.00000	-853.551
31	118	1.00000	-853.112
31	119	1.00000	-853.797
31	120	1.00000	-852.449
31	121	1.00000	-854.952
31	122	1.00000	-853.344
31	123	1.00000	-854.317
31	124	1.00000	-854.008
31	125	1.00000	-853.516
31	126	1.00000	-852.029
31	127	1.00000	-852.524
31	128	1.00000	-850.940
#
### SDC2-X2
32	1	1.00000	-857.603
32	2	1.00000	-857.064
32	3	1.00000	-857.358
32	4	1.00000	-856.987
32	5	1.00000	-857.135
32	6	1.00000	-856.370
32	7	1.00000	-857.429
32	8	1.00000	-856.233
32	9	1.00000	-858.678
32	10	1.00000	-858.819
32	11	1.00000	-858.906
32	12	1.00000	-859.155
32	13	1.00000	-858.124
32	14	1.00000	-857.651
32	15	1.00000	-857.736
32	16	1.00000	-857.348
32	17	1.00000	-858.176
32	18	1.00000	-857.572
32	19	1.00000	-857.831
32	20	1.00000	-857.149
32	21	1.00000	-857.769
32	22	1.00000	-857.308
32	23	1.00000	-857.038
32	24	1.00000	-856.124
32	25	1.00000	-857.170
32	26	1.00000	-858.133
32	27	1.00000	-858.706
32	28	1.00000	-860.205
32	29	1.00000	-858.220
32	30	1.00000	-858.828
32	31	1.00000	-859.023
32	32	1.00000	-858.748
32	33	1.00000	-858.297
32	34	1.00000	-858.369
32	35	1.00000	-859.744
32	36	1.00000	-859.208
32	37	1.00000	-859.264
32	38	1.00000	-858.573
32	39	1.00000	-859.507
32	40	1.00000	-858.612
32	41	1.00000	-862.040
32	42	1.00000	-859.507
32	43	1.00000	-859.560
32	44	1.00000	-860.515
32	45	1.00000	-858.317
32	46	1.00000	-858.211
32	47	1.00000	-858.866
32	48	1.00000	-859.036
32	49	1.00000	-858.195
32	50	1.00000	-857.700
32	51	1.00000	-857.850
32	52	1.00000	-855.780
32	53	1.00000	-858.282
32	54	1.00000	-856.778
32	55	1.00000	-858.149
32	56	1.00000	-857.836
32	57	1.00000	-859.722
32	58	1.00000	-858.984
32	59	1.00000	-859.047
32	60	1.00000	-859.748
32	61	1.00000	-857.832
32	62	1.00000	-857.901
32	63	1.00000	-857.239
32	64	1.00000	-857.419
32	65	1.00000	-857.644
32	66	1.00000	-857.740
32	67	1.00000	-857.548
32	68	1.00000	-857.535
32	69	1.00000	-857.902
32	70	1.00000	-857.683
32	71	1.00000	-857.792
32	72	1.00000	-857.131
32	73	1.00000	-859.239
32	74	1.00000	-859.264
32	75	1.00000	-858.499
32	76	1.00000	-860.014
32	77	1.00000	-858.524
32	78	1.00000	-858.435
32	79	1.00000	-857.811
32	80	1.00000	-856.799
32	81	1.00000	-856.641
32	82	1.00000	-856.331
32	83	1.00000	-857.273
32	84	1.00000	-857.386
32	85	1.00000	-856.783
32	86	1.00000	-856.829
32	87	1.00000	-856.828
32	88	1.00000	-856.753
32	89	1.00000	-859.703
32	90	1.00000	-859.001
32	91	1.00000	-859.412
32	92	1.00000	-859.298
32	93	1.00000	-858.025
32	94	1.00000	-857.453
32	95	1.00000	-857.133
32	96	1.00000	-857.075
32	97	1.00000	-857.962
32	98	1.00000	-856.495
32	99	1.00000	-856.912
32	100	1.00000	-857.529
32	101	1.00000	-857.686
32	102	1.00000	-857.614
32	103	1.00000	-857.622
32	104	1.00000	-857.655
32	105	1.00000	-857.694
32	106	1.00000	-858.715
32	107	1.00000	-858.749
32	108	1.00000	-858.450
32	109	1.00000	-858.031
32	110	1.00000	-858.011
32	111	1.00000	-857.914
32	112	1.00000	-857.591
32	113	1.00000	-857.525
32	114	1.00000	-856.418
32	115	1.00000	-857.696
32	116	1.00000	-856.571
32	117	1.00000	-858.277
32	118	1.00000	-856.364
32	119	1.00000	-856.815
32	120	1.00000	-854.983
32	121	1.00000	-857.309
32	122	1.00000	-856.863
32	123	1.00000	-857.573
32	124	1.00000	-857.364
32	125	1.00000	-856.957
32	126	1.00000	-856.194
32	127	1.00000	-856.942
32	128	1.00000	-854.594
#
### SDC2-Y1
33	1	1.00000	-857.242
33	2	1.00000	-859.949
33	3	1.00000	-859.393
33	4	1.00000	-859.180
33	5	1.00000	-859.632
33	6	1.00000	-859.933
33	7	1.00000	-859.551
33	8	1.00000	-858.444
33	9	1.00000	-858.932
33	10	1.00000	-858.045
33	11	1.00000	-858.568
33	12	1.00000	-858.146
33	13	1.00000	-857.732
33	14	1.00000	-857.515
33	15	1.00000	-857.963
33	16	1.00000	-858.000
33	17	1.00000	-857.386
33	18	1.00000	-858.118
33	19	1.00000	-857.660
33	20	1.00000	-858.414
33	21	1.00000	-858.680
33	22	1.00000	-859.683
33	23	1.00000	-859.544
33	24	1.00000	-859.226
33	25	1.00000	-857.702
33	26	1.00000	-858.371
33	27	1.00000	-858.614
33	28	1.00000	-857.760
33	29	1.00000	-857.196
33	30	1.00000	-858.673
33	31	1.00000	-857.443
33	32	1.00000	-858.745
33	33	1.00000	-860.291
33	34	1.00000	-859.712
33	35	1.00000	-858.857
33	36	1.00000	-858.896
33	37	1.00000	-858.000
33	38	1.00000	-859.519
33	39	1.00000	-857.810
33	40	1.00000	-858.783
33	41	1.00000	-856.383
33	42	1.00000	-857.584
33	43	1.00000	-856.915
33	44	1.00000	-855.068
33	45	1.00000	-857.460
33	46	1.00000	-857.828
33	47	1.00000	-856.985
33	48	1.00000	-856.797
33	49	1.00000	-856.309
33	50	1.00000	-857.340
33	51	1.00000	-856.868
33	52	1.00000	-857.200
33	53	1.00000	-858.769
33	54	1.00000	-858.313
33	55	1.00000	-857.002
33	56	1.00000	-858.282
33	57	1.00000	-856.697
33	58	1.00000	-856.923
33	59	1.00000	-856.823
33	60	1.00000	-856.815
33	61	1.00000	-856.077
33	62	1.00000	-856.135
33	63	1.00000	-854.329
33	64	1.00000	-853.323
33	65	1.00000	-856.437
33	66	1.00000	-856.881
33	67	1.00000	-857.005
33	68	1.00000	-858.891
33	69	1.00000	-859.136
33	70	1.00000	-859.232
33	71	1.00000	-858.458
33	72	1.00000	-859.599
33	73	1.00000	-857.617
33	74	1.00000	-858.078
33	75	1.00000	-858.333
33	76	1.00000	-858.107
33	77	1.00000	-856.555
33	78	1.00000	-857.634
33	79	1.00000	-857.806
33	80	1.00000	-858.119
33	81	1.00000	-859.048
33	82	1.00000	-859.588
33	83	1.00000	-859.015
33	84	1.00000	-858.701
33	85	1.00000	-859.293
33	86	1.00000	-859.841
33	87	1.00000	-858.921
33	88	1.00000	-857.737
33	89	1.00000	-857.170
33	90	1.00000	-858.561
33	91	1.00000	-857.633
33	92	1.00000	-858.275
33	93	1.00000	-857.896
33	94	1.00000	-858.290
33	95	1.00000	-857.774
33	96	1.00000	-858.243
33	97	1.00000	-859.517
33	98	1.00000	-859.151
33	99	1.00000	-859.315
33	100	1.00000	-858.956
33	101	1.00000	-861.290
33	102	1.00000	-860.672
33	103	1.00000	-860.547
33	104	1.00000	-859.816
33	105	1.00000	-858.905
33	106	1.00000	-859.211
33	107	1.00000	-859.362
33	108	1.00000	-859.826
33	109	1.00000	-858.443
33	110	1.00000	-859.259
33	111	1.00000	-858.777
33	112	1.00000	-859.142
33	113	1.00000	-860.417
33	114	1.00000	-860.942
33	115	1.00000	-860.907
33	116	1.00000	-860.982
33	117	1.00000	-861.132
33	118	1.00000	-860.010
33	119	1.00000	-860.050
33	120	1.00000	-859.386
33	121	1.00000	-859.241
33	122	1.00000	-859.433
33	123	1.00000	-859.368
33	124	1.00000	-858.012
33	125	1.00000	-859.494
33	126	1.00000	-858.000
33	127	1.00000	-858.810
33	128	1.00000	-859.635
#
### SDC2-Y2
34	1	1.00000	-854.015
34	2	1.00000	-855.263
34	3	1.00000	-854.182
34	4	1.00000	-857.963
34	5	1.00000	-856.334
34	6	1.00000	-856.714
34	7	1.00000	-858.189
34	8	1.00000	-855.863
34	9	1.00000	-856.295
34	10	1.00000	-856.920
34	11	1.00000	-854.777
34	12	1.00000	-856.930
34	13	1.00000	-855.892
34	14	1.00000	-856.905
34	15	1.00000	-856.329
34	16	1.00000	-856.614
34	17	1.00000	-856.203
34	18	1.00000	-857.052
34	19	1.00000	-855.968
34	20	1.00000	-858.435
34	21	1.00000	-857.458
34	22	1.00000	-856.653
34	23	1.00000	-857.531
34	24	1.00000	-857.952
34	25	1.00000	-856.789
34	26	1.00000	-856.181
34	27	1.00000	-856.090
34	28	1.00000	-856.189
34	29	1.00000	-856.158
34	30	1.00000	-856.207
34	31	1.00000	-856.742
34	32	1.00000	-856.972
34	33	1.00000	-855.858
34	34	1.00000	-856.937
34	35	1.00000	-856.137
34	36	1.00000	-856.582
34	37	1.00000	-857.869
34	38	1.00000	-857.253
34	39	1.00000	-857.773
34	40	1.00000	-856.765
34	41	1.00000	-855.625
34	42	1.00000	-855.824
34	43	1.00000	-856.095
34	44	1.00000	-856.056
34	45	1.00000	-854.978
34	46	1.00000	-855.102
34	47	1.00000	-854.937
34	48	1.00000	-855.285
34	49	1.00000	-855.154
34	50	1.00000	-855.907
34	51	1.00000	-855.813
34	52	1.00000	-856.095
34	53	1.00000	-857.864
34	54	1.00000	-857.310
34	55	1.00000	-856.951
34	56	1.00000	-856.726
34	57	1.00000	-854.714
34	58	1.00000	-854.489
34	59	1.00000	-855.103
34	60	1.00000	-854.653
34	61	1.00000	-853.929
34	62	1.00000	-854.344
34	63	1.00000	-852.218
34	64	1.00000	-852.693
34	65	1.00000	-852.202
34	66	1.00000	-854.049
34	67	1.00000	-855.151
34	68	1.00000	-854.820
34	69	1.00000	-857.649
34	70	1.00000	-856.961
34	71	1.00000	-857.022
34	72	1.00000	-857.024
34	73	1.00000	-855.944
34	74	1.00000	-855.808
34	75	1.00000	-855.737
34	76	1.00000	-856.097
34	77	1.00000	-854.116
34	78	1.00000	-856.141
34	79	1.00000	-856.159
34	80	1.00000	-856.575
34	81	1.00000	-855.595
34	82	1.00000	-856.642
34	83	1.00000	-856.404
34	84	1.00000	-856.825
34	85	1.00000	-856.882
34	86	1.00000	-857.941
34	87	1.00000	-857.603
34	88	1.00000	-858.129
34	89	1.00000	-855.404
34	90	1.00000	-856.282
34	91	1.00000	-856.824
34	92	1.00000	-857.012
34	93	1.00000	-856.263
34	94	1.00000	-857.611
34	95	1.00000	-856.475
34	96	1.00000	-856.443
34	97	1.00000	-857.068
34	98	1.00000	-857.282
34	99	1.00000	-857.529
34	100	1.00000	-857.606
34	101	1.00000	-858.821
34	102	1.00000	-858.450
34	103	1.00000	-858.213
34	104	1.00000	-858.685
34	105	1.00000	-856.649
34	106	1.00000	-857.471
34	107	1.00000	-856.783
34	108	1.00000	-857.616
34	109	1.00000	-856.759
34	110	1.00000	-856.480
34	111	1.00000	-856.204
34	112	1.00000	-856.852
34	113	1.00000	-857.307
34	114	1.00000	-855.988
34	115	1.00000	-856.023
34	116	1.00000	-856.525
34	117	1.00000	-857.192
34	118	1.00000	-858.078
34	119	1.00000	-859.661
34	120	1.00000	-858.109
34	121	1.00000	-856.310
34	122	1.00000	-857.208
34	123	1.00000	-856.278
34	124	1.00000	-856.594
34	125	1.00000	-855.704
34	126	1.00000	-855.421
34	127	1.00000	-855.701
34	128	1.00000	-851.928
#
### SDC3-Y1
35	1	1.00000	-843.429
35	2	1.00000	-848.017
35	3	1.00000	-847.887
35	4	1.00000	-849.679
35	5	1.00000	-850.955
35	6	1.00000	-849.938
35	7	1.00000	-849.808
35	8	1.00000	-849.421
35	9	1.00000	-850.552
35	10	1.00000	-850.631
35	11	1.00000	-851.721
35	12	1.00000	-851.819
35	13	1.00000	-851.913
35	14	1.00000	-851.578
35	15	1.00000	-851.254
35	16	1.00000	-850.378
35	17	1.00000	-852.744
35	18	1.00000	-849.688
35	19	1.00000	-851.156
35	20	1.00000	-851.088
35	21	1.00000	-851.411
35	22	1.00000	-850.626
35	23	1.00000	-850.783
35	24	1.00000	-849.885
35	25	1.00000	-850.751
35	26	1.00000	-849.120
35	27	1.00000	-850.598
35	28	1.00000	-850.979
35	29	1.00000	-850.806
35	30	1.00000	-851.001
35	31	1.00000	-853.582
35	32	1.00000	-853.507
35	33	1.00000	-857.465
35	34	1.00000	-852.006
35	35	1.00000	-851.718
35	36	1.00000	-850.882
35	37	1.00000	-851.085
35	38	1.00000	-849.894
35	39	1.00000	-850.610
35	40	1.00000	-850.002
35	41	1.00000	-849.643
35	42	1.00000	-849.572
35	43	1.00000	-850.667
35	44	1.00000	-850.969
35	45	1.00000	-852.074
35	46	1.00000	-850.221
35	47	1.00000	-850.852
35	48	1.00000	-850.360
35	49	1.00000	-852.218
35	50	1.00000	-850.374
35	51	1.00000	-853.275
35	52	1.00000	-850.841
35	53	1.00000	-852.229
35	54	1.00000	-850.922
35	55	1.00000	-851.238
35	56	1.00000	-850.402
35	57	1.00000	-851.111
35	58	1.00000	-850.049
35	59	1.00000	-850.839
35	60	1.00000	-850.413
35	61	1.00000	-851.034
35	62	1.00000	-849.668
35	63	1.00000	-847.384
35	64	1.00000	-845.330
#
## SDC3-Y2
36	1	1.00000	-852.026
36	2	1.00000	-852.584
36	3	1.00000	-852.530
36	4	1.00000	-853.220
36	5	1.00000	-853.122
36	6	1.00000	-852.546
36	7	1.00000	-852.358
36	8	1.00000	-852.978
36	9	1.00000	-852.392
36	10	1.00000	-853.168
36	11	1.00000	-853.668
36	12	1.00000	-854.697
36	13	1.00000	-852.323
36	14	1.00000	-852.715
36	15	1.00000	-852.381
36	16	1.00000	-854.118
36	17	1.00000	-852.695
36	18	1.00000	-853.593
36	19	1.00000	-850.318
36	20	1.00000	-852.878
36	21	1.00000	-852.974
36	22	1.00000	-852.269
36	23	1.00000	-852.618
36	24	1.00000	-852.566
36	25	1.00000	-852.452
36	26	1.00000	-852.197
36	27	1.00000	-852.188
36	28	1.00000	-851.672
36	29	1.00000	-853.451
36	30	1.00000	-853.499
36	31	1.00000	-856.745
36	32	1.00000	-858.614
36	33	1.00000	-857.687
36	34	1.00000	-853.926
36	35	1.00000	-852.698
36	36	1.00000	-853.105
36	37	1.00000	-852.504
36	38	1.00000	-852.602
36	39	1.00000	-850.000
36	40	1.00000	-852.561
36	41	1.00000	-851.914
36	42	1.00000	-852.142
36	43	1.00000	-852.173
36	44	1.00000	-852.127
36	45	1.00000	-852.170
36	46	1.00000	-852.950
36	47	1.00000	-852.935
36	48	1.00000	-853.003
36	49	1.00000	-853.500
36	50	1.00000	-853.579
36	51	1.00000	-851.881
36	52	1.00000	-853.570
36	53	1.00000	-852.265
36	54	1.00000	-852.772
36	55	1.00000	-852.546
36	56	1.00000	-851.910
36	57	1.00000	-852.119
36	58	1.00000	-854.092
36	59	1.00000	-852.418
36	60	1.00000	-854.210
36	61	1.00000	-853.225
36	62	1.00000	-850.000
36	63	1.00000	-852.143
36	64	1.00000	-849.884
#
### SDC3-X1
37	1	1.00000	-851.978
37	2	1.00000	-852.324
37	3	1.00000	-852.088
37	4	1.00000	-852.748
37	5	1.00000	-852.280
37	6	1.00000	-853.148
37	7	1.00000	-851.873
37	8	1.00000	-852.768
37	9	1.00000	-850.518
37	10	1.00000	-851.000
37	11	1.00000	-850.366
37	12	1.00000	-849.982
37	13	1.00000	-850.111
37	14	1.00000	-849.541
37	15	1.00000	-849.842
37	16	1.00000	-850.306
37	17	1.00000	-850.119
37	18	1.00000	-851.304
37	19	1.00000	-852.728
37	20	1.00000	-852.730
37	21	1.00000	-851.129
37	22	1.00000	-848.608
37	23	1.00000	-849.474
37	24	1.00000	-851.371
37	25	1.00000	-851.104
37	26	1.00000	-851.783
37	27	1.00000	-851.111
37	28	1.00000	-850.161
37	29	1.00000	-850.859
37	30	1.00000	-853.588
37	31	1.00000	-854.300
37	32	1.00000	-855.517
37	33	1.00000	-857.538
37	34	1.00000	-857.731
37	35	1.00000	-859.002
37	36	1.00000	-859.240
37	37	1.00000	-857.546
37	38	1.00000	-855.463
37	39	1.00000	-853.858
37	40	1.00000	-853.420
37	41	1.00000	-851.222
37	42	1.00000	-852.684
37	43	1.00000	-852.890
37	44	1.00000	-853.424
37	45	1.00000	-852.972
37	46	1.00000	-852.793
37	47	1.00000	-852.051
37	48	1.00000	-852.421
37	49	1.00000	-851.242
37	50	1.00000	-850.573
37	51	1.00000	-852.584
37	52	1.00000	-853.213
37	53	1.00000	-852.569
37	54	1.00000	-852.976
37	55	1.00000	-851.926
37	56	1.00000	-852.383
37	57	1.00000	-852.123
37	58	1.00000	-852.833
37	59	1.00000	-852.153
37	60	1.00000	-853.139
37	61	1.00000	-851.450
37	62	1.00000	-852.204
37	63	1.00000	-851.334
37	64	1.00000	-852.034
37	65	1.00000	-851.768
37	66	1.00000	-851.495
37	67	1.00000	-851.226
37	68	1.00000	-851.904
37	69	1.00000	-851.120
37	70	1.00000	-851.286
37	71	1.00000	-851.243
37	72	1.00000	-851.492
37	73	1.00000	-850.706
37	74	1.00000	-850.795
37	75	1.00000	-851.745
37	76	1.00000	-851.261
37	77	1.00000	-851.278
37	78	1.00000	-851.589
37	79	1.00000	-850.460
37	80	1.00000	-851.028
37	81	1.00000	-850.050
37	82	1.00000	-850.804
37	83	1.00000	-850.578
37	84	1.00000	-851.022
37	85	1.00000	-853.032
37	86	1.00000	-851.764
37	87	1.00000	-851.665
37	88	1.00000	-851.329
37	89	1.00000	-850.254
37	90	1.00000	-850.461
37	91	1.00000	-847.685
37	92	1.00000	-852.154
37	93	1.00000	-852.545
37	94	1.00000	-851.000
37	95	1.00000	-849.856
37	96	1.00000	-848.750
#
### SDC3-X2
38	1	1.00000	-838.974
38	2	1.00000	-845.689
38	3	1.00000	-844.099
38	4	1.00000	-846.000
38	5	1.00000	-849.118
38	6	1.00000	-847.074
38	7	1.00000	-846.000
38	8	1.00000	-849.470
38	9	1.00000	-846.673
38	10	1.00000	-846.000
38	11	1.00000	-846.000
38	12	1.00000	-845.979
38	13	1.00000	-845.251
38	14	1.00000	-843.714
38	15	1.00000	-844.550
38	16	1.00000	-845.180
38	17	1.00000	-844.318
38	18	1.00000	-848.090
38	19	1.00000	-834.691
38	20	1.00000	-846.855
38	21	1.00000	-846.484
38	22	1.00000	-844.737
38	23	1.00000	-845.348
38	24	1.00000	-846.596
38	25	1.00000	-846.568
38	26	1.00000	-846.329
38	27	1.00000	-847.094
38	28	1.00000	-845.314
38	29	1.00000	-845.674
38	30	1.00000	-847.421
38	31	1.00000	-846.964
38	32	1.00000	-850.042
38	33	1.00000	-838.926
38	34	1.00000	-844.193
38	35	1.00000	-854.394
38	36	1.00000	-853.373
38	37	1.00000	-853.074
38	38	1.00000	-849.736
38	39	1.00000	-850.173
38	40	1.00000	-850.090
38	41	1.00000	-849.157
38	42	1.00000	-848.901
38	43	1.00000	-848.049
38	44	1.00000	-848.950
38	45	1.00000	-847.955
38	46	1.00000	-848.598
38	47	1.00000	-847.027
38	48	1.00000	-846.864
38	49	1.00000	-847.919
38	50	1.00000	-846.390
38	51	1.00000	-847.686
38	52	1.00000	-848.759
38	53	1.00000	-849.452
38	54	1.00000	-848.214
38	55	1.00000	-848.493
38	56	1.00000	-848.160
38	57	1.00000	-847.819
38	58	1.00000	-848.491
38	59	1.00000	-848.083
38	60	1.00000	-848.440
38	61	1.00000	-848.792
38	62	1.00000	-847.767
38	63	1.00000	-848.682
38	64	1.00000	-848.377
38	65	1.00000	-847.649
38	66	1.00000	-847.909
38	67	1.00000	-846.555
38	68	1.00000	-846.971
38	69	1.00000	-847.055
38	70	1.00000	-846.000
38	71	1.00000	-846.788
38	72	1.00000	-847.642
38	73	1.00000	-847.868
38	74	1.00000	-847.206
38	75	1.00000	-846.634
38	76	1.00000	-847.565
38	77	1.00000	-846.398
38	78	1.00000	-846.116
38	79	1.00000	-847.865
38	80	1.00000	-846.758
38	81	1.00000	-846.491
38	82	1.00000	-846.508
38	83	1.00000	-845.975
38	84	1.00000	-846.068
38	85	1.00000	-847.335
38	86	1.00000	-848.161
38	87	1.00000	-847.060
38	88	1.00000	-849.128
38	89	1.00000	-847.672
38	90	1.00000	-848.358
38	91	1.00000	-844.358
38	92	1.00000	-844.305
38	93	1.00000	-846.768
38	94	1.00000	-846.000
38	95	1.00000	-842.961
38	96	1.00000	-839.257
#
