##
#  file: DCTdcCalib_03085_BcOut
#  date: 2020.12.16
#  note: p0 is tuned by eye check
#
#
#######################################################################
# Id	WireId	p1	p0
#
### BC3-X1
#
113	1	0.833	-448
113	2	0.833	-448
113	3	0.833	-448
113	4	0.833	-448
113	5	0.833	-448
113	6	0.833	-448
113	7	0.833	-448
113	8	0.833	-448
113	9	0.833	-448
113	10	0.833	-448
113	11	0.833	-448
113	12	0.833	-448
113	13	0.833	-448
113	14	0.833	-448
113	15	0.833	-448
113	16	0.833	-448
113	17	0.833	-448
113	18	0.833	-448
113	19	0.833	-448
113	20	0.833	-448
113	21	0.833	-448
113	22	0.833	-448
113	23	0.833	-448
113	24	0.833	-448
113	25	0.833	-448
113	26	0.833	-448
113	27	0.833	-448
113	28	0.833	-448
113	29	0.833	-448
113	30	0.833	-448
113	31	0.833	-448
113	32	0.833	-448
113	33	0.833	-448
113	34	0.833	-448
113	35	0.833	-448
113	36	0.833	-448
113	37	0.833	-448
113	38	0.833	-448
113	39	0.833	-448
113	40	0.833	-448
113	41	0.833	-448
113	42	0.833	-448
113	43	0.833	-448
113	44	0.833	-448
113	45	0.833	-448
113	46	0.833	-448
113	47	0.833	-448
113	48	0.833	-448
113	49	0.833	-448
113	50	0.833	-448
113	51	0.833	-448
113	52	0.833	-448
113	53	0.833	-448
113	54	0.833	-448
113	55	0.833	-448
113	56	0.833	-448
113	57	0.833	-448
113	58	0.833	-448
113	59	0.833	-448
113	60	0.833	-448
113	61	0.833	-448
113	62	0.833	-448
113	63	0.833	-448
113	64	0.833	-448
### BC3-X2
#
114	1	0.833	-448
114	2	0.833	-448
114	3	0.833	-448
114	4	0.833	-448
114	5	0.833	-448
114	6	0.833	-448
114	7	0.833	-448
114	8	0.833	-448
114	9	0.833	-448
114	10	0.833	-448
114	11	0.833	-448
114	12	0.833	-448
114	13	0.833	-448
114	14	0.833	-448
114	15	0.833	-448
114	16	0.833	-448
114	17	0.833	-448
114	18	0.833	-448
114	19	0.833	-448
114	20	0.833	-448
114	21	0.833	-448
114	22	0.833	-448
114	23	0.833	-448
114	24	0.833	-448
114	25	0.833	-448
114	26	0.833	-448
114	27	0.833	-448
114	28	0.833	-448
114	29	0.833	-448
114	30	0.833	-448
114	31	0.833	-448
114	32	0.833	-448
114	33	0.833	-448
114	34	0.833	-448
114	35	0.833	-448
114	36	0.833	-448
114	37	0.833	-448
114	38	0.833	-448
114	39	0.833	-448
114	40	0.833	-448
114	41	0.833	-448
114	42	0.833	-448
114	43	0.833	-448
114	44	0.833	-448
114	45	0.833	-448
114	46	0.833	-448
114	47	0.833	-448
114	48	0.833	-448
114	49	0.833	-448
114	50	0.833	-448
114	51	0.833	-448
114	52	0.833	-448
114	53	0.833	-448
114	54	0.833	-448
114	55	0.833	-448
114	56	0.833	-448
114	57	0.833	-448
114	58	0.833	-448
114	59	0.833	-448
114	60	0.833	-448
114	61	0.833	-448
114	62	0.833	-448
114	63	0.833	-448
114	64	0.833	-448
### BC3-U1
#
115	1	0.833	-448
115	2	0.833	-448
115	3	0.833	-448
115	4	0.833	-448
115	5	0.833	-448
115	6	0.833	-448
115	7	0.833	-448
115	8	0.833	-448
115	9	0.833	-448
115	10	0.833	-448
115	11	0.833	-448
115	12	0.833	-448
115	13	0.833	-448
115	14	0.833	-448
115	15	0.833	-448
115	16	0.833	-448
115	17	0.833	-448
115	18	0.833	-448
115	19	0.833	-448
115	20	0.833	-448
115	21	0.833	-448
115	22	0.833	-448
115	23	0.833	-448
115	24	0.833	-448
115	25	0.833	-448
115	26	0.833	-448
115	27	0.833	-448
115	28	0.833	-448
115	29	0.833	-448
115	30	0.833	-448
115	31	0.833	-448
115	32	0.833	-448
115	33	0.833	-448
115	34	0.833	-448
115	35	0.833	-448
115	36	0.833	-448
115	37	0.833	-448
115	38	0.833	-448
115	39	0.833	-448
115	40	0.833	-448
115	41	0.833	-448
115	42	0.833	-448
115	43	0.833	-448
115	44	0.833	-448
115	45	0.833	-448
115	46	0.833	-448
115	47	0.833	-448
115	48	0.833	-448
115	49	0.833	-448
115	50	0.833	-448
115	51	0.833	-448
115	52	0.833	-448
115	53	0.833	-448
115	54	0.833	-448
115	55	0.833	-448
115	56	0.833	-448
115	57	0.833	-448
115	58	0.833	-448
115	59	0.833	-448
115	60	0.833	-448
115	61	0.833	-448
115	62	0.833	-448
115	63	0.833	-448
115	64	0.833	-448
### BC3-U2
#
116	1	0.833	-448
116	2	0.833	-448
116	3	0.833	-448
116	4	0.833	-448
116	5	0.833	-448
116	6	0.833	-448
116	7	0.833	-448
116	8	0.833	-448
116	9	0.833	-448
116	10	0.833	-448
116	11	0.833	-448
116	12	0.833	-448
116	13	0.833	-448
116	14	0.833	-448
116	15	0.833	-448
116	16	0.833	-448
116	17	0.833	-448
116	18	0.833	-448
116	19	0.833	-448
116	20	0.833	-448
116	21	0.833	-448
116	22	0.833	-448
116	23	0.833	-448
116	24	0.833	-448
116	25	0.833	-448
116	26	0.833	-448
116	27	0.833	-448
116	28	0.833	-448
116	29	0.833	-448
116	30	0.833	-448
116	31	0.833	-448
116	32	0.833	-448
116	33	0.833	-448
116	34	0.833	-448
116	35	0.833	-448
116	36	0.833	-448
116	37	0.833	-448
116	38	0.833	-448
116	39	0.833	-448
116	40	0.833	-448
116	41	0.833	-448
116	42	0.833	-448
116	43	0.833	-448
116	44	0.833	-448
116	45	0.833	-448
116	46	0.833	-448
116	47	0.833	-448
116	48	0.833	-448
116	49	0.833	-448
116	50	0.833	-448
116	51	0.833	-448
116	52	0.833	-448
116	53	0.833	-448
116	54	0.833	-448
116	55	0.833	-448
116	56	0.833	-448
116	57	0.833	-448
116	58	0.833	-448
116	59	0.833	-448
116	60	0.833	-448
116	61	0.833	-448
116	62	0.833	-448
116	63	0.833	-448
116	64	0.833	-448
### BC3-V1
#
117	1	0.833	-448
117	2	0.833	-448
117	3	0.833	-448
117	4	0.833	-448
117	5	0.833	-448
117	6	0.833	-448
117	7	0.833	-448
117	8	0.833	-448
117	9	0.833	-448
117	10	0.833	-448
117	11	0.833	-448
117	12	0.833	-448
117	13	0.833	-448
117	14	0.833	-448
117	15	0.833	-448
117	16	0.833	-448
117	17	0.833	-448
117	18	0.833	-448
117	19	0.833	-448
117	20	0.833	-448
117	21	0.833	-448
117	22	0.833	-448
117	23	0.833	-448
117	24	0.833	-448
117	25	0.833	-448
117	26	0.833	-448
117	27	0.833	-448
117	28	0.833	-448
117	29	0.833	-448
117	30	0.833	-448
117	31	0.833	-448
117	32	0.833	-448
117	33	0.833	-448
117	34	0.833	-448
117	35	0.833	-448
117	36	0.833	-448
117	37	0.833	-448
117	38	0.833	-448
117	39	0.833	-448
117	40	0.833	-448
117	41	0.833	-448
117	42	0.833	-448
117	43	0.833	-448
117	44	0.833	-448
117	45	0.833	-448
117	46	0.833	-448
117	47	0.833	-448
117	48	0.833	-448
117	49	0.833	-448
117	50	0.833	-448
117	51	0.833	-448
117	52	0.833	-448
117	53	0.833	-448
117	54	0.833	-448
117	55	0.833	-448
117	56	0.833	-448
117	57	0.833	-448
117	58	0.833	-448
117	59	0.833	-448
117	60	0.833	-448
117	61	0.833	-448
117	62	0.833	-448
117	63	0.833	-448
117	64	0.833	-448
### BC3-V2
#
118	1	0.833	-448
118	2	0.833	-448
118	3	0.833	-448
118	4	0.833	-448
118	5	0.833	-448
118	6	0.833	-448
118	7	0.833	-448
118	8	0.833	-448
118	9	0.833	-448
118	10	0.833	-448
118	11	0.833	-448
118	12	0.833	-448
118	13	0.833	-448
118	14	0.833	-448
118	15	0.833	-448
118	16	0.833	-448
118	17	0.833	-448
118	18	0.833	-448
118	19	0.833	-448
118	20	0.833	-448
118	21	0.833	-448
118	22	0.833	-448
118	23	0.833	-448
118	24	0.833	-448
118	25	0.833	-448
118	26	0.833	-448
118	27	0.833	-448
118	28	0.833	-448
118	29	0.833	-448
118	30	0.833	-448
118	31	0.833	-448
118	32	0.833	-448
118	33	0.833	-448
118	34	0.833	-448
118	35	0.833	-448
118	36	0.833	-448
118	37	0.833	-448
118	38	0.833	-448
118	39	0.833	-448
118	40	0.833	-448
118	41	0.833	-448
118	42	0.833	-448
118	43	0.833	-448
118	44	0.833	-448
118	45	0.833	-448
118	46	0.833	-448
118	47	0.833	-448
118	48	0.833	-448
118	49	0.833	-448
118	50	0.833	-448
118	51	0.833	-448
118	52	0.833	-448
118	53	0.833	-448
118	54	0.833	-448
118	55	0.833	-448
118	56	0.833	-448
118	57	0.833	-448
118	58	0.833	-448
118	59	0.833	-448
118	60	0.833	-448
118	61	0.833	-448
118	62	0.833	-448
118	63	0.833	-448
118	64	0.833	-448
### BC4-U1
#
119	1	0.833	-448
119	2	0.833	-448
119	3	0.833	-448
119	4	0.833	-448
119	5	0.833	-448
119	6	0.833	-448
119	7	0.833	-448
119	8	0.833	-448
119	9	0.833	-448
119	10	0.833	-448
119	11	0.833	-448
119	12	0.833	-448
119	13	0.833	-448
119	14	0.833	-448
119	15	0.833	-448
119	16	0.833	-448
119	17	0.833	-448
119	18	0.833	-448
119	19	0.833	-448
119	20	0.833	-448
119	21	0.833	-448
119	22	0.833	-448
119	23	0.833	-448
119	24	0.833	-448
119	25	0.833	-448
119	26	0.833	-448
119	27	0.833	-448
119	28	0.833	-448
119	29	0.833	-448
119	30	0.833	-448
119	31	0.833	-448
119	32	0.833	-448
119	33	0.833	-448
119	34	0.833	-448
119	35	0.833	-448
119	36	0.833	-448
119	37	0.833	-448
119	38	0.833	-448
119	39	0.833	-448
119	40	0.833	-448
119	41	0.833	-448
119	42	0.833	-448
119	43	0.833	-448
119	44	0.833	-448
119	45	0.833	-448
119	46	0.833	-448
119	47	0.833	-448
119	48	0.833	-448
119	49	0.833	-448
119	50	0.833	-448
119	51	0.833	-448
119	52	0.833	-448
119	53	0.833	-448
119	54	0.833	-448
119	55	0.833	-448
119	56	0.833	-448
119	57	0.833	-448
119	58	0.833	-448
119	59	0.833	-448
119	60	0.833	-448
119	61	0.833	-448
119	62	0.833	-448
119	63	0.833	-448
119	64	0.833	-448
### BC4-U2
#
120	1	0.833	-448
120	2	0.833	-448
120	3	0.833	-448
120	4	0.833	-448
120	5	0.833	-448
120	6	0.833	-448
120	7	0.833	-448
120	8	0.833	-448
120	9	0.833	-448
120	10	0.833	-448
120	11	0.833	-448
120	12	0.833	-448
120	13	0.833	-448
120	14	0.833	-448
120	15	0.833	-448
120	16	0.833	-448
120	17	0.833	-448
120	18	0.833	-448
120	19	0.833	-448
120	20	0.833	-448
120	21	0.833	-448
120	22	0.833	-448
120	23	0.833	-448
120	24	0.833	-448
120	25	0.833	-448
120	26	0.833	-448
120	27	0.833	-448
120	28	0.833	-448
120	29	0.833	-448
120	30	0.833	-448
120	31	0.833	-448
120	32	0.833	-448
120	33	0.833	-448
120	34	0.833	-448
120	35	0.833	-448
120	36	0.833	-448
120	37	0.833	-448
120	38	0.833	-448
120	39	0.833	-448
120	40	0.833	-448
120	41	0.833	-448
120	42	0.833	-448
120	43	0.833	-448
120	44	0.833	-448
120	45	0.833	-448
120	46	0.833	-448
120	47	0.833	-448
120	48	0.833	-448
120	49	0.833	-448
120	50	0.833	-448
120	51	0.833	-448
120	52	0.833	-448
120	53	0.833	-448
120	54	0.833	-448
120	55	0.833	-448
120	56	0.833	-448
120	57	0.833	-448
120	58	0.833	-448
120	59	0.833	-448
120	60	0.833	-448
120	61	0.833	-448
120	62	0.833	-448
120	63	0.833	-448
120	64	0.833	-448
### BC4-V1
#
121	1	0.833	-448
121	2	0.833	-448
121	3	0.833	-448
121	4	0.833	-448
121	5	0.833	-448
121	6	0.833	-448
121	7	0.833	-448
121	8	0.833	-448
121	9	0.833	-448
121	10	0.833	-448
121	11	0.833	-448
121	12	0.833	-448
121	13	0.833	-448
121	14	0.833	-448
121	15	0.833	-448
121	16	0.833	-448
121	17	0.833	-448
121	18	0.833	-448
121	19	0.833	-448
121	20	0.833	-448
121	21	0.833	-448
121	22	0.833	-448
121	23	0.833	-448
121	24	0.833	-448
121	25	0.833	-448
121	26	0.833	-448
121	27	0.833	-448
121	28	0.833	-448
121	29	0.833	-448
121	30	0.833	-448
121	31	0.833	-448
121	32	0.833	-448
121	33	0.833	-448
121	34	0.833	-448
121	35	0.833	-448
121	36	0.833	-448
121	37	0.833	-448
121	38	0.833	-448
121	39	0.833	-448
121	40	0.833	-448
121	41	0.833	-448
121	42	0.833	-448
121	43	0.833	-448
121	44	0.833	-448
121	45	0.833	-448
121	46	0.833	-448
121	47	0.833	-448
121	48	0.833	-448
121	49	0.833	-448
121	50	0.833	-448
121	51	0.833	-448
121	52	0.833	-448
121	53	0.833	-448
121	54	0.833	-448
121	55	0.833	-448
121	56	0.833	-448
121	57	0.833	-448
121	58	0.833	-448
121	59	0.833	-448
121	60	0.833	-448
121	61	0.833	-448
121	62	0.833	-448
121	63	0.833	-448
121	64	0.833	-448
### BC4-V2
#
122	1	0.833	-448
122	2	0.833	-448
122	3	0.833	-448
122	4	0.833	-448
122	5	0.833	-448
122	6	0.833	-448
122	7	0.833	-448
122	8	0.833	-448
122	9	0.833	-448
122	10	0.833	-448
122	11	0.833	-448
122	12	0.833	-448
122	13	0.833	-448
122	14	0.833	-448
122	15	0.833	-448
122	16	0.833	-448
122	17	0.833	-448
122	18	0.833	-448
122	19	0.833	-448
122	20	0.833	-448
122	21	0.833	-448
122	22	0.833	-448
122	23	0.833	-448
122	24	0.833	-448
122	25	0.833	-448
122	26	0.833	-448
122	27	0.833	-448
122	28	0.833	-448
122	29	0.833	-448
122	30	0.833	-448
122	31	0.833	-448
122	32	0.833	-448
122	33	0.833	-448
122	34	0.833	-448
122	35	0.833	-448
122	36	0.833	-448
122	37	0.833	-448
122	38	0.833	-448
122	39	0.833	-448
122	40	0.833	-448
122	41	0.833	-448
122	42	0.833	-448
122	43	0.833	-448
122	44	0.833	-448
122	45	0.833	-448
122	46	0.833	-448
122	47	0.833	-448
122	48	0.833	-448
122	49	0.833	-448
122	50	0.833	-448
122	51	0.833	-448
122	52	0.833	-448
122	53	0.833	-448
122	54	0.833	-448
122	55	0.833	-448
122	56	0.833	-448
122	57	0.833	-448
122	58	0.833	-448
122	59	0.833	-448
122	60	0.833	-448
122	61	0.833	-448
122	62	0.833	-448
122	63	0.833	-448
122	64	0.833	-448
### BC4-X1
#
123	1	0.833	-448
123	2	0.833	-448
123	3	0.833	-448
123	4	0.833	-448
123	5	0.833	-448
123	6	0.833	-448
123	7	0.833	-448
123	8	0.833	-448
123	9	0.833	-448
123	10	0.833	-448
123	11	0.833	-448
123	12	0.833	-448
123	13	0.833	-448
123	14	0.833	-448
123	15	0.833	-448
123	16	0.833	-448
123	17	0.833	-448
123	18	0.833	-448
123	19	0.833	-448
123	20	0.833	-448
123	21	0.833	-448
123	22	0.833	-448
123	23	0.833	-448
123	24	0.833	-448
123	25	0.833	-448
123	26	0.833	-448
123	27	0.833	-448
123	28	0.833	-448
123	29	0.833	-448
123	30	0.833	-448
123	31	0.833	-448
123	32	0.833	-448
123	33	0.833	-448
123	34	0.833	-448
123	35	0.833	-448
123	36	0.833	-448
123	37	0.833	-448
123	38	0.833	-448
123	39	0.833	-448
123	40	0.833	-448
123	41	0.833	-448
123	42	0.833	-448
123	43	0.833	-448
123	44	0.833	-448
123	45	0.833	-448
123	46	0.833	-448
123	47	0.833	-448
123	48	0.833	-448
123	49	0.833	-448
123	50	0.833	-448
123	51	0.833	-448
123	52	0.833	-448
123	53	0.833	-448
123	54	0.833	-448
123	55	0.833	-448
123	56	0.833	-448
123	57	0.833	-448
123	58	0.833	-448
123	59	0.833	-448
123	60	0.833	-448
123	61	0.833	-448
123	62	0.833	-448
123	63	0.833	-448
123	64	0.833	-448
### BC4-X2
#
124	1	0.833	-448
124	2	0.833	-448
124	3	0.833	-448
124	4	0.833	-448
124	5	0.833	-448
124	6	0.833	-448
124	7	0.833	-448
124	8	0.833	-448
124	9	0.833	-448
124	10	0.833	-448
124	11	0.833	-448
124	12	0.833	-448
124	13	0.833	-448
124	14	0.833	-448
124	15	0.833	-448
124	16	0.833	-448
124	17	0.833	-448
124	18	0.833	-448
124	19	0.833	-448
124	20	0.833	-448
124	21	0.833	-448
124	22	0.833	-448
124	23	0.833	-448
124	24	0.833	-448
124	25	0.833	-448
124	26	0.833	-448
124	27	0.833	-448
124	28	0.833	-448
124	29	0.833	-448
124	30	0.833	-448
124	31	0.833	-448
124	32	0.833	-448
124	33	0.833	-448
124	34	0.833	-448
124	35	0.833	-448
124	36	0.833	-448
124	37	0.833	-448
124	38	0.833	-448
124	39	0.833	-448
124	40	0.833	-448
124	41	0.833	-448
124	42	0.833	-448
124	43	0.833	-448
124	44	0.833	-448
124	45	0.833	-448
124	46	0.833	-448
124	47	0.833	-448
124	48	0.833	-448
124	49	0.833	-448
124	50	0.833	-448
124	51	0.833	-448
124	52	0.833	-448
124	53	0.833	-448
124	54	0.833	-448
124	55	0.833	-448
124	56	0.833	-448
124	57	0.833	-448
124	58	0.833	-448
124	59	0.833	-448
124	60	0.833	-448
124	61	0.833	-448
124	62	0.833	-448
124	63	0.833	-448
124	64	0.833	-448
### SDC1-V1
#
1	1	0.833	-440
1	2	0.833	-440
1	3	0.833	-440
1	4	0.833	-440
1	5	0.833	-440
1	6	0.833	-440
1	7	0.833	-440
1	8	0.833	-440
1	9	0.833	-440
1	10	0.833	-440
1	11	0.833	-440
1	12	0.833	-440
1	13	0.833	-440
1	14	0.833	-440
1	15	0.833	-440
1	16	0.833	-440
1	17	0.833	-440
1	18	0.833	-440
1	19	0.833	-440
1	20	0.833	-440
1	21	0.833	-440
1	22	0.833	-440
1	23	0.833	-440
1	24	0.833	-440
1	25	0.833	-440
1	26	0.833	-440
1	27	0.833	-440
1	28	0.833	-440
1	29	0.833	-440
1	30	0.833	-440
1	31	0.833	-440
1	32	0.833	-440
1	33	0.833	-440
1	34	0.833	-440
1	35	0.833	-440
1	36	0.833	-440
1	37	0.833	-440
1	38	0.833	-440
1	39	0.833	-440
1	40	0.833	-440
1	41	0.833	-440
1	42	0.833	-440
1	43	0.833	-440
1	44	0.833	-440
1	45	0.833	-440
1	46	0.833	-440
1	47	0.833	-440
1	48	0.833	-440
1	49	0.833	-440
1	50	0.833	-440
1	51	0.833	-440
1	52	0.833	-440
1	53	0.833	-440
1	54	0.833	-440
1	55	0.833	-440
1	56	0.833	-440
1	57	0.833	-440
1	58	0.833	-440
1	59	0.833	-440
1	60	0.833	-440
1	61	0.833	-440
1	62	0.833	-440
1	63	0.833	-440
1	64	0.833	-440
### SDC1-V2
#
2	1	0.833	-440
2	2	0.833	-440
2	3	0.833	-440
2	4	0.833	-440
2	5	0.833	-440
2	6	0.833	-440
2	7	0.833	-440
2	8	0.833	-440
2	9	0.833	-440
2	10	0.833	-440
2	11	0.833	-440
2	12	0.833	-440
2	13	0.833	-440
2	14	0.833	-440
2	15	0.833	-440
2	16	0.833	-440
2	17	0.833	-440
2	18	0.833	-440
2	19	0.833	-440
2	20	0.833	-440
2	21	0.833	-440
2	22	0.833	-440
2	23	0.833	-440
2	24	0.833	-440
2	25	0.833	-440
2	26	0.833	-440
2	27	0.833	-440
2	28	0.833	-440
2	29	0.833	-440
2	30	0.833	-440
2	31	0.833	-440
2	32	0.833	-440
2	33	0.833	-440
2	34	0.833	-440
2	35	0.833	-440
2	36	0.833	-440
2	37	0.833	-440
2	38	0.833	-440
2	39	0.833	-440
2	40	0.833	-440
2	41	0.833	-440
2	42	0.833	-440
2	43	0.833	-440
2	44	0.833	-440
2	45	0.833	-440
2	46	0.833	-440
2	47	0.833	-440
2	48	0.833	-440
2	49	0.833	-440
2	50	0.833	-440
2	51	0.833	-440
2	52	0.833	-440
2	53	0.833	-440
2	54	0.833	-440
2	55	0.833	-440
2	56	0.833	-440
2	57	0.833	-440
2	58	0.833	-440
2	59	0.833	-440
2	60	0.833	-440
2	61	0.833	-440
2	62	0.833	-440
2	63	0.833	-440
2	64	0.833	-440
### SDC1-X1
#
3	1	0.833	-440
3	2	0.833	-440
3	3	0.833	-440
3	4	0.833	-440
3	5	0.833	-440
3	6	0.833	-440
3	7	0.833	-440
3	8	0.833	-440
3	9	0.833	-440
3	10	0.833	-440
3	11	0.833	-440
3	12	0.833	-440
3	13	0.833	-440
3	14	0.833	-440
3	15	0.833	-440
3	16	0.833	-440
3	17	0.833	-440
3	18	0.833	-440
3	19	0.833	-440
3	20	0.833	-440
3	21	0.833	-440
3	22	0.833	-440
3	23	0.833	-440
3	24	0.833	-440
3	25	0.833	-440
3	26	0.833	-440
3	27	0.833	-440
3	28	0.833	-440
3	29	0.833	-440
3	30	0.833	-440
3	31	0.833	-440
3	32	0.833	-440
3	33	0.833	-440
3	34	0.833	-440
3	35	0.833	-440
3	36	0.833	-440
3	37	0.833	-440
3	38	0.833	-440
3	39	0.833	-440
3	40	0.833	-440
3	41	0.833	-440
3	42	0.833	-440
3	43	0.833	-440
3	44	0.833	-440
3	45	0.833	-440
3	46	0.833	-440
3	47	0.833	-440
3	48	0.833	-440
3	49	0.833	-440
3	50	0.833	-440
3	51	0.833	-440
3	52	0.833	-440
3	53	0.833	-440
3	54	0.833	-440
3	55	0.833	-440
3	56	0.833	-440
3	57	0.833	-440
3	58	0.833	-440
3	59	0.833	-440
3	60	0.833	-440
3	61	0.833	-440
3	62	0.833	-440
3	63	0.833	-440
3	64	0.833	-440
### SDC1-X2
#
4	1	0.833	-440
4	2	0.833	-440
4	3	0.833	-440
4	4	0.833	-440
4	5	0.833	-440
4	6	0.833	-440
4	7	0.833	-440
4	8	0.833	-440
4	9	0.833	-440
4	10	0.833	-440
4	11	0.833	-440
4	12	0.833	-440
4	13	0.833	-440
4	14	0.833	-440
4	15	0.833	-440
4	16	0.833	-440
4	17	0.833	-440
4	18	0.833	-440
4	19	0.833	-440
4	20	0.833	-440
4	21	0.833	-440
4	22	0.833	-440
4	23	0.833	-440
4	24	0.833	-440
4	25	0.833	-440
4	26	0.833	-440
4	27	0.833	-440
4	28	0.833	-440
4	29	0.833	-440
4	30	0.833	-440
4	31	0.833	-440
4	32	0.833	-440
4	33	0.833	-440
4	34	0.833	-440
4	35	0.833	-440
4	36	0.833	-440
4	37	0.833	-440
4	38	0.833	-440
4	39	0.833	-440
4	40	0.833	-440
4	41	0.833	-440
4	42	0.833	-440
4	43	0.833	-440
4	44	0.833	-440
4	45	0.833	-440
4	46	0.833	-440
4	47	0.833	-440
4	48	0.833	-440
4	49	0.833	-440
4	50	0.833	-440
4	51	0.833	-440
4	52	0.833	-440
4	53	0.833	-440
4	54	0.833	-440
4	55	0.833	-440
4	56	0.833	-440
4	57	0.833	-440
4	58	0.833	-440
4	59	0.833	-440
4	60	0.833	-440
4	61	0.833	-440
4	62	0.833	-440
4	63	0.833	-440
4	64	0.833	-440
### SDC1-U1
#
5	1	0.833	-440
5	2	0.833	-440
5	3	0.833	-440
5	4	0.833	-440
5	5	0.833	-440
5	6	0.833	-440
5	7	0.833	-440
5	8	0.833	-440
5	9	0.833	-440
5	10	0.833	-440
5	11	0.833	-440
5	12	0.833	-440
5	13	0.833	-440
5	14	0.833	-440
5	15	0.833	-440
5	16	0.833	-440
5	17	0.833	-440
5	18	0.833	-440
5	19	0.833	-440
5	20	0.833	-440
5	21	0.833	-440
5	22	0.833	-440
5	23	0.833	-440
5	24	0.833	-440
5	25	0.833	-440
5	26	0.833	-440
5	27	0.833	-440
5	28	0.833	-440
5	29	0.833	-440
5	30	0.833	-440
5	31	0.833	-440
5	32	0.833	-440
5	33	0.833	-440
5	34	0.833	-440
5	35	0.833	-440
5	36	0.833	-440
5	37	0.833	-440
5	38	0.833	-440
5	39	0.833	-440
5	40	0.833	-440
5	41	0.833	-440
5	42	0.833	-440
5	43	0.833	-440
5	44	0.833	-440
5	45	0.833	-440
5	46	0.833	-440
5	47	0.833	-440
5	48	0.833	-440
5	49	0.833	-440
5	50	0.833	-440
5	51	0.833	-440
5	52	0.833	-440
5	53	0.833	-440
5	54	0.833	-440
5	55	0.833	-440
5	56	0.833	-440
5	57	0.833	-440
5	58	0.833	-440
5	59	0.833	-440
5	60	0.833	-440
5	61	0.833	-440
5	62	0.833	-440
5	63	0.833	-440
5	64	0.833	-440
### SDC1-U2
#
6	1	0.833	-440
6	2	0.833	-440
6	3	0.833	-440
6	4	0.833	-440
6	5	0.833	-440
6	6	0.833	-440
6	7	0.833	-440
6	8	0.833	-440
6	9	0.833	-440
6	10	0.833	-440
6	11	0.833	-440
6	12	0.833	-440
6	13	0.833	-440
6	14	0.833	-440
6	15	0.833	-440
6	16	0.833	-440
6	17	0.833	-440
6	18	0.833	-440
6	19	0.833	-440
6	20	0.833	-440
6	21	0.833	-440
6	22	0.833	-440
6	23	0.833	-440
6	24	0.833	-440
6	25	0.833	-440
6	26	0.833	-440
6	27	0.833	-440
6	28	0.833	-440
6	29	0.833	-440
6	30	0.833	-440
6	31	0.833	-440
6	32	0.833	-440
6	33	0.833	-440
6	34	0.833	-440
6	35	0.833	-440
6	36	0.833	-440
6	37	0.833	-440
6	38	0.833	-440
6	39	0.833	-440
6	40	0.833	-440
6	41	0.833	-440
6	42	0.833	-440
6	43	0.833	-440
6	44	0.833	-440
6	45	0.833	-440
6	46	0.833	-440
6	47	0.833	-440
6	48	0.833	-440
6	49	0.833	-440
6	50	0.833	-440
6	51	0.833	-440
6	52	0.833	-440
6	53	0.833	-440
6	54	0.833	-440
6	55	0.833	-440
6	56	0.833	-440
6	57	0.833	-440
6	58	0.833	-440
6	59	0.833	-440
6	60	0.833	-440
6	61	0.833	-440
6	62	0.833	-440
6	63	0.833	-440
6	64	0.833	-440
### SDC2-X1
#
7	1	0.833	-470
7	2	0.833	-470
7	3	0.833	-470
7	4	0.833	-470
7	5	0.833	-470
7	6	0.833	-470
7	7	0.833	-470
7	8	0.833	-470
7	9	0.833	-470
7	10	0.833	-470
7	11	0.833	-470
7	12	0.833	-470
7	13	0.833	-470
7	14	0.833	-470
7	15	0.833	-470
7	16	0.833	-470
7	17	0.833	-470
7	18	0.833	-470
7	19	0.833	-470
7	20	0.833	-470
7	21	0.833	-470
7	22	0.833	-470
7	23	0.833	-470
7	24	0.833	-470
7	25	0.833	-470
7	26	0.833	-470
7	27	0.833	-470
7	28	0.833	-470
7	29	0.833	-470
7	30	0.833	-470
7	31	0.833	-470
7	32	0.833	-470
7	33	0.833	-470
7	34	0.833	-470
7	35	0.833	-470
7	36	0.833	-470
7	37	0.833	-470
7	38	0.833	-470
7	39	0.833	-470
7	40	0.833	-470
7	41	0.833	-470
7	42	0.833	-470
7	43	0.833	-470
7	44	0.833	-470
7	45	0.833	-470
7	46	0.833	-470
7	47	0.833	-470
7	48	0.833	-470
7	49	0.833	-470
7	50	0.833	-470
7	51	0.833	-470
7	52	0.833	-470
7	53	0.833	-470
7	54	0.833	-470
7	55	0.833	-470
7	56	0.833	-470
7	57	0.833	-470
7	58	0.833	-470
7	59	0.833	-470
7	60	0.833	-470
7	61	0.833	-470
7	62	0.833	-470
7	63	0.833	-470
7	64	0.833	-470
7	65	0.833	-470
7	66	0.833	-470
7	67	0.833	-470
7	68	0.833	-470
7	69	0.833	-470
7	70	0.833	-470
### SDC2-X2
#
8	1	0.833	-470
8	2	0.833	-470
8	3	0.833	-470
8	4	0.833	-470
8	5	0.833	-470
8	6	0.833	-470
8	7	0.833	-470
8	8	0.833	-470
8	9	0.833	-470
8	10	0.833	-470
8	11	0.833	-470
8	12	0.833	-470
8	13	0.833	-470
8	14	0.833	-470
8	15	0.833	-470
8	16	0.833	-470
8	17	0.833	-470
8	18	0.833	-470
8	19	0.833	-470
8	20	0.833	-470
8	21	0.833	-470
8	22	0.833	-470
8	23	0.833	-470
8	24	0.833	-470
8	25	0.833	-470
8	26	0.833	-470
8	27	0.833	-470
8	28	0.833	-470
8	29	0.833	-470
8	30	0.833	-470
8	31	0.833	-470
8	32	0.833	-470
8	33	0.833	-470
8	34	0.833	-470
8	35	0.833	-470
8	36	0.833	-470
8	37	0.833	-470
8	38	0.833	-470
8	39	0.833	-470
8	40	0.833	-470
8	41	0.833	-470
8	42	0.833	-470
8	43	0.833	-470
8	44	0.833	-470
8	45	0.833	-470
8	46	0.833	-470
8	47	0.833	-470
8	48	0.833	-470
8	49	0.833	-470
8	50	0.833	-470
8	51	0.833	-470
8	52	0.833	-470
8	53	0.833	-470
8	54	0.833	-470
8	55	0.833	-470
8	56	0.833	-470
8	57	0.833	-470
8	58	0.833	-470
8	59	0.833	-470
8	60	0.833	-470
8	61	0.833	-470
8	62	0.833	-470
8	63	0.833	-470
8	64	0.833	-470
8	65	0.833	-470
8	66	0.833	-470
8	67	0.833	-470
8	68	0.833	-470
8	69	0.833	-470
8	70	0.833	-470
### SDC2-Y1
#
9	1	0.833	-480
9	2	0.833	-480
9	3	0.833	-480
9	4	0.833	-480
9	5	0.833	-480
9	6	0.833	-480
9	7	0.833	-480
9	8	0.833	-480
9	9	0.833	-480
9	10	0.833	-480
9	11	0.833	-480
9	12	0.833	-480
9	13	0.833	-480
9	14	0.833	-480
9	15	0.833	-480
9	16	0.833	-480
9	17	0.833	-480
9	18	0.833	-480
9	19	0.833	-480
9	20	0.833	-480
9	21	0.833	-480
9	22	0.833	-480
9	23	0.833	-480
9	24	0.833	-480
9	25	0.833	-480
9	26	0.833	-480
9	27	0.833	-480
9	28	0.833	-480
9	29	0.833	-480
9	30	0.833	-480
9	31	0.833	-480
9	32	0.833	-480
9	33	0.833	-480
9	34	0.833	-480
9	35	0.833	-480
9	36	0.833	-480
9	37	0.833	-480
9	38	0.833	-480
9	39	0.833	-480
9	40	0.833	-480
### SDC2-Y2
#
10	1	0.833	-470
10	2	0.833	-470
10	3	0.833	-470
10	4	0.833	-470
10	5	0.833	-470
10	6	0.833	-470
10	7	0.833	-470
10	8	0.833	-470
10	9	0.833	-470
10	10	0.833	-470
10	11	0.833	-470
10	12	0.833	-470
10	13	0.833	-470
10	14	0.833	-470
10	15	0.833	-470
10	16	0.833	-470
10	17	0.833	-470
10	18	0.833	-470
10	19	0.833	-470
10	20	0.833	-470
10	21	0.833	-470
10	22	0.833	-470
10	23	0.833	-470
10	24	0.833	-470
10	25	0.833	-470
10	26	0.833	-470
10	27	0.833	-470
10	28	0.833	-470
10	29	0.833	-470
10	30	0.833	-470
10	31	0.833	-470
10	32	0.833	-470
10	33	0.833	-470
10	34	0.833	-470
10	35	0.833	-470
10	36	0.833	-470
10	37	0.833	-470
10	38	0.833	-470
10	39	0.833	-470
10	40	0.833	-470
### SDC3-X1
#
31	1	0.833	-885
31	2	0.833	-885
31	3	0.833	-885
31	4	0.833	-885
31	5	0.833	-885
31	6	0.833	-885
31	7	0.833	-885
31	8	0.833	-885
31	9	0.833	-885
31	10	0.833	-885
31	11	0.833	-885
31	12	0.833	-885
31	13	0.833	-885
31	14	0.833	-885
31	15	0.833	-885
31	16	0.833	-885
31	17	0.833	-885
31	18	0.833	-885
31	19	0.833	-885
31	20	0.833	-885
31	21	0.833	-885
31	22	0.833	-885
31	23	0.833	-885
31	24	0.833	-885
31	25	0.833	-885
31	26	0.833	-885
31	27	0.833	-885
31	28	0.833	-885
31	29	0.833	-885
31	30	0.833	-885
31	31	0.833	-885
31	32	0.833	-885
31	33	0.833	-885
31	34	0.833	-885
31	35	0.833	-885
31	36	0.833	-885
31	37	0.833	-885
31	38	0.833	-885
31	39	0.833	-885
31	40	0.833	-885
31	41	0.833	-885
31	42	0.833	-885
31	43	0.833	-885
31	44	0.833	-885
31	45	0.833	-885
31	46	0.833	-885
31	47	0.833	-885
31	48	0.833	-885
31	49	0.833	-885
31	50	0.833	-885
31	51	0.833	-885
31	52	0.833	-885
31	53	0.833	-885
31	54	0.833	-885
31	55	0.833	-885
31	56	0.833	-885
31	57	0.833	-885
31	58	0.833	-885
31	59	0.833	-885
31	60	0.833	-885
31	61	0.833	-885
31	62	0.833	-885
31	63	0.833	-885
31	64	0.833	-885
31	65	0.833	-885
31	66	0.833	-885
31	67	0.833	-885
31	68	0.833	-885
31	69	0.833	-885
31	70	0.833	-885
31	71	0.833	-885
31	72	0.833	-885
31	73	0.833	-885
31	74	0.833	-885
31	75	0.833	-885
31	76	0.833	-885
31	77	0.833	-885
31	78	0.833	-885
31	79	0.833	-885
31	80	0.833	-885
31	81	0.833	-885
31	82	0.833	-885
31	83	0.833	-885
31	84	0.833	-885
31	85	0.833	-885
31	86	0.833	-885
31	87	0.833	-885
31	88	0.833	-885
31	89	0.833	-885
31	90	0.833	-885
31	91	0.833	-885
31	92	0.833	-885
31	93	0.833	-885
31	94	0.833	-885
31	95	0.833	-885
31	96	0.833	-885
31	97	0.833	-885
31	98	0.833	-885
31	99	0.833	-885
31	100	0.833	-885
31	101	0.833	-885
31	102	0.833	-885
31	103	0.833	-885
31	104	0.833	-885
31	105	0.833	-885
31	106	0.833	-885
31	107	0.833	-885
31	108	0.833	-885
31	109	0.833	-885
31	110	0.833	-885
31	111	0.833	-885
31	112	0.833	-885
31	113	0.833	-885
31	114	0.833	-885
31	115	0.833	-885
31	116	0.833	-885
31	117	0.833	-885
31	118	0.833	-885
31	119	0.833	-885
31	120	0.833	-885
31	121	0.833	-885
31	122	0.833	-885
31	123	0.833	-885
31	124	0.833	-885
31	125	0.833	-885
31	126	0.833	-885
31	127	0.833	-885
31	128	0.833	-885
### SDC3-X2
#
32	1	0.833	-885
32	2	0.833	-885
32	3	0.833	-885
32	4	0.833	-885
32	5	0.833	-885
32	6	0.833	-885
32	7	0.833	-885
32	8	0.833	-885
32	9	0.833	-885
32	10	0.833	-885
32	11	0.833	-885
32	12	0.833	-885
32	13	0.833	-885
32	14	0.833	-885
32	15	0.833	-885
32	16	0.833	-885
32	17	0.833	-885
32	18	0.833	-885
32	19	0.833	-885
32	20	0.833	-885
32	21	0.833	-885
32	22	0.833	-885
32	23	0.833	-885
32	24	0.833	-885
32	25	0.833	-885
32	26	0.833	-885
32	27	0.833	-885
32	28	0.833	-885
32	29	0.833	-885
32	30	0.833	-885
32	31	0.833	-885
32	32	0.833	-885
32	33	0.833	-885
32	34	0.833	-885
32	35	0.833	-885
32	36	0.833	-885
32	37	0.833	-885
32	38	0.833	-885
32	39	0.833	-885
32	40	0.833	-885
32	41	0.833	-885
32	42	0.833	-885
32	43	0.833	-885
32	44	0.833	-885
32	45	0.833	-885
32	46	0.833	-885
32	47	0.833	-885
32	48	0.833	-885
32	49	0.833	-885
32	50	0.833	-885
32	51	0.833	-885
32	52	0.833	-885
32	53	0.833	-885
32	54	0.833	-885
32	55	0.833	-885
32	56	0.833	-885
32	57	0.833	-885
32	58	0.833	-885
32	59	0.833	-885
32	60	0.833	-885
32	61	0.833	-885
32	62	0.833	-885
32	63	0.833	-885
32	64	0.833	-885
32	65	0.833	-885
32	66	0.833	-885
32	67	0.833	-885
32	68	0.833	-885
32	69	0.833	-885
32	70	0.833	-885
32	71	0.833	-885
32	72	0.833	-885
32	73	0.833	-885
32	74	0.833	-885
32	75	0.833	-885
32	76	0.833	-885
32	77	0.833	-885
32	78	0.833	-885
32	79	0.833	-885
32	80	0.833	-885
32	81	0.833	-885
32	82	0.833	-885
32	83	0.833	-885
32	84	0.833	-885
32	85	0.833	-885
32	86	0.833	-885
32	87	0.833	-885
32	88	0.833	-885
32	89	0.833	-885
32	90	0.833	-885
32	91	0.833	-885
32	92	0.833	-885
32	93	0.833	-885
32	94	0.833	-885
32	95	0.833	-885
32	96	0.833	-885
32	97	0.833	-885
32	98	0.833	-885
32	99	0.833	-885
32	100	0.833	-885
32	101	0.833	-885
32	102	0.833	-885
32	103	0.833	-885
32	104	0.833	-885
32	105	0.833	-885
32	106	0.833	-885
32	107	0.833	-885
32	108	0.833	-885
32	109	0.833	-885
32	110	0.833	-885
32	111	0.833	-885
32	112	0.833	-885
32	113	0.833	-885
32	114	0.833	-885
32	115	0.833	-885
32	116	0.833	-885
32	117	0.833	-885
32	118	0.833	-885
32	119	0.833	-885
32	120	0.833	-885
32	121	0.833	-885
32	122	0.833	-885
32	123	0.833	-885
32	124	0.833	-885
32	125	0.833	-885
32	126	0.833	-885
32	127	0.833	-885
32	128	0.833	-885
### SDC3-Y1
#
33	1	0.833	-875
33	2	0.833	-875
33	3	0.833	-875
33	4	0.833	-875
33	5	0.833	-875
33	6	0.833	-875
33	7	0.833	-875
33	8	0.833	-875
33	9	0.833	-875
33	10	0.833	-875
33	11	0.833	-875
33	12	0.833	-875
33	13	0.833	-875
33	14	0.833	-875
33	15	0.833	-875
33	16	0.833	-875
33	17	0.833	-875
33	18	0.833	-875
33	19	0.833	-875
33	20	0.833	-875
33	21	0.833	-875
33	22	0.833	-875
33	23	0.833	-875
33	24	0.833	-875
33	25	0.833	-875
33	26	0.833	-875
33	27	0.833	-875
33	28	0.833	-875
33	29	0.833	-875
33	30	0.833	-875
33	31	0.833	-875
33	32	0.833	-875
33	33	0.833	-875
33	34	0.833	-875
33	35	0.833	-875
33	36	0.833	-875
33	37	0.833	-875
33	38	0.833	-875
33	39	0.833	-875
33	40	0.833	-875
33	41	0.833	-875
33	42	0.833	-875
33	43	0.833	-875
33	44	0.833	-875
33	45	0.833	-875
33	46	0.833	-875
33	47	0.833	-875
33	48	0.833	-875
33	49	0.833	-875
33	50	0.833	-875
33	51	0.833	-875
33	52	0.833	-875
33	53	0.833	-875
33	54	0.833	-875
33	55	0.833	-875
33	56	0.833	-875
33	57	0.833	-875
33	58	0.833	-875
33	59	0.833	-875
33	60	0.833	-875
33	61	0.833	-875
33	62	0.833	-875
33	63	0.833	-875
33	64	0.833	-875
33	65	0.833	-875
33	66	0.833	-875
33	67	0.833	-875
33	68	0.833	-875
33	69	0.833	-875
33	70	0.833	-875
33	71	0.833	-875
33	72	0.833	-875
33	73	0.833	-875
33	74	0.833	-875
33	75	0.833	-875
33	76	0.833	-875
33	77	0.833	-875
33	78	0.833	-875
33	79	0.833	-875
33	80	0.833	-875
33	81	0.833	-875
33	82	0.833	-875
33	83	0.833	-875
33	84	0.833	-875
33	85	0.833	-875
33	86	0.833	-875
33	87	0.833	-875
33	88	0.833	-875
33	89	0.833	-875
33	90	0.833	-875
33	91	0.833	-875
33	92	0.833	-875
33	93	0.833	-875
33	94	0.833	-875
33	95	0.833	-875
33	96	0.833	-875
33	97	0.833	-875
33	98	0.833	-875
33	99	0.833	-875
33	100	0.833	-875
33	101	0.833	-875
33	102	0.833	-875
33	103	0.833	-875
33	104	0.833	-875
33	105	0.833	-875
33	106	0.833	-875
33	107	0.833	-875
33	108	0.833	-875
33	109	0.833	-875
33	110	0.833	-875
33	111	0.833	-875
33	112	0.833	-875
33	113	0.833	-875
33	114	0.833	-875
33	115	0.833	-875
33	116	0.833	-875
33	117	0.833	-875
33	118	0.833	-875
33	119	0.833	-875
33	120	0.833	-875
33	121	0.833	-875
33	122	0.833	-875
33	123	0.833	-875
33	124	0.833	-875
33	125	0.833	-875
33	126	0.833	-875
33	127	0.833	-875
33	128	0.833	-875
### SDC3-Y2
#
34	1	0.833	-875
34	2	0.833	-875
34	3	0.833	-875
34	4	0.833	-875
34	5	0.833	-875
34	6	0.833	-875
34	7	0.833	-875
34	8	0.833	-875
34	9	0.833	-875
34	10	0.833	-875
34	11	0.833	-875
34	12	0.833	-875
34	13	0.833	-875
34	14	0.833	-875
34	15	0.833	-875
34	16	0.833	-875
34	17	0.833	-875
34	18	0.833	-875
34	19	0.833	-875
34	20	0.833	-875
34	21	0.833	-875
34	22	0.833	-875
34	23	0.833	-875
34	24	0.833	-875
34	25	0.833	-875
34	26	0.833	-875
34	27	0.833	-875
34	28	0.833	-875
34	29	0.833	-875
34	30	0.833	-875
34	31	0.833	-875
34	32	0.833	-875
34	33	0.833	-875
34	34	0.833	-875
34	35	0.833	-875
34	36	0.833	-875
34	37	0.833	-875
34	38	0.833	-875
34	39	0.833	-875
34	40	0.833	-875
34	41	0.833	-875
34	42	0.833	-875
34	43	0.833	-875
34	44	0.833	-875
34	45	0.833	-875
34	46	0.833	-875
34	47	0.833	-875
34	48	0.833	-875
34	49	0.833	-875
34	50	0.833	-875
34	51	0.833	-875
34	52	0.833	-875
34	53	0.833	-875
34	54	0.833	-875
34	55	0.833	-875
34	56	0.833	-875
34	57	0.833	-875
34	58	0.833	-875
34	59	0.833	-875
34	60	0.833	-875
34	61	0.833	-875
34	62	0.833	-875
34	63	0.833	-875
34	64	0.833	-875
34	65	0.833	-875
34	66	0.833	-875
34	67	0.833	-875
34	68	0.833	-875
34	69	0.833	-875
34	70	0.833	-875
34	71	0.833	-875
34	72	0.833	-875
34	73	0.833	-875
34	74	0.833	-875
34	75	0.833	-875
34	76	0.833	-875
34	77	0.833	-875
34	78	0.833	-875
34	79	0.833	-875
34	80	0.833	-875
34	81	0.833	-875
34	82	0.833	-875
34	83	0.833	-875
34	84	0.833	-875
34	85	0.833	-875
34	86	0.833	-875
34	87	0.833	-875
34	88	0.833	-875
34	89	0.833	-875
34	90	0.833	-875
34	91	0.833	-875
34	92	0.833	-875
34	93	0.833	-875
34	94	0.833	-875
34	95	0.833	-875
34	96	0.833	-875
34	97	0.833	-875
34	98	0.833	-875
34	99	0.833	-875
34	100	0.833	-875
34	101	0.833	-875
34	102	0.833	-875
34	103	0.833	-875
34	104	0.833	-875
34	105	0.833	-875
34	106	0.833	-875
34	107	0.833	-875
34	108	0.833	-875
34	109	0.833	-875
34	110	0.833	-875
34	111	0.833	-875
34	112	0.833	-875
34	113	0.833	-875
34	114	0.833	-875
34	115	0.833	-875
34	116	0.833	-875
34	117	0.833	-875
34	118	0.833	-875
34	119	0.833	-875
34	120	0.833	-875
34	121	0.833	-875
34	122	0.833	-875
34	123	0.833	-875
34	124	0.833	-875
34	125	0.833	-875
34	126	0.833	-875
34	127	0.833	-875
34	128	0.833	-875
### SDC4-Y1
#
35	1	0.833	-875
35	2	0.833	-875
35	3	0.833	-875
35	4	0.833	-875
35	5	0.833	-875
35	6	0.833	-875
35	7	0.833	-875
35	8	0.833	-875
35	9	0.833	-875
35	10	0.833	-875
35	11	0.833	-875
35	12	0.833	-875
35	13	0.833	-875
35	14	0.833	-875
35	15	0.833	-875
35	16	0.833	-875
35	17	0.833	-875
35	18	0.833	-875
35	19	0.833	-875
35	20	0.833	-875
35	21	0.833	-875
35	22	0.833	-875
35	23	0.833	-875
35	24	0.833	-875
35	25	0.833	-875
35	26	0.833	-875
35	27	0.833	-875
35	28	0.833	-875
35	29	0.833	-875
35	30	0.833	-875
35	31	0.833	-875
35	32	0.833	-875
35	33	0.833	-875
35	34	0.833	-875
35	35	0.833	-875
35	36	0.833	-875
35	37	0.833	-875
35	38	0.833	-875
35	39	0.833	-875
35	40	0.833	-875
35	41	0.833	-875
35	42	0.833	-875
35	43	0.833	-875
35	44	0.833	-875
35	45	0.833	-875
35	46	0.833	-875
35	47	0.833	-875
35	48	0.833	-875
35	49	0.833	-875
35	50	0.833	-875
35	51	0.833	-875
35	52	0.833	-875
35	53	0.833	-875
35	54	0.833	-875
35	55	0.833	-875
35	56	0.833	-875
35	57	0.833	-875
35	58	0.833	-875
35	59	0.833	-875
35	60	0.833	-875
35	61	0.833	-875
35	62	0.833	-875
35	63	0.833	-875
35	64	0.833	-875
## SDC4-Y2
#
36	1	0.833	-875
36	2	0.833	-875
36	3	0.833	-875
36	4	0.833	-875
36	5	0.833	-875
36	6	0.833	-875
36	7	0.833	-875
36	8	0.833	-875
36	9	0.833	-875
36	10	0.833	-875
36	11	0.833	-875
36	12	0.833	-875
36	13	0.833	-875
36	14	0.833	-875
36	15	0.833	-875
36	16	0.833	-875
36	17	0.833	-875
36	18	0.833	-875
36	19	0.833	-875
36	20	0.833	-875
36	21	0.833	-875
36	22	0.833	-875
36	23	0.833	-875
36	24	0.833	-875
36	25	0.833	-875
36	26	0.833	-875
36	27	0.833	-875
36	28	0.833	-875
36	29	0.833	-875
36	30	0.833	-875
36	31	0.833	-875
36	32	0.833	-875
36	33	0.833	-875
36	34	0.833	-875
36	35	0.833	-875
36	36	0.833	-875
36	37	0.833	-875
36	38	0.833	-875
36	39	0.833	-875
36	40	0.833	-875
36	41	0.833	-875
36	42	0.833	-875
36	43	0.833	-875
36	44	0.833	-875
36	45	0.833	-875
36	46	0.833	-875
36	47	0.833	-875
36	48	0.833	-875
36	49	0.833	-875
36	50	0.833	-875
36	51	0.833	-875
36	52	0.833	-875
36	53	0.833	-875
36	54	0.833	-875
36	55	0.833	-875
36	56	0.833	-875
36	57	0.833	-875
36	58	0.833	-875
36	59	0.833	-875
36	60	0.833	-875
36	61	0.833	-875
36	62	0.833	-875
36	63	0.833	-875
36	64	0.833	-875
### SDC4-X1
#
37	1	0.833	-875
37	2	0.833	-875
37	3	0.833	-875
37	4	0.833	-875
37	5	0.833	-875
37	6	0.833	-875
37	7	0.833	-875
37	8	0.833	-875
37	9	0.833	-875
37	10	0.833	-875
37	11	0.833	-875
37	12	0.833	-875
37	13	0.833	-875
37	14	0.833	-875
37	15	0.833	-875
37	16	0.833	-875
37	17	0.833	-875
37	18	0.833	-875
37	19	0.833	-875
37	20	0.833	-875
37	21	0.833	-875
37	22	0.833	-875
37	23	0.833	-875
37	24	0.833	-875
37	25	0.833	-875
37	26	0.833	-875
37	27	0.833	-875
37	28	0.833	-875
37	29	0.833	-875
37	30	0.833	-875
37	31	0.833	-875
37	32	0.833	-875
37	33	0.833	-875
37	34	0.833	-875
37	35	0.833	-875
37	36	0.833	-875
37	37	0.833	-875
37	38	0.833	-875
37	39	0.833	-875
37	40	0.833	-875
37	41	0.833	-875
37	42	0.833	-875
37	43	0.833	-875
37	44	0.833	-875
37	45	0.833	-875
37	46	0.833	-875
37	47	0.833	-875
37	48	0.833	-875
37	49	0.833	-875
37	50	0.833	-875
37	51	0.833	-875
37	52	0.833	-875
37	53	0.833	-875
37	54	0.833	-875
37	55	0.833	-875
37	56	0.833	-875
37	57	0.833	-875
37	58	0.833	-875
37	59	0.833	-875
37	60	0.833	-875
37	61	0.833	-875
37	62	0.833	-875
37	63	0.833	-875
37	64	0.833	-875
37	65	0.833	-875
37	66	0.833	-875
37	67	0.833	-875
37	68	0.833	-875
37	69	0.833	-875
37	70	0.833	-875
37	71	0.833	-875
37	72	0.833	-875
37	73	0.833	-875
37	74	0.833	-875
37	75	0.833	-875
37	76	0.833	-875
37	77	0.833	-875
37	78	0.833	-875
37	79	0.833	-875
37	80	0.833	-875
37	81	0.833	-875
37	82	0.833	-875
37	83	0.833	-875
37	84	0.833	-875
37	85	0.833	-875
37	86	0.833	-875
37	87	0.833	-875
37	88	0.833	-875
37	89	0.833	-875
37	90	0.833	-875
37	91	0.833	-875
37	92	0.833	-875
37	93	0.833	-875
37	94	0.833	-875
37	95	0.833	-875
37	96	0.833	-875
### SDC4-X2
#
38	1	0.833	-875
38	2	0.833	-875
38	3	0.833	-875
38	4	0.833	-875
38	5	0.833	-875
38	6	0.833	-875
38	7	0.833	-875
38	8	0.833	-875
38	9	0.833	-875
38	10	0.833	-875
38	11	0.833	-875
38	12	0.833	-875
38	13	0.833	-875
38	14	0.833	-875
38	15	0.833	-875
38	16	0.833	-875
38	17	0.833	-875
38	18	0.833	-875
38	19	0.833	-875
38	20	0.833	-875
38	21	0.833	-875
38	22	0.833	-875
38	23	0.833	-875
38	24	0.833	-875
38	25	0.833	-875
38	26	0.833	-875
38	27	0.833	-875
38	28	0.833	-875
38	29	0.833	-875
38	30	0.833	-875
38	31	0.833	-875
38	32	0.833	-875
38	33	0.833	-875
38	34	0.833	-875
38	35	0.833	-875
38	36	0.833	-875
38	37	0.833	-875
38	38	0.833	-875
38	39	0.833	-875
38	40	0.833	-875
38	41	0.833	-875
38	42	0.833	-875
38	43	0.833	-875
38	44	0.833	-875
38	45	0.833	-875
38	46	0.833	-875
38	47	0.833	-875
38	48	0.833	-875
38	49	0.833	-875
38	50	0.833	-875
38	51	0.833	-875
38	52	0.833	-875
38	53	0.833	-875
38	54	0.833	-875
38	55	0.833	-875
38	56	0.833	-875
38	57	0.833	-875
38	58	0.833	-875
38	59	0.833	-875
38	60	0.833	-875
38	61	0.833	-875
38	62	0.833	-875
38	63	0.833	-875
38	64	0.833	-875
38	65	0.833	-875
38	66	0.833	-875
38	67	0.833	-875
38	68	0.833	-875
38	69	0.833	-875
38	70	0.833	-875
38	71	0.833	-875
38	72	0.833	-875
38	73	0.833	-875
38	74	0.833	-875
38	75	0.833	-875
38	76	0.833	-875
38	77	0.833	-875
38	78	0.833	-875
38	79	0.833	-875
38	80	0.833	-875
38	81	0.833	-875
38	82	0.833	-875
38	83	0.833	-875
38	84	0.833	-875
38	85	0.833	-875
38	86	0.833	-875
38	87	0.833	-875
38	88	0.833	-875
38	89	0.833	-875
38	90	0.833	-875
38	91	0.833	-875
38	92	0.833	-875
38	93	0.833	-875
38	94	0.833	-875
38	95	0.833	-875
38	96	0.833	-875
