##
#  file: DCTdcCalib_0
#  date: 2016.05.25
#  note: first version
#
#
#######################################################################
# Id	WireId	p1	p0
#
### BC3-X1
113	1	1.000	-686.000
113	2	1.000	-686.000
113	3	1.000	-686.000
113	4	1.000	-686.000
113	5	1.000	-686.000
113	6	1.000	-686.000
113	7	1.000	-686.000
113	8	1.000	-686.000
113	9	1.000	-686.000
113	10	1.000	-686.000
113	11	1.000	-686.000
113	12	1.000	-686.000
113	13	1.000	-686.000
113	14	1.000	-686.000
113	15	1.000	-686.000
113	16	1.000	-686.000
113	17	1.000	-686.000
113	18	1.000	-686.000
113	19	1.000	-686.000
113	20	1.000	-686.000
113	21	1.000	-686.000
113	22	1.000	-686.000
113	23	1.000	-686.000
113	24	1.000	-686.000
113	25	1.000	-686.000
113	26	1.000	-686.000
113	27	1.000	-686.000
113	28	1.000	-686.000
113	29	1.000	-686.000
113	30	1.000	-686.000
113	31	1.000	-686.000
113	32	1.000	-686.000
113	33	1.000	-686.000
113	34	1.000	-686.000
113	35	1.000	-686.000
113	36	1.000	-686.000
113	37	1.000	-686.000
113	38	1.000	-686.000
113	39	1.000	-686.000
113	40	1.000	-686.000
113	41	1.000	-686.000
113	42	1.000	-686.000
113	43	1.000	-686.000
113	44	1.000	-686.000
113	45	1.000	-686.000
113	46	1.000	-686.000
113	47	1.000	-686.000
113	48	1.000	-686.000
113	49	1.000	-686.000
113	50	1.000	-686.000
113	51	1.000	-686.000
113	52	1.000	-686.000
113	53	1.000	-686.000
113	54	1.000	-686.000
113	55	1.000	-686.000
113	56	1.000	-686.000
113	57	1.000	-686.000
113	58	1.000	-686.000
113	59	1.000	-686.000
113	60	1.000	-686.000
113	61	1.000	-686.000
113	62	1.000	-686.000
113	63	1.000	-686.000
113	64	1.000	-686.000
#
### BC3-X2
114	1	1.000	-686.000
114	2	1.000	-686.000
114	3	1.000	-686.000
114	4	1.000	-686.000
114	5	1.000	-686.000
114	6	1.000	-686.000
114	7	1.000	-686.000
114	8	1.000	-686.000
114	9	1.000	-686.000
114	10	1.000	-686.000
114	11	1.000	-686.000
114	12	1.000	-686.000
114	13	1.000	-686.000
114	14	1.000	-686.000
114	15	1.000	-686.000
114	16	1.000	-686.000
114	17	1.000	-686.000
114	18	1.000	-686.000
114	19	1.000	-686.000
114	20	1.000	-686.000
114	21	1.000	-686.000
114	22	1.000	-686.000
114	23	1.000	-686.000
114	24	1.000	-686.000
114	25	1.000	-686.000
114	26	1.000	-686.000
114	27	1.000	-686.000
114	28	1.000	-686.000
114	29	1.000	-686.000
114	30	1.000	-686.000
114	31	1.000	-686.000
114	32	1.000	-686.000
114	33	1.000	-686.000
114	34	1.000	-686.000
114	35	1.000	-686.000
114	36	1.000	-686.000
114	37	1.000	-686.000
114	38	1.000	-686.000
114	39	1.000	-686.000
114	40	1.000	-686.000
114	41	1.000	-686.000
114	42	1.000	-686.000
114	43	1.000	-686.000
114	44	1.000	-686.000
114	45	1.000	-686.000
114	46	1.000	-686.000
114	47	1.000	-686.000
114	48	1.000	-686.000
114	49	1.000	-686.000
114	50	1.000	-686.000
114	51	1.000	-686.000
114	52	1.000	-686.000
114	53	1.000	-686.000
114	54	1.000	-686.000
114	55	1.000	-686.000
114	56	1.000	-686.000
114	57	1.000	-686.000
114	58	1.000	-686.000
114	59	1.000	-686.000
114	60	1.000	-686.000
114	61	1.000	-686.000
114	62	1.000	-686.000
114	63	1.000	-686.000
114	64	1.000	-686.000
#
### BC3-U1
115	1	1.000	-686.000
115	2	1.000	-686.000
115	3	1.000	-686.000
115	4	1.000	-686.000
115	5	1.000	-684.572
115	6	1.000	-686.000
115	7	1.000	-686.000
115	8	1.000	-686.000
115	9	1.000	-686.000
115	10	1.000	-686.000
115	11	1.000	-686.000
115	12	1.000	-686.000
115	13	1.000	-686.000
115	14	1.000	-686.000
115	15	1.000	-653.430
115	16	1.000	-686.000
115	17	1.000	-687.050
115	18	1.000	-688.710
115	19	1.000	-687.395
115	20	1.000	-688.907
115	21	1.000	-688.309
115	22	1.000	-687.800
115	23	1.000	-688.514
115	24	1.000	-688.147
115	25	1.000	-687.762
115	26	1.000	-687.695
115	27	1.000	-688.323
115	28	1.000	-687.620
115	29	1.000	-687.695
115	30	1.000	-688.262
115	31	1.000	-687.658
115	32	1.000	-688.335
115	33	1.000	-689.436
115	34	1.000	-689.733
115	35	1.000	-690.336
115	36	1.000	-690.099
115	37	1.000	-690.127
115	38	1.000	-690.077
115	39	1.000	-690.618
115	40	1.000	-689.213
115	41	1.000	-690.412
115	42	1.000	-686.000
115	43	1.000	-689.503
115	44	1.000	-689.481
115	45	1.000	-688.214
115	46	1.000	-688.523
115	47	1.000	-686.818
115	48	1.000	-684.803
115	49	1.000	-658.584
115	50	1.000	-686.000
115	51	1.000	-686.000
115	52	1.000	-656.202
115	53	1.000	-657.171
115	54	1.000	-686.000
115	55	1.000	-686.000
115	56	1.000	-660.562
115	57	1.000	-686.000
115	58	1.000	-657.584
115	59	1.000	-655.816
115	60	1.000	-675.418
115	61	1.000	-686.000
115	62	1.000	-686.000
115	63	1.000	-686.000
115	64	1.000	-686.000
#
### BC3-U2
116	1	1.000	-686.000
116	2	1.000	-686.000
116	3	1.000	-686.000
116	4	1.000	-686.000
116	5	1.000	-686.000
116	6	1.000	-686.000
116	7	1.000	-657.509
116	8	1.000	-651.038
116	9	1.000	-686.000
116	10	1.000	-660.038
116	11	1.000	-686.000
116	12	1.000	-686.000
116	13	1.000	-686.000
116	14	1.000	-686.000
116	15	1.000	-686.000
116	16	1.000	-684.670
116	17	1.000	-686.000
116	18	1.000	-685.926
116	19	1.000	-686.000
116	20	1.000	-669.173
116	21	1.000	-686.559
116	22	1.000	-688.361
116	23	1.000	-689.227
116	24	1.000	-690.270
116	25	1.000	-689.634
116	26	1.000	-690.270
116	27	1.000	-689.853
116	28	1.000	-689.374
116	29	1.000	-689.485
116	30	1.000	-689.310
116	31	1.000	-689.153
116	32	1.000	-688.712
116	33	1.000	-683.245
116	34	1.000	-682.520
116	35	1.000	-683.061
116	36	1.000	-682.357
116	37	1.000	-682.291
116	38	1.000	-683.096
116	39	1.000	-683.479
116	40	1.000	-682.303
116	41	1.000	-683.907
116	42	1.000	-685.074
116	43	1.000	-684.256
116	44	1.000	-685.219
116	45	1.000	-684.453
116	46	1.000	-684.078
116	47	1.000	-685.245
116	48	1.000	-684.037
116	49	1.000	-681.425
116	50	1.000	-685.014
116	51	1.000	-684.286
116	52	1.000	-682.673
116	53	1.000	-687.328
116	54	1.000	-686.000
116	55	1.000	-686.000
116	56	1.000	-686.000
116	57	1.000	-686.000
116	58	1.000	-686.000
116	59	1.000	-686.000
116	60	1.000	-686.000
116	61	1.000	-686.000
116	62	1.000	-686.000
116	63	1.000	-686.000
116	64	1.000	-686.000
#
### BC3-V1
117	1	1.000	-686.000
117	2	1.000	-686.000
117	3	1.000	-686.000
117	4	1.000	-686.000
117	5	1.000	-686.000
117	6	1.000	-686.000
117	7	1.000	-687.937
117	8	1.000	-686.000
117	9	1.000	-686.000
117	10	1.000	-658.469
117	11	1.000	-686.000
117	12	1.000	-686.000
117	13	1.000	-686.000
117	14	1.000	-658.800
117	15	1.000	-686.000
117	16	1.000	-686.000
117	17	1.000	-686.000
117	18	1.000	-686.000
117	19	1.000	-686.000
117	20	1.000	-686.000
117	21	1.000	-686.000
117	22	1.000	-688.683
117	23	1.000	-690.208
117	24	1.000	-689.719
117	25	1.000	-688.310
117	26	1.000	-689.296
117	27	1.000	-689.293
117	28	1.000	-689.781
117	29	1.000	-689.492
117	30	1.000	-690.172
117	31	1.000	-689.598
117	32	1.000	-690.434
117	33	1.000	-688.756
117	34	1.000	-686.989
117	35	1.000	-690.300
117	36	1.000	-690.035
117	37	1.000	-689.784
117	38	1.000	-689.673
117	39	1.000	-689.965
117	40	1.000	-689.603
117	41	1.000	-690.465
117	42	1.000	-669.414
117	43	1.000	-689.824
117	44	1.000	-689.809
117	45	1.000	-688.955
117	46	1.000	-687.501
117	47	1.000	-671.173
117	48	1.000	-686.000
117	49	1.000	-686.000
117	50	1.000	-687.610
117	51	1.000	-686.000
117	52	1.000	-686.000
117	53	1.000	-686.000
117	54	1.000	-653.654
117	55	1.000	-686.000
117	56	1.000	-686.000
117	57	1.000	-686.000
117	58	1.000	-686.000
117	59	1.000	-686.000
117	60	1.000	-657.094
117	61	1.000	-686.000
117	62	1.000	-686.000
117	63	1.000	-650.908
117	64	1.000	-651.274
#
### BC3-V2
118	1	1.000	-686.000
118	2	1.000	-686.000
118	3	1.000	-686.000
118	4	1.000	-686.000
118	5	1.000	-686.000
118	6	1.000	-686.000
118	7	1.000	-686.000
118	8	1.000	-686.000
118	9	1.000	-649.725
118	10	1.000	-686.000
118	11	1.000	-686.000
118	12	1.000	-660.777
118	13	1.000	-686.000
118	14	1.000	-686.000
118	15	1.000	-686.000
118	16	1.000	-659.004
118	17	1.000	-686.000
118	18	1.000	-686.102
118	19	1.000	-682.938
118	20	1.000	-686.085
118	21	1.000	-680.310
118	22	1.000	-687.428
118	23	1.000	-688.711
118	24	1.000	-687.934
118	25	1.000	-687.631
118	26	1.000	-688.749
118	27	1.000	-688.175
118	28	1.000	-688.129
118	29	1.000	-687.691
118	30	1.000	-688.486
118	31	1.000	-687.639
118	32	1.000	-686.933
118	33	1.000	-679.832
118	34	1.000	-680.414
118	35	1.000	-679.483
118	36	1.000	-679.904
118	37	1.000	-680.137
118	38	1.000	-681.222
118	39	1.000	-679.696
118	40	1.000	-680.676
118	41	1.000	-680.425
118	42	1.000	-681.218
118	43	1.000	-680.903
118	44	1.000	-680.980
118	45	1.000	-683.558
118	46	1.000	-681.931
118	47	1.000	-681.452
118	48	1.000	-680.181
118	49	1.000	-679.687
118	50	1.000	-680.647
118	51	1.000	-682.026
118	52	1.000	-653.876
118	53	1.000	-686.000
118	54	1.000	-686.000
118	55	1.000	-686.000
118	56	1.000	-686.000
118	57	1.000	-686.000
118	58	1.000	-686.000
118	59	1.000	-687.820
118	60	1.000	-686.000
118	61	1.000	-686.000
118	62	1.000	-686.000
118	63	1.000	-686.000
118	64	1.000	-686.000
#
### BC4-U1
119	1	1.000	-686.000
119	2	1.000	-660.806
119	3	1.000	-686.000
119	4	1.000	-686.000
119	5	1.000	-686.000
119	6	1.000	-686.000
119	7	1.000	-686.000
119	8	1.000	-686.000
119	9	1.000	-686.000
119	10	1.000	-659.428
119	11	1.000	-686.000
119	12	1.000	-686.000
119	13	1.000	-686.000
119	14	1.000	-686.000
119	15	1.000	-686.000
119	16	1.000	-686.000
119	17	1.000	-686.000
119	18	1.000	-686.000
119	19	1.000	-651.903
119	20	1.000	-686.000
119	21	1.000	-686.000
119	22	1.000	-686.000
119	23	1.000	-687.193
119	24	1.000	-685.037
119	25	1.000	-684.520
119	26	1.000	-684.873
119	27	1.000	-685.461
119	28	1.000	-685.481
119	29	1.000	-686.125
119	30	1.000	-686.458
119	31	1.000	-686.314
119	32	1.000	-686.191
119	33	1.000	-685.330
119	34	1.000	-685.395
119	35	1.000	-686.174
119	36	1.000	-685.705
119	37	1.000	-686.573
119	38	1.000	-685.824
119	39	1.000	-686.273
119	40	1.000	-685.422
119	41	1.000	-685.999
119	42	1.000	-685.528
119	43	1.000	-686.752
119	44	1.000	-685.893
119	45	1.000	-685.284
119	46	1.000	-684.092
119	47	1.000	-685.603
119	48	1.000	-684.084
119	49	1.000	-685.082
119	50	1.000	-686.000
119	51	1.000	-652.921
119	52	1.000	-686.000
119	53	1.000	-686.000
119	54	1.000	-651.168
119	55	1.000	-686.000
119	56	1.000	-686.000
119	57	1.000	-686.000
119	58	1.000	-659.044
119	59	1.000	-652.934
119	60	1.000	-660.462
119	61	1.000	-686.000
119	62	1.000	-657.843
119	63	1.000	-686.000
119	64	1.000	-686.000
#
### BC4-U2
120	1	1.000	-683.000
120	2	1.000	-651.424
120	3	1.000	-644.024
120	4	1.000	-682.674
120	5	1.000	-658.400
120	6	1.000	-643.862
120	7	1.000	-655.000
120	8	1.000	-683.000
120	9	1.000	-657.250
120	10	1.000	-683.000
120	11	1.000	-683.000
120	12	1.000	-683.000
120	13	1.000	-683.000
120	14	1.000	-683.000
120	15	1.000	-683.000
120	16	1.000	-683.000
120	17	1.000	-683.000
120	18	1.000	-683.000
120	19	1.000	-683.000
120	20	1.000	-683.000
120	21	1.000	-683.000
120	22	1.000	-683.000
120	23	1.000	-683.000
120	24	1.000	-682.312
120	25	1.000	-683.300
120	26	1.000	-684.241
120	27	1.000	-683.184
120	28	1.000	-684.559
120	29	1.000	-684.774
120	30	1.000	-685.538
120	31	1.000	-684.175
120	32	1.000	-684.321
120	33	1.000	-685.276
120	34	1.000	-684.604
120	35	1.000	-684.840
120	36	1.000	-683.826
120	37	1.000	-684.251
120	38	1.000	-683.973
120	39	1.000	-684.412
120	40	1.000	-683.444
120	41	1.000	-684.186
120	42	1.000	-684.503
120	43	1.000	-684.241
120	44	1.000	-684.363
120	45	1.000	-682.501
120	46	1.000	-683.990
120	47	1.000	-684.485
120	48	1.000	-682.692
120	49	1.000	-681.492
120	50	1.000	-683.000
120	51	1.000	-683.000
120	52	1.000	-683.000
120	53	1.000	-683.000
120	54	1.000	-683.000
120	55	1.000	-683.000
120	56	1.000	-683.000
120	57	1.000	-683.000
120	58	1.000	-652.829
120	59	1.000	-683.000
120	60	1.000	-683.000
120	61	1.000	-657.082
120	62	1.000	-647.714
120	63	1.000	-683.000
120	64	1.000	-683.000
#
### BC4-V1
121	1	1.000	-683.000
121	2	1.000	-672.456
121	3	1.000	-683.000
121	4	1.000	-683.000
121	5	1.000	-683.000
121	6	1.000	-683.000
121	7	1.000	-683.000
121	8	1.000	-683.000
121	9	1.000	-683.000
121	10	1.000	-654.963
121	11	1.000	-683.000
121	12	1.000	-648.635
121	13	1.000	-683.000
121	14	1.000	-651.275
121	15	1.000	-683.000
121	16	1.000	-683.000
121	17	1.000	-683.000
121	18	1.000	-683.000
121	19	1.000	-683.000
121	20	1.000	-683.000
121	21	1.000	-682.876
121	22	1.000	-683.000
121	23	1.000	-686.665
121	24	1.000	-684.948
121	25	1.000	-684.798
121	26	1.000	-685.495
121	27	1.000	-685.775
121	28	1.000	-685.400
121	29	1.000	-686.049
121	30	1.000	-686.528
121	31	1.000	-686.461
121	32	1.000	-686.718
121	33	1.000	-686.396
121	34	1.000	-684.651
121	35	1.000	-687.825
121	36	1.000	-686.955
121	37	1.000	-687.572
121	38	1.000	-686.999
121	39	1.000	-687.183
121	40	1.000	-685.571
121	41	1.000	-688.003
121	42	1.000	-686.200
121	43	1.000	-686.927
121	44	1.000	-683.000
121	45	1.000	-685.300
121	46	1.000	-685.536
121	47	1.000	-685.775
121	48	1.000	-684.916
121	49	1.000	-682.937
121	50	1.000	-686.516
121	51	1.000	-683.000
121	52	1.000	-683.000
121	53	1.000	-683.000
121	54	1.000	-683.000
121	55	1.000	-683.000
121	56	1.000	-652.930
121	57	1.000	-683.000
121	58	1.000	-683.000
121	59	1.000	-649.195
121	60	1.000	-683.000
121	61	1.000	-683.000
121	62	1.000	-671.372
121	63	1.000	-683.000
121	64	1.000	-683.000
#
### BC4-V2
122	1	1.000	-684.009
122	2	1.000	-683.000
122	3	1.000	-683.000
122	4	1.000	-683.000
122	5	1.000	-661.613
122	6	1.000	-683.000
122	7	1.000	-655.235
122	8	1.000	-683.000
122	9	1.000	-643.143
122	10	1.000	-683.000
122	11	1.000	-683.000
122	12	1.000	-672.370
122	13	1.000	-683.000
122	14	1.000	-683.000
122	15	1.000	-683.000
122	16	1.000	-683.000
122	17	1.000	-683.000
122	18	1.000	-683.000
122	19	1.000	-683.000
122	20	1.000	-683.000
122	21	1.000	-683.000
122	22	1.000	-683.000
122	23	1.000	-684.029
122	24	1.000	-685.782
122	25	1.000	-685.289
122	26	1.000	-686.024
122	27	1.000	-686.218
122	28	1.000	-687.201
122	29	1.000	-686.509
122	30	1.000	-687.221
122	31	1.000	-686.591
122	32	1.000	-686.355
122	33	1.000	-686.122
122	34	1.000	-685.867
122	35	1.000	-686.254
122	36	1.000	-685.439
122	37	1.000	-685.080
122	38	1.000	-685.401
122	39	1.000	-685.592
122	40	1.000	-685.060
122	41	1.000	-686.283
122	42	1.000	-685.128
122	43	1.000	-685.633
122	44	1.000	-685.903
122	45	1.000	-685.941
122	46	1.000	-686.097
122	47	1.000	-685.600
122	48	1.000	-684.700
122	49	1.000	-668.196
122	50	1.000	-683.000
122	51	1.000	-683.000
122	52	1.000	-683.000
122	53	1.000	-683.000
122	54	1.000	-683.000
122	55	1.000	-683.000
122	56	1.000	-683.000
122	57	1.000	-683.000
122	58	1.000	-683.000
122	59	1.000	-683.000
122	60	1.000	-683.000
122	61	1.000	-683.000
122	62	1.000	-683.000
122	63	1.000	-676.455
122	64	1.000	-683.000
#
### BC4-X1
123	1	1.000	-683.000
123	2	1.000	-683.000
123	3	1.000	-683.000
123	4	1.000	-683.000
123	5	1.000	-656.751
123	6	1.000	-656.407
123	7	1.000	-653.692
123	8	1.000	-683.000
123	9	1.000	-683.000
123	10	1.000	-683.000
123	11	1.000	-656.003
123	12	1.000	-683.000
123	13	1.000	-683.000
123	14	1.000	-683.000
123	15	1.000	-683.000
123	16	1.000	-683.000
123	17	1.000	-683.000
123	18	1.000	-683.000
123	19	1.000	-683.000
123	20	1.000	-683.000
123	21	1.000	-685.466
123	22	1.000	-683.000
123	23	1.000	-684.415
123	24	1.000	-685.855
123	25	1.000	-682.920
123	26	1.000	-685.183
123	27	1.000	-685.174
123	28	1.000	-685.329
123	29	1.000	-685.432
123	30	1.000	-686.661
123	31	1.000	-686.243
123	32	1.000	-686.634
123	33	1.000	-686.829
123	34	1.000	-686.804
123	35	1.000	-687.533
123	36	1.000	-687.168
123	37	1.000	-687.360
123	38	1.000	-686.194
123	39	1.000	-687.264
123	40	1.000	-686.198
123	41	1.000	-687.673
123	42	1.000	-686.812
123	43	1.000	-687.444
123	44	1.000	-686.434
123	45	1.000	-686.828
123	46	1.000	-685.944
123	47	1.000	-686.209
123	48	1.000	-685.417
123	49	1.000	-685.373
123	50	1.000	-684.436
123	51	1.000	-681.882
123	52	1.000	-683.000
123	53	1.000	-683.000
123	54	1.000	-683.000
123	55	1.000	-683.000
123	56	1.000	-683.000
123	57	1.000	-683.000
123	58	1.000	-682.671
123	59	1.000	-683.000
123	60	1.000	-683.000
123	61	1.000	-683.000
123	62	1.000	-683.000
123	63	1.000	-683.000
123	64	1.000	-683.000
#
### BC4-X2
124	1	1.000	-683.000
124	2	1.000	-683.000
124	3	1.000	-683.000
124	4	1.000	-660.486
124	5	1.000	-683.000
124	6	1.000	-643.716
124	7	1.000	-683.000
124	8	1.000	-659.898
124	9	1.000	-650.872
124	10	1.000	-683.000
124	11	1.000	-683.000
124	12	1.000	-683.000
124	13	1.000	-683.000
124	14	1.000	-657.645
124	15	1.000	-683.000
124	16	1.000	-683.000
124	17	1.000	-683.000
124	18	1.000	-683.000
124	19	1.000	-683.000
124	20	1.000	-683.000
124	21	1.000	-683.000
124	22	1.000	-683.000
124	23	1.000	-684.565
124	24	1.000	-684.697
124	25	1.000	-683.493
124	26	1.000	-654.505
124	27	1.000	-685.477
124	28	1.000	-686.018
124	29	1.000	-686.454
124	30	1.000	-685.860
124	31	1.000	-685.823
124	32	1.000	-684.783
124	33	1.000	-685.935
124	34	1.000	-686.124
124	35	1.000	-685.576
124	36	1.000	-685.259
124	37	1.000	-684.907
124	38	1.000	-685.792
124	39	1.000	-685.276
124	40	1.000	-684.819
124	41	1.000	-685.468
124	42	1.000	-685.197
124	43	1.000	-685.420
124	44	1.000	-684.510
124	45	1.000	-683.000
124	46	1.000	-684.759
124	47	1.000	-683.961
124	48	1.000	-682.810
124	49	1.000	-684.600
124	50	1.000	-683.000
124	51	1.000	-683.000
124	52	1.000	-683.000
124	53	1.000	-683.000
124	54	1.000	-683.000
124	55	1.000	-683.000
124	56	1.000	-683.000
124	57	1.000	-683.000
124	58	1.000	-683.000
124	59	1.000	-683.000
124	60	1.000	-683.000
124	61	1.000	-683.000
124	62	1.000	-683.000
124	63	1.000	-683.000
124	64	1.000	-683.000
#
### SDC1-U1
1	1	1.000	-670.000
1	2	1.000	-677.236
1	3	1.000	-671.570
1	4	1.000	-675.949
1	5	1.000	-674.624
1	6	1.000	-673.963
1	7	1.000	-673.996
1	8	1.000	-673.273
1	9	1.000	-675.365
1	10	1.000	-672.564
1	11	1.000	-673.255
1	12	1.000	-676.920
1	13	1.000	-676.147
1	14	1.000	-672.049
1	15	1.000	-673.408
1	16	1.000	-672.493
1	17	1.000	-671.254
1	18	1.000	-674.710
1	19	1.000	-673.584
1	20	1.000	-673.330
1	21	1.000	-672.497
1	22	1.000	-673.233
1	23	1.000	-673.702
1	24	1.000	-670.000
1	25	1.000	-672.191
1	26	1.000	-673.018
1	27	1.000	-672.199
1	28	1.000	-671.833
1	29	1.000	-669.753
1	30	1.000	-669.903
1	31	1.000	-669.182
1	32	1.000	-669.250
1	33	1.000	-668.303
1	34	1.000	-669.224
1	35	1.000	-669.905
1	36	1.000	-669.695
1	37	1.000	-670.160
1	38	1.000	-670.073
1	39	1.000	-669.966
1	40	1.000	-670.941
1	41	1.000	-671.091
1	42	1.000	-670.289
1	43	1.000	-671.946
1	44	1.000	-671.746
1	45	1.000	-671.079
1	46	1.000	-671.303
1	47	1.000	-671.391
1	48	1.000	-670.802
1	49	1.000	-671.505
1	50	1.000	-672.638
1	51	1.000	-671.131
1	52	1.000	-671.807
1	53	1.000	-670.000
1	54	1.000	-671.491
1	55	1.000	-673.666
1	56	1.000	-673.592
1	57	1.000	-638.467
1	58	1.000	-671.650
1	59	1.000	-668.771
1	60	1.000	-672.442
1	61	1.000	-670.675
1	62	1.000	-673.736
1	63	1.000	-662.505
1	64	1.000	-669.539
#
### SDC1-U2
2	1	1.000	-667.798
2	2	1.000	-670.000
2	3	1.000	-676.573
2	4	1.000	-672.148
2	5	1.000	-674.407
2	6	1.000	-676.824
2	7	1.000	-645.295
2	8	1.000	-670.000
2	9	1.000	-676.919
2	10	1.000	-673.460
2	11	1.000	-676.392
2	12	1.000	-677.620
2	13	1.000	-673.520
2	14	1.000	-674.117
2	15	1.000	-675.012
2	16	1.000	-670.000
2	17	1.000	-669.586
2	18	1.000	-671.728
2	19	1.000	-673.430
2	20	1.000	-670.813
2	21	1.000	-672.425
2	22	1.000	-672.733
2	23	1.000	-672.633
2	24	1.000	-671.616
2	25	1.000	-672.666
2	26	1.000	-671.833
2	27	1.000	-672.081
2	28	1.000	-670.320
2	29	1.000	-669.340
2	30	1.000	-668.990
2	31	1.000	-669.199
2	32	1.000	-669.268
2	33	1.000	-668.712
2	34	1.000	-668.248
2	35	1.000	-668.988
2	36	1.000	-668.561
2	37	1.000	-670.337
2	38	1.000	-670.821
2	39	1.000	-670.132
2	40	1.000	-669.471
2	41	1.000	-671.868
2	42	1.000	-671.491
2	43	1.000	-672.977
2	44	1.000	-669.198
2	45	1.000	-671.808
2	46	1.000	-670.952
2	47	1.000	-668.190
2	48	1.000	-670.974
2	49	1.000	-670.000
2	50	1.000	-671.493
2	51	1.000	-669.080
2	52	1.000	-668.730
2	53	1.000	-670.555
2	54	1.000	-673.102
2	55	1.000	-674.083
2	56	1.000	-671.945
2	57	1.000	-672.838
2	58	1.000	-670.000
2	59	1.000	-672.430
2	60	1.000	-674.107
2	61	1.000	-672.075
2	62	1.000	-672.226
2	63	1.000	-671.252
2	64	1.000	-670.000
#
### SDC1-X1
3	1	1.000	-675.637
3	2	1.000	-678.908
3	3	1.000	-675.123
3	4	1.000	-664.000
3	5	1.000	-664.000
3	6	1.000	-678.032
3	7	1.000	-675.796
3	8	1.000	-672.589
3	9	1.000	-675.126
3	10	1.000	-672.520
3	11	1.000	-674.239
3	12	1.000	-674.768
3	13	1.000	-673.197
3	14	1.000	-674.657
3	15	1.000	-664.000
3	16	1.000	-672.800
3	17	1.000	-674.648
3	18	1.000	-672.824
3	19	1.000	-674.575
3	20	1.000	-674.505
3	21	1.000	-674.037
3	22	1.000	-674.221
3	23	1.000	-673.482
3	24	1.000	-674.596
3	25	1.000	-674.116
3	26	1.000	-673.721
3	27	1.000	-673.476
3	28	1.000	-672.670
3	29	1.000	-671.084
3	30	1.000	-671.854
3	31	1.000	-670.886
3	32	1.000	-670.857
3	33	1.000	-668.057
3	34	1.000	-668.579
3	35	1.000	-668.424
3	36	1.000	-669.426
3	37	1.000	-669.519
3	38	1.000	-670.496
3	39	1.000	-670.732
3	40	1.000	-670.806
3	41	1.000	-670.903
3	42	1.000	-671.542
3	43	1.000	-657.477
3	44	1.000	-671.544
3	45	1.000	-669.860
3	46	1.000	-664.000
3	47	1.000	-671.759
3	48	1.000	-671.104
3	49	1.000	-669.854
3	50	1.000	-671.612
3	51	1.000	-671.297
3	52	1.000	-664.000
3	53	1.000	-668.955
3	54	1.000	-672.547
3	55	1.000	-670.884
3	56	1.000	-671.551
3	57	1.000	-672.136
3	58	1.000	-664.000
3	59	1.000	-674.209
3	60	1.000	-674.734
3	61	1.000	-664.000
3	62	1.000	-671.140
3	63	1.000	-671.070
3	64	1.000	-670.912
#
### SDC1-X2 
4	1	1.000	-668.000
4	2	1.000	-677.331
4	3	1.000	-676.664
4	4	1.000	-674.047
4	5	1.000	-676.171
4	6	1.000	-668.000
4	7	1.000	-673.879
4	8	1.000	-673.831
4	9	1.000	-673.637
4	10	1.000	-672.944
4	11	1.000	-674.891
4	12	1.000	-675.545
4	13	1.000	-668.284
4	14	1.000	-674.210
4	15	1.000	-674.509
4	16	1.000	-673.071
4	17	1.000	-668.000
4	18	1.000	-673.444
4	19	1.000	-673.651
4	20	1.000	-673.516
4	21	1.000	-668.000
4	22	1.000	-673.818
4	23	1.000	-674.017
4	24	1.000	-668.906
4	25	1.000	-675.741
4	26	1.000	-673.077
4	27	1.000	-673.859
4	28	1.000	-672.334
4	29	1.000	-671.753
4	30	1.000	-671.233
4	31	1.000	-671.139
4	32	1.000	-670.677
4	33	1.000	-668.274
4	34	1.000	-667.724
4	35	1.000	-668.996
4	36	1.000	-668.973
4	37	1.000	-669.289
4	38	1.000	-669.908
4	39	1.000	-669.610
4	40	1.000	-670.049
4	41	1.000	-670.953
4	42	1.000	-670.610
4	43	1.000	-671.409
4	44	1.000	-670.314
4	45	1.000	-671.619
4	46	1.000	-670.891
4	47	1.000	-669.539
4	48	1.000	-668.991
4	49	1.000	-670.901
4	50	1.000	-669.390
4	51	1.000	-669.566
4	52	1.000	-669.424
4	53	1.000	-672.313
4	54	1.000	-669.726
4	55	1.000	-672.957
4	56	1.000	-671.393
4	57	1.000	-671.301
4	58	1.000	-670.440
4	59	1.000	-672.158
4	60	1.000	-673.588
4	61	1.000	-669.505
4	62	1.000	-668.000
4	63	1.000	-671.046
4	64	1.000	-669.087
#
### SDC1-V1
5	1	1.000	-671.224
5	2	1.000	-676.309
5	3	1.000	-669.644
5	4	1.000	-670.405
5	5	1.000	-671.136
5	6	1.000	-671.548
5	7	1.000	-668.744
5	8	1.000	-667.000
5	9	1.000	-674.370
5	10	1.000	-671.665
5	11	1.000	-672.881
5	12	1.000	-672.796
5	13	1.000	-669.925
5	14	1.000	-671.011
5	15	1.000	-670.555
5	16	1.000	-671.631
5	17	1.000	-671.639
5	18	1.000	-670.557
5	19	1.000	-672.704
5	20	1.000	-673.432
5	21	1.000	-674.480
5	22	1.000	-672.576
5	23	1.000	-671.687
5	24	1.000	-672.126
5	25	1.000	-672.452
5	26	1.000	-673.231
5	27	1.000	-672.360
5	28	1.000	-671.319
5	29	1.000	-668.501
5	30	1.000	-668.915
5	31	1.000	-668.817
5	32	1.000	-668.661
5	33	1.000	-668.374
5	34	1.000	-669.727
5	35	1.000	-669.453
5	36	1.000	-669.946
5	37	1.000	-670.488
5	38	1.000	-672.394
5	39	1.000	-670.698
5	40	1.000	-670.931
5	41	1.000	-671.292
5	42	1.000	-671.906
5	43	1.000	-672.126
5	44	1.000	-673.458
5	45	1.000	-670.770
5	46	1.000	-671.781
5	47	1.000	-669.273
5	48	1.000	-670.400
5	49	1.000	-669.358
5	50	1.000	-671.221
5	51	1.000	-671.190
5	52	1.000	-669.447
5	53	1.000	-667.000
5	54	1.000	-673.562
5	55	1.000	-672.003
5	56	1.000	-667.308
5	57	1.000	-667.000
5	58	1.000	-674.714
5	59	1.000	-672.664
5	60	1.000	-674.050
5	61	1.000	-669.490
5	62	1.000	-670.510
5	63	1.000	-672.106
5	64	1.000	-666.815
#
### SDC1-V2
6	1	1.000	-672.774
6	2	1.000	-673.127
6	3	1.000	-667.000
6	4	1.000	-672.388
6	5	1.000	-668.967
6	6	1.000	-667.000
6	7	1.000	-667.000
6	8	1.000	-657.319
6	9	1.000	-671.618
6	10	1.000	-673.176
6	11	1.000	-672.796
6	12	1.000	-667.000
6	13	1.000	-672.373
6	14	1.000	-670.397
6	15	1.000	-671.841
6	16	1.000	-672.317
6	17	1.000	-672.475
6	18	1.000	-667.000
6	19	1.000	-673.858
6	20	1.000	-675.651
6	21	1.000	-674.493
6	22	1.000	-673.205
6	23	1.000	-673.974
6	24	1.000	-673.312
6	25	1.000	-675.150
6	26	1.000	-672.860
6	27	1.000	-671.456
6	28	1.000	-669.463
6	29	1.000	-669.414
6	30	1.000	-669.437
6	31	1.000	-669.544
6	32	1.000	-670.052
6	33	1.000	-670.071
6	34	1.000	-669.453
6	35	1.000	-670.156
6	36	1.000	-670.873
6	37	1.000	-672.277
6	38	1.000	-672.078
6	39	1.000	-671.331
6	40	1.000	-671.155
6	41	1.000	-673.156
6	42	1.000	-671.732
6	43	1.000	-673.294
6	44	1.000	-672.907
6	45	1.000	-667.563
6	46	1.000	-672.140
6	47	1.000	-672.844
6	48	1.000	-672.638
6	49	1.000	-669.313
6	50	1.000	-672.691
6	51	1.000	-671.252
6	52	1.000	-667.000
6	53	1.000	-673.078
6	54	1.000	-671.748
6	55	1.000	-670.826
6	56	1.000	-672.037
6	57	1.000	-674.790
6	58	1.000	-672.446
6	59	1.000	-671.342
6	60	1.000	-675.372
6	61	1.000	-671.121
6	62	1.000	-667.000
6	63	1.000	-668.821
6	64	1.000	-667.833
#
### SDC2-X1
31	1	1.00000	-672.000
31	2	1.00000	-672.000
31	3	1.00000	-672.000
31	4	1.00000	-672.000
31	5	1.00000	-672.000
31	6	1.00000	-672.000
31	7	1.00000	-671.787
31	8	1.00000	-672.000
31	9	1.00000	-672.000
31	10	1.00000	-672.000
31	11	1.00000	-672.000
31	12	1.00000	-672.000
31	13	1.00000	-672.000
31	14	1.00000	-672.000
31	15	1.00000	-672.000
31	16	1.00000	-672.000
31	17	1.00000	-672.000
31	18	1.00000	-672.000
31	19	1.00000	-672.000
31	20	1.00000	-672.000
31	21	1.00000	-672.000
31	22	1.00000	-672.000
31	23	1.00000	-672.000
31	24	1.00000	-672.000
31	25	1.00000	-672.000
31	26	1.00000	-672.000
31	27	1.00000	-672.000
31	28	1.00000	-672.000
31	29	1.00000	-672.000
31	30	1.00000	-672.000
31	31	1.00000	-672.000
31	32	1.00000	-672.000
31	33	1.00000	-672.000
31	34	1.00000	-672.000
31	35	1.00000	-672.000
31	36	1.00000	-672.000
31	37	1.00000	-672.000
31	38	1.00000	-672.000
31	39	1.00000	-672.000
31	40	1.00000	-672.000
31	41	1.00000	-672.000
31	42	1.00000	-672.000
31	43	1.00000	-672.000
31	44	1.00000	-672.000
31	45	1.00000	-679.567
31	46	1.00000	-672.000
31	47	1.00000	-672.000
31	48	1.00000	-672.000
31	49	1.00000	-672.000
31	50	1.00000	-672.000
31	51	1.00000	-672.000
31	52	1.00000	-672.000
31	53	1.00000	-672.000
31	54	1.00000	-672.000
31	55	1.00000	-678.523
31	56	1.00000	-670.590
31	57	1.00000	-673.321
31	58	1.00000	-671.774
31	59	1.00000	-674.613
31	60	1.00000	-673.529
31	61	1.00000	-673.028
31	62	1.00000	-672.435
31	63	1.00000	-673.996
31	64	1.00000	-673.012
31	65	1.00000	-672.573
31	66	1.00000	-672.062
31	67	1.00000	-672.033
31	68	1.00000	-672.338
31	69	1.00000	-673.126
31	70	1.00000	-670.758
31	71	1.00000	-668.766
31	72	1.00000	-669.730
31	73	1.00000	-669.866
31	74	1.00000	-673.735
31	75	1.00000	-663.860
31	76	1.00000	-672.111
31	77	1.00000	-672.000
31	78	1.00000	-672.000
31	79	1.00000	-675.737
31	80	1.00000	-672.000
31	81	1.00000	-672.000
31	82	1.00000	-672.000
31	83	1.00000	-672.000
31	84	1.00000	-672.000
31	85	1.00000	-672.000
31	86	1.00000	-672.000
31	87	1.00000	-672.000
31	88	1.00000	-672.000
31	89	1.00000	-672.000
31	90	1.00000	-672.000
31	91	1.00000	-672.000
31	92	1.00000	-672.000
31	93	1.00000	-672.000
31	94	1.00000	-672.000
31	95	1.00000	-672.000
31	96	1.00000	-672.000
31	97	1.00000	-672.000
31	98	1.00000	-672.000
31	99	1.00000	-672.000
31	100	1.00000	-672.000
31	101	1.00000	-672.000
31	102	1.00000	-672.000
31	103	1.00000	-654.642
31	104	1.00000	-658.436
31	105	1.00000	-672.000
31	106	1.00000	-672.000
31	107	1.00000	-672.000
31	108	1.00000	-672.000
31	109	1.00000	-672.000
31	110	1.00000	-672.000
31	111	1.00000	-672.000
31	112	1.00000	-672.000
31	113	1.00000	-670.878
31	114	1.00000	-645.738
31	115	1.00000	-672.000
31	116	1.00000	-672.000
31	117	1.00000	-672.000
31	118	1.00000	-672.000
31	119	1.00000	-672.000
31	120	1.00000	-672.000
31	121	1.00000	-636.566
31	122	1.00000	-672.000
31	123	1.00000	-672.000
31	124	1.00000	-672.000
31	125	1.00000	-672.000
31	126	1.00000	-672.000
31	127	1.00000	-672.000
31	128	1.00000	-672.000
#
### SDC2-X2
32	1	1.00000	-672.000
32	2	1.00000	-707.661
32	3	1.00000	-672.000
32	4	1.00000	-672.000
32	5	1.00000	-672.000
32	6	1.00000	-672.000
32	7	1.00000	-672.000
32	8	1.00000	-672.000
32	9	1.00000	-672.000
32	10	1.00000	-672.000
32	11	1.00000	-672.000
32	12	1.00000	-672.000
32	13	1.00000	-672.000
32	14	1.00000	-672.000
32	15	1.00000	-672.000
32	16	1.00000	-672.000
32	17	1.00000	-672.000
32	18	1.00000	-672.000
32	19	1.00000	-672.000
32	20	1.00000	-672.000
32	21	1.00000	-672.000
32	22	1.00000	-672.000
32	23	1.00000	-672.000
32	24	1.00000	-672.000
32	25	1.00000	-672.000
32	26	1.00000	-672.000
32	27	1.00000	-672.000
32	28	1.00000	-672.000
32	29	1.00000	-672.000
32	30	1.00000	-672.000
32	31	1.00000	-672.000
32	32	1.00000	-672.000
32	33	1.00000	-672.000
32	34	1.00000	-672.000
32	35	1.00000	-672.000
32	36	1.00000	-672.000
32	37	1.00000	-672.000
32	38	1.00000	-672.000
32	39	1.00000	-672.000
32	40	1.00000	-672.000
32	41	1.00000	-672.000
32	42	1.00000	-672.000
32	43	1.00000	-672.000
32	44	1.00000	-672.000
32	45	1.00000	-672.000
32	46	1.00000	-672.000
32	47	1.00000	-672.000
32	48	1.00000	-672.000
32	49	1.00000	-672.000
32	50	1.00000	-672.000
32	51	1.00000	-672.000
32	52	1.00000	-672.000
32	53	1.00000	-672.000
32	54	1.00000	-682.833
32	55	1.00000	-680.136
32	56	1.00000	-680.776
32	57	1.00000	-636.519
32	58	1.00000	-672.000
32	59	1.00000	-681.554
32	60	1.00000	-680.725
32	61	1.00000	-680.120
32	62	1.00000	-679.572
32	63	1.00000	-678.598
32	64	1.00000	-678.822
32	65	1.00000	-679.736
32	66	1.00000	-680.821
32	67	1.00000	-680.163
32	68	1.00000	-679.216
32	69	1.00000	-672.000
32	70	1.00000	-642.214
32	71	1.00000	-676.895
32	72	1.00000	-678.144
32	73	1.00000	-681.566
32	74	1.00000	-643.344
32	75	1.00000	-680.198
32	76	1.00000	-686.768
32	77	1.00000	-688.764
32	78	1.00000	-641.142
32	79	1.00000	-672.000
32	80	1.00000	-672.000
32	81	1.00000	-672.000
32	82	1.00000	-672.000
32	83	1.00000	-672.000
32	84	1.00000	-672.000
32	85	1.00000	-672.000
32	86	1.00000	-672.000
32	87	1.00000	-672.000
32	88	1.00000	-672.000
32	89	1.00000	-672.000
32	90	1.00000	-672.000
32	91	1.00000	-672.000
32	92	1.00000	-672.000
32	93	1.00000	-672.000
32	94	1.00000	-672.000
32	95	1.00000	-672.000
32	96	1.00000	-672.000
32	97	1.00000	-672.000
32	98	1.00000	-672.000
32	99	1.00000	-672.000
32	100	1.00000	-672.000
32	101	1.00000	-672.000
32	102	1.00000	-672.000
32	103	1.00000	-666.500
32	104	1.00000	-672.000
32	105	1.00000	-672.000
32	106	1.00000	-672.000
32	107	1.00000	-672.000
32	108	1.00000	-672.000
32	109	1.00000	-673.592
32	110	1.00000	-672.000
32	111	1.00000	-672.000
32	112	1.00000	-672.000
32	113	1.00000	-672.000
32	114	1.00000	-672.000
32	115	1.00000	-672.000
32	116	1.00000	-674.648
32	117	1.00000	-699.810
32	118	1.00000	-672.000
32	119	1.00000	-672.000
32	120	1.00000	-672.000
32	121	1.00000	-672.000
32	122	1.00000	-672.000
32	123	1.00000	-672.000
32	124	1.00000	-632.356
32	125	1.00000	-672.000
32	126	1.00000	-672.000
32	127	1.00000	-673.595
32	128	1.00000	-672.000
#
### SDC2-Y1
33	1	1.00000	-672.000
33	2	1.00000	-672.000
33	3	1.00000	-672.000
33	4	1.00000	-672.000
33	5	1.00000	-676.493
33	6	1.00000	-672.000
33	7	1.00000	-672.000
33	8	1.00000	-672.000
33	9	1.00000	-672.000
33	10	1.00000	-648.602
33	11	1.00000	-672.000
33	12	1.00000	-672.000
33	13	1.00000	-672.000
33	14	1.00000	-636.645
33	15	1.00000	-672.000
33	16	1.00000	-672.000
33	17	1.00000	-672.000
33	18	1.00000	-650.068
33	19	1.00000	-672.000
33	20	1.00000	-672.000
33	21	1.00000	-672.000
33	22	1.00000	-671.999
33	23	1.00000	-672.000
33	24	1.00000	-672.000
33	25	1.00000	-677.166
33	26	1.00000	-672.000
33	27	1.00000	-672.000
33	28	1.00000	-672.000
33	29	1.00000	-636.907
33	30	1.00000	-672.000
33	31	1.00000	-672.000
33	32	1.00000	-672.000
33	33	1.00000	-672.000
33	34	1.00000	-672.000
33	35	1.00000	-672.000
33	36	1.00000	-672.000
33	37	1.00000	-672.000
33	38	1.00000	-672.000
33	39	1.00000	-672.000
33	40	1.00000	-645.277
33	41	1.00000	-672.000
33	42	1.00000	-672.000
33	43	1.00000	-672.000
33	44	1.00000	-672.000
33	45	1.00000	-641.980
33	46	1.00000	-672.000
33	47	1.00000	-672.000
33	48	1.00000	-672.000
33	49	1.00000	-672.000
33	50	1.00000	-672.000
33	51	1.00000	-672.000
33	52	1.00000	-672.000
33	53	1.00000	-672.000
33	54	1.00000	-672.000
33	55	1.00000	-672.000
33	56	1.00000	-672.000
33	57	1.00000	-672.000
33	58	1.00000	-692.317
33	59	1.00000	-684.940
33	60	1.00000	-672.000
33	61	1.00000	-683.525
33	62	1.00000	-679.911
33	63	1.00000	-680.508
33	64	1.00000	-680.121
33	65	1.00000	-672.000
33	66	1.00000	-679.286
33	67	1.00000	-679.267
33	68	1.00000	-680.324
33	69	1.00000	-672.000
33	70	1.00000	-672.000
33	71	1.00000	-672.000
33	72	1.00000	-672.000
33	73	1.00000	-672.000
33	74	1.00000	-672.000
33	75	1.00000	-704.071
33	76	1.00000	-672.000
33	77	1.00000	-672.000
33	78	1.00000	-672.000
33	79	1.00000	-672.000
33	80	1.00000	-672.000
33	81	1.00000	-672.000
33	82	1.00000	-672.000
33	83	1.00000	-672.000
33	84	1.00000	-672.000
33	85	1.00000	-672.000
33	86	1.00000	-672.000
33	87	1.00000	-672.000
33	88	1.00000	-672.000
33	89	1.00000	-672.000
33	90	1.00000	-672.000
33	91	1.00000	-672.000
33	92	1.00000	-672.000
33	93	1.00000	-672.000
33	94	1.00000	-672.000
33	95	1.00000	-672.000
33	96	1.00000	-672.000
33	97	1.00000	-672.000
33	98	1.00000	-649.035
33	99	1.00000	-672.000
33	100	1.00000	-672.000
33	101	1.00000	-672.000
33	102	1.00000	-676.772
33	103	1.00000	-672.000
33	104	1.00000	-672.000
33	105	1.00000	-672.000
33	106	1.00000	-672.000
33	107	1.00000	-672.000
33	108	1.00000	-672.000
33	109	1.00000	-672.000
33	110	1.00000	-672.000
33	111	1.00000	-672.000
33	112	1.00000	-672.000
33	113	1.00000	-672.000
33	114	1.00000	-672.000
33	115	1.00000	-650.844
33	116	1.00000	-672.000
33	117	1.00000	-672.000
33	118	1.00000	-672.000
33	119	1.00000	-672.000
33	120	1.00000	-672.000
33	121	1.00000	-677.040
33	122	1.00000	-672.000
33	123	1.00000	-672.000
33	124	1.00000	-672.000
33	125	1.00000	-672.000
33	126	1.00000	-672.000
33	127	1.00000	-672.000
33	128	1.00000	-661.585
#
### SDC2-Y2
34	1	1.00000	-675.000
34	2	1.00000	-675.000
34	3	1.00000	-675.000
34	4	1.00000	-675.000
34	5	1.00000	-675.000
34	6	1.00000	-675.000
34	7	1.00000	-675.000
34	8	1.00000	-675.000
34	9	1.00000	-645.835
34	10	1.00000	-675.000
34	11	1.00000	-671.922
34	12	1.00000	-675.000
34	13	1.00000	-675.000
34	14	1.00000	-675.000
34	15	1.00000	-675.000
34	16	1.00000	-675.000
34	17	1.00000	-655.762
34	18	1.00000	-649.882
34	19	1.00000	-675.000
34	20	1.00000	-660.500
34	21	1.00000	-674.832
34	22	1.00000	-675.000
34	23	1.00000	-675.000
34	24	1.00000	-675.000
34	25	1.00000	-649.338
34	26	1.00000	-675.000
34	27	1.00000	-675.000
34	28	1.00000	-646.867
34	29	1.00000	-675.000
34	30	1.00000	-666.223
34	31	1.00000	-675.000
34	32	1.00000	-675.000
34	33	1.00000	-675.000
34	34	1.00000	-675.000
34	35	1.00000	-675.000
34	36	1.00000	-643.218
34	37	1.00000	-675.000
34	38	1.00000	-675.000
34	39	1.00000	-675.000
34	40	1.00000	-675.000
34	41	1.00000	-675.000
34	42	1.00000	-675.000
34	43	1.00000	-675.000
34	44	1.00000	-675.000
34	45	1.00000	-675.000
34	46	1.00000	-675.000
34	47	1.00000	-675.000
34	48	1.00000	-675.000
34	49	1.00000	-675.000
34	50	1.00000	-675.000
34	51	1.00000	-693.968
34	52	1.00000	-675.000
34	53	1.00000	-675.000
34	54	1.00000	-675.000
34	55	1.00000	-675.000
34	56	1.00000	-675.000
34	57	1.00000	-675.000
34	58	1.00000	-675.000
34	59	1.00000	-675.000
34	60	1.00000	-675.000
34	61	1.00000	-679.257
34	62	1.00000	-676.733
34	63	1.00000	-675.061
34	64	1.00000	-674.719
34	65	1.00000	-675.901
34	66	1.00000	-675.828
34	67	1.00000	-675.229
34	68	1.00000	-676.071
34	69	1.00000	-672.020
34	70	1.00000	-643.637
34	71	1.00000	-675.000
34	72	1.00000	-706.106
34	73	1.00000	-675.000
34	74	1.00000	-675.000
34	75	1.00000	-675.000
34	76	1.00000	-637.960
34	77	1.00000	-675.000
34	78	1.00000	-675.000
34	79	1.00000	-675.000
34	80	1.00000	-639.510
34	81	1.00000	-675.000
34	82	1.00000	-675.000
34	83	1.00000	-675.000
34	84	1.00000	-675.000
34	85	1.00000	-675.000
34	86	1.00000	-679.524
34	87	1.00000	-675.000
34	88	1.00000	-675.000
34	89	1.00000	-675.000
34	90	1.00000	-675.000
34	91	1.00000	-675.000
34	92	1.00000	-675.000
34	93	1.00000	-675.000
34	94	1.00000	-675.000
34	95	1.00000	-675.000
34	96	1.00000	-675.000
34	97	1.00000	-675.000
34	98	1.00000	-675.000
34	99	1.00000	-675.000
34	100	1.00000	-675.000
34	101	1.00000	-675.000
34	102	1.00000	-675.000
34	103	1.00000	-675.000
34	104	1.00000	-675.000
34	105	1.00000	-675.000
34	106	1.00000	-675.000
34	107	1.00000	-675.000
34	108	1.00000	-675.000
34	109	1.00000	-675.000
34	110	1.00000	-675.000
34	111	1.00000	-680.756
34	112	1.00000	-675.000
34	113	1.00000	-669.655
34	114	1.00000	-675.000
34	115	1.00000	-675.000
34	116	1.00000	-675.000
34	117	1.00000	-675.000
34	118	1.00000	-675.000
34	119	1.00000	-680.500
34	120	1.00000	-675.000
34	121	1.00000	-675.000
34	122	1.00000	-675.000
34	123	1.00000	-675.000
34	124	1.00000	-675.000
34	125	1.00000	-675.000
34	126	1.00000	-675.000
34	127	1.00000	-675.000
34	128	1.00000	-675.000
#
### SDC3-Y1
35	1	1.00000	-655.836
35	2	1.00000	-655.000
35	3	1.00000	-646.063
35	4	1.00000	-662.475
35	5	1.00000	-648.835
35	6	1.00000	-658.251
35	7	1.00000	-615.973
35	8	1.00000	-625.403
35	9	1.00000	-655.000
35	10	1.00000	-655.000
35	11	1.00000	-671.889
35	12	1.00000	-655.000
35	13	1.00000	-655.000
35	14	1.00000	-661.595
35	15	1.00000	-655.000
35	16	1.00000	-655.000
35	17	1.00000	-655.000
35	18	1.00000	-655.000
35	19	1.00000	-655.000
35	20	1.00000	-655.000
35	21	1.00000	-655.000
35	22	1.00000	-655.000
35	23	1.00000	-655.000
35	24	1.00000	-655.000
35	25	1.00000	-625.264
35	26	1.00000	-655.000
35	27	1.00000	-655.000
35	28	1.00000	-655.000
35	29	1.00000	-655.000
35	30	1.00000	-655.000
35	31	1.00000	-655.000
35	32	1.00000	-657.629
35	33	1.00000	-656.942
35	34	1.00000	-655.641
35	35	1.00000	-654.975
35	36	1.00000	-685.920
35	37	1.00000	-655.000
35	38	1.00000	-655.000
35	39	1.00000	-655.000
35	40	1.00000	-655.000
35	41	1.00000	-655.000
35	42	1.00000	-624.347
35	43	1.00000	-655.000
35	44	1.00000	-655.000
35	45	1.00000	-655.000
35	46	1.00000	-655.000
35	47	1.00000	-655.000
35	48	1.00000	-655.000
35	49	1.00000	-655.000
35	50	1.00000	-655.000
35	51	1.00000	-655.000
35	52	1.00000	-655.000
35	53	1.00000	-655.000
35	54	1.00000	-655.000
35	55	1.00000	-655.000
35	56	1.00000	-655.000
35	57	1.00000	-655.000
35	58	1.00000	-655.000
35	59	1.00000	-655.000
35	60	1.00000	-655.000
35	61	1.00000	-655.000
35	62	1.00000	-655.000
35	63	1.00000	-655.000
35	64	1.00000	-655.000
#
## SDC3-Y2
36	1	1.00000	-654.000
36	2	1.00000	-654.000
36	3	1.00000	-651.883
36	4	1.00000	-654.000
36	5	1.00000	-664.186
36	6	1.00000	-657.279
36	7	1.00000	-654.000
36	8	1.00000	-656.587
36	9	1.00000	-654.000
36	10	1.00000	-654.000
36	11	1.00000	-654.000
36	12	1.00000	-654.000
36	13	1.00000	-654.000
36	14	1.00000	-654.000
36	15	1.00000	-654.000
36	16	1.00000	-654.000
36	17	1.00000	-654.000
36	18	1.00000	-654.000
36	19	1.00000	-654.000
36	20	1.00000	-654.000
36	21	1.00000	-654.000
36	22	1.00000	-654.000
36	23	1.00000	-654.000
36	24	1.00000	-669.700
36	25	1.00000	-654.000
36	26	1.00000	-654.000
36	27	1.00000	-654.000
36	28	1.00000	-654.000
36	29	1.00000	-654.000
36	30	1.00000	-614.139
36	31	1.00000	-648.629
36	32	1.00000	-655.646
36	33	1.00000	-654.000
36	34	1.00000	-657.131
36	35	1.00000	-654.000
36	36	1.00000	-670.016
36	37	1.00000	-654.000
36	38	1.00000	-654.000
36	39	1.00000	-617.707
36	40	1.00000	-654.000
36	41	1.00000	-654.000
36	42	1.00000	-654.000
36	43	1.00000	-654.000
36	44	1.00000	-654.000
36	45	1.00000	-654.000
36	46	1.00000	-654.000
36	47	1.00000	-654.000
36	48	1.00000	-654.000
36	49	1.00000	-654.000
36	50	1.00000	-654.000
36	51	1.00000	-654.000
36	52	1.00000	-654.000
36	53	1.00000	-654.000
36	54	1.00000	-654.000
36	55	1.00000	-654.000
36	56	1.00000	-654.000
36	57	1.00000	-654.000
36	58	1.00000	-654.000
36	59	1.00000	-654.000
36	60	1.00000	-654.000
36	61	1.00000	-654.000
36	62	1.00000	-654.000
36	63	1.00000	-654.000
36	64	1.00000	-655.000
#
### SDC3-X1
37	1	1.00000	-655.000
37	2	1.00000	-655.000
37	3	1.00000	-655.000
37	4	1.00000	-636.635
37	5	1.00000	-655.000
37	6	1.00000	-655.000
37	7	1.00000	-655.000
37	8	1.00000	-655.000
37	9	1.00000	-655.000
37	10	1.00000	-655.000
37	11	1.00000	-655.000
37	12	1.00000	-655.229
37	13	1.00000	-655.000
37	14	1.00000	-655.000
37	15	1.00000	-655.000
37	16	1.00000	-655.000
37	17	1.00000	-659.500
37	18	1.00000	-655.000
37	19	1.00000	-655.000
37	20	1.00000	-655.000
37	21	1.00000	-655.000
37	22	1.00000	-655.000
37	23	1.00000	-645.669
37	24	1.00000	-655.000
37	25	1.00000	-655.000
37	26	1.00000	-655.000
37	27	1.00000	-655.000
37	28	1.00000	-636.121
37	29	1.00000	-655.000
37	30	1.00000	-655.000
37	31	1.00000	-655.000
37	32	1.00000	-655.000
37	33	1.00000	-655.000
37	34	1.00000	-655.000
37	35	1.00000	-655.000
37	36	1.00000	-655.000
37	37	1.00000	-655.000
37	38	1.00000	-655.000
37	39	1.00000	-655.000
37	40	1.00000	-655.000
37	41	1.00000	-655.000
37	42	1.00000	-655.000
37	43	1.00000	-655.000
37	44	1.00000	-655.000
37	45	1.00000	-655.000
37	46	1.00000	-655.000
37	47	1.00000	-655.000
37	48	1.00000	-655.000
37	49	1.00000	-647.372
37	50	1.00000	-648.899
37	51	1.00000	-651.112
37	52	1.00000	-648.234
37	53	1.00000	-646.053
37	54	1.00000	-645.377
37	55	1.00000	-636.859
37	56	1.00000	-655.000
37	57	1.00000	-623.824
37	58	1.00000	-655.000
37	59	1.00000	-655.000
37	60	1.00000	-655.000
37	61	1.00000	-655.000
37	62	1.00000	-655.000
37	63	1.00000	-655.000
37	64	1.00000	-655.000
37	65	1.00000	-655.000
37	66	1.00000	-655.000
37	67	1.00000	-655.000
37	68	1.00000	-655.000
37	69	1.00000	-655.000
37	70	1.00000	-655.000
37	71	1.00000	-655.000
37	72	1.00000	-626.367
37	73	1.00000	-655.000
37	74	1.00000	-655.000
37	75	1.00000	-655.000
37	76	1.00000	-655.000
37	77	1.00000	-655.000
37	78	1.00000	-655.000
37	79	1.00000	-655.000
37	80	1.00000	-655.000
37	81	1.00000	-655.000
37	82	1.00000	-655.000
37	83	1.00000	-655.000
37	84	1.00000	-655.000
37	85	1.00000	-655.000
37	86	1.00000	-655.000
37	87	1.00000	-655.000
37	88	1.00000	-655.000
37	89	1.00000	-655.000
37	90	1.00000	-655.000
37	91	1.00000	-655.000
37	92	1.00000	-655.000
37	93	1.00000	-655.000
37	94	1.00000	-655.000
37	95	1.00000	-655.000
37	96	1.00000	-655.000
#
### SDC3-X2
38	1	1.00000	-655.000
38	2	1.00000	-655.000
38	3	1.00000	-655.000
38	4	1.00000	-655.798
38	5	1.00000	-655.229
38	6	1.00000	-655.000
38	7	1.00000	-646.014
38	8	1.00000	-655.203
38	9	1.00000	-655.000
38	10	1.00000	-655.000
38	11	1.00000	-655.000
38	12	1.00000	-655.000
38	13	1.00000	-655.000
38	14	1.00000	-655.000
38	15	1.00000	-655.000
38	16	1.00000	-655.000
38	17	1.00000	-655.000
38	18	1.00000	-655.000
38	19	1.00000	-655.000
38	20	1.00000	-646.196
38	21	1.00000	-655.000
38	22	1.00000	-655.000
38	23	1.00000	-655.000
38	24	1.00000	-655.000
38	25	1.00000	-655.000
38	26	1.00000	-640.406
38	27	1.00000	-655.000
38	28	1.00000	-655.000
38	29	1.00000	-655.000
38	30	1.00000	-655.000
38	31	1.00000	-655.000
38	32	1.00000	-655.000
38	33	1.00000	-655.000
38	34	1.00000	-655.000
38	35	1.00000	-655.000
38	36	1.00000	-655.000
38	37	1.00000	-655.000
38	38	1.00000	-655.000
38	39	1.00000	-655.000
38	40	1.00000	-655.000
38	41	1.00000	-655.000
38	42	1.00000	-655.000
38	43	1.00000	-655.000
38	44	1.00000	-655.000
38	45	1.00000	-679.236
38	46	1.00000	-655.000
38	47	1.00000	-655.000
38	48	1.00000	-660.896
38	49	1.00000	-655.000
38	50	1.00000	-655.000
38	51	1.00000	-658.162
38	52	1.00000	-660.617
38	53	1.00000	-658.197
38	54	1.00000	-656.928
38	55	1.00000	-655.000
38	56	1.00000	-659.129
38	57	1.00000	-655.000
38	58	1.00000	-655.000
38	59	1.00000	-655.000
38	60	1.00000	-678.018
38	61	1.00000	-655.000
38	62	1.00000	-655.000
38	63	1.00000	-655.000
38	64	1.00000	-655.000
38	65	1.00000	-655.000
38	66	1.00000	-655.000
38	67	1.00000	-655.000
38	68	1.00000	-655.000
38	69	1.00000	-655.000
38	70	1.00000	-655.000
38	71	1.00000	-655.000
38	72	1.00000	-655.000
38	73	1.00000	-655.000
38	74	1.00000	-655.000
38	75	1.00000	-655.000
38	76	1.00000	-655.000
38	77	1.00000	-655.000
38	78	1.00000	-655.000
38	79	1.00000	-655.000
38	80	1.00000	-660.077
38	81	1.00000	-655.000
38	82	1.00000	-655.000
38	83	1.00000	-655.000
38	84	1.00000	-655.000
38	85	1.00000	-655.000
38	86	1.00000	-655.000
38	87	1.00000	-655.000
38	88	1.00000	-655.000
38	89	1.00000	-620.528
38	90	1.00000	-655.000
38	91	1.00000	-655.000
38	92	1.00000	-632.123
38	93	1.00000	-655.000
38	94	1.00000	-655.000
38	95	1.00000	-655.000
38	96	1.00000	-655.000
#
