##
#  file: DCTdcCalib_0
#  date: 2016.05.25
#  note: first version
#
#
#######################################################################
# Id	WireId	p1	p0
#
### BC3-X1
113	1	1.000	-688.800
113	2	1.000	-688.800
113	3	1.000	-688.800
113	4	1.000	-688.800
113	5	1.000	-688.800
113	6	1.000	-688.800
113	7	1.000	-688.800
113	8	1.000	-691.801
113	9	1.000	-688.800
113	10	1.000	-688.800
113	11	1.000	-688.285
113	12	1.000	-688.955
113	13	1.000	-688.206
113	14	1.000	-689.117
113	15	1.000	-688.637
113	16	1.000	-688.987
113	17	1.000	-688.976
113	18	1.000	-690.407
113	19	1.000	-689.147
113	20	1.000	-689.447
113	21	1.000	-688.929
113	22	1.000	-689.780
113	23	1.000	-689.456
113	24	1.000	-689.005
113	25	1.000	-688.213
113	26	1.000	-688.977
113	27	1.000	-687.953
113	28	1.000	-687.611
113	29	1.000	-687.726
113	30	1.000	-688.793
113	31	1.000	-687.730
113	32	1.000	-688.319
113	33	1.000	-688.710
113	34	1.000	-688.838
113	35	1.000	-688.594
113	36	1.000	-688.555
113	37	1.000	-688.627
113	38	1.000	-689.527
113	39	1.000	-688.708
113	40	1.000	-688.349
113	41	1.000	-689.316
113	42	1.000	-689.808
113	43	1.000	-689.123
113	44	1.000	-689.253
113	45	1.000	-688.068
113	46	1.000	-688.623
113	47	1.000	-688.498
113	48	1.000	-688.272
113	49	1.000	-687.814
113	50	1.000	-689.643
113	51	1.000	-688.464
113	52	1.000	-689.658
113	53	1.000	-687.745
113	54	1.000	-687.487
113	55	1.000	-688.800
113	56	1.000	-688.800
113	57	1.000	-688.800
113	58	1.000	-688.800
113	59	1.000	-688.800
113	60	1.000	-688.800
113	61	1.000	-688.800
113	62	1.000	-688.800
113	63	1.000	-688.800
113	64	1.000	-688.800
#
### BC3-X2
114	1	1.000	-696.771
114	2	1.000	-689.000
114	3	1.000	-689.000
114	4	1.000	-685.967
114	5	1.000	-689.000
114	6	1.000	-683.249
114	7	1.000	-689.000
114	8	1.000	-683.198
114	9	1.000	-689.687
114	10	1.000	-689.000
114	11	1.000	-688.301
114	12	1.000	-688.134
114	13	1.000	-688.086
114	14	1.000	-687.653
114	15	1.000	-687.888
114	16	1.000	-686.464
114	17	1.000	-686.703
114	18	1.000	-686.886
114	19	1.000	-687.488
114	20	1.000	-686.746
114	21	1.000	-688.189
114	22	1.000	-687.852
114	23	1.000	-688.171
114	24	1.000	-688.182
114	25	1.000	-686.650
114	26	1.000	-687.433
114	27	1.000	-687.131
114	28	1.000	-686.746
114	29	1.000	-687.266
114	30	1.000	-687.127
114	31	1.000	-686.908
114	32	1.000	-685.997
114	33	1.000	-686.214
114	34	1.000	-686.041
114	35	1.000	-685.967
114	36	1.000	-685.054
114	37	1.000	-685.953
114	38	1.000	-685.976
114	39	1.000	-685.978
114	40	1.000	-685.464
114	41	1.000	-686.429
114	42	1.000	-686.853
114	43	1.000	-686.841
114	44	1.000	-686.445
114	45	1.000	-686.460
114	46	1.000	-686.635
114	47	1.000	-687.319
114	48	1.000	-685.942
114	49	1.000	-685.792
114	50	1.000	-686.216
114	51	1.000	-685.549
114	52	1.000	-686.389
114	53	1.000	-686.715
114	54	1.000	-685.573
114	55	1.000	-689.000
114	56	1.000	-689.000
114	57	1.000	-689.000
114	58	1.000	-689.000
114	59	1.000	-689.000
114	60	1.000	-689.000
114	61	1.000	-689.000
114	62	1.000	-689.000
114	63	1.000	-689.000
114	64	1.000	-689.000
#
### BC3-U1
115	1	1.000	-689.000
115	2	1.000	-689.000
115	3	1.000	-689.000
115	4	1.000	-689.000
115	5	1.000	-689.000
115	6	1.000	-689.000
115	7	1.000	-689.000
115	8	1.000	-689.000
115	9	1.000	-686.660
115	10	1.000	-693.886
115	11	1.000	-689.944
115	12	1.000	-689.413
115	13	1.000	-687.812
115	14	1.000	-686.406
115	15	1.000	-686.378
115	16	1.000	-685.997
115	17	1.000	-685.318
115	18	1.000	-687.176
115	19	1.000	-686.708
115	20	1.000	-687.468
115	21	1.000	-686.262
115	22	1.000	-686.788
115	23	1.000	-686.474
115	24	1.000	-686.456
115	25	1.000	-685.885
115	26	1.000	-685.699
115	27	1.000	-686.363
115	28	1.000	-685.412
115	29	1.000	-685.700
115	30	1.000	-686.279
115	31	1.000	-685.787
115	32	1.000	-686.158
115	33	1.000	-687.060
115	34	1.000	-687.480
115	35	1.000	-688.198
115	36	1.000	-688.002
115	37	1.000	-688.138
115	38	1.000	-688.193
115	39	1.000	-688.302
115	40	1.000	-687.907
115	41	1.000	-688.484
115	42	1.000	-688.834
115	43	1.000	-688.450
115	44	1.000	-688.686
115	45	1.000	-687.711
115	46	1.000	-688.160
115	47	1.000	-687.720
115	48	1.000	-687.113
115	49	1.000	-686.941
115	50	1.000	-688.686
115	51	1.000	-688.605
115	52	1.000	-688.866
115	53	1.000	-689.388
115	54	1.000	-689.000
115	55	1.000	-689.000
115	56	1.000	-689.000
115	57	1.000	-689.000
115	58	1.000	-689.000
115	59	1.000	-689.000
115	60	1.000	-689.000
115	61	1.000	-689.000
115	62	1.000	-689.000
115	63	1.000	-689.000
115	64	1.000	-689.000
#
### BC3-U2
116	1	1.000	-687.000
116	2	1.000	-687.000
116	3	1.000	-687.000
116	4	1.000	-687.000
116	5	1.000	-687.000
116	6	1.000	-687.000
116	7	1.000	-687.000
116	8	1.000	-687.000
116	9	1.000	-687.000
116	10	1.000	-687.000
116	11	1.000	-687.892
116	12	1.000	-685.953
116	13	1.000	-685.409
116	14	1.000	-685.942
116	15	1.000	-687.206
116	16	1.000	-685.930
116	17	1.000	-686.074
116	18	1.000	-686.915
116	19	1.000	-686.406
116	20	1.000	-686.559
116	21	1.000	-686.920
116	22	1.000	-687.213
116	23	1.000	-687.217
116	24	1.000	-687.471
116	25	1.000	-686.614
116	26	1.000	-687.043
116	27	1.000	-687.021
116	28	1.000	-686.119
116	29	1.000	-686.234
116	30	1.000	-686.327
116	31	1.000	-685.977
116	32	1.000	-685.261
116	33	1.000	-685.551
116	34	1.000	-685.108
116	35	1.000	-685.697
116	36	1.000	-684.944
116	37	1.000	-684.978
116	38	1.000	-685.660
116	39	1.000	-686.114
116	40	1.000	-685.007
116	41	1.000	-686.395
116	42	1.000	-687.330
116	43	1.000	-686.356
116	44	1.000	-687.371
116	45	1.000	-686.395
116	46	1.000	-686.547
116	47	1.000	-687.215
116	48	1.000	-685.448
116	49	1.000	-685.834
116	50	1.000	-685.881
116	51	1.000	-686.362
116	52	1.000	-686.376
116	53	1.000	-677.986
116	54	1.000	-687.000
116	55	1.000	-687.000
116	56	1.000	-687.000
116	57	1.000	-687.000
116	58	1.000	-687.000
116	59	1.000	-687.000
116	60	1.000	-687.000
116	61	1.000	-687.000
116	62	1.000	-687.000
116	63	1.000	-687.000
116	64	1.000	-687.000
#
### BC3-V1
117	1	1.000	-689.000
117	2	1.000	-689.000
117	3	1.000	-689.000
117	4	1.000	-689.000
117	5	1.000	-689.000
117	6	1.000	-689.000
117	7	1.000	-692.943
117	8	1.000	-689.000
117	9	1.000	-689.227
117	10	1.000	-689.000
117	11	1.000	-691.613
117	12	1.000	-690.698
117	13	1.000	-688.968
117	14	1.000	-688.471
117	15	1.000	-688.448
117	16	1.000	-688.344
117	17	1.000	-688.247
117	18	1.000	-690.083
117	19	1.000	-689.462
117	20	1.000	-689.885
117	21	1.000	-689.561
117	22	1.000	-689.810
117	23	1.000	-690.115
117	24	1.000	-689.179
117	25	1.000	-687.298
117	26	1.000	-688.232
117	27	1.000	-688.007
117	28	1.000	-688.263
117	29	1.000	-687.868
117	30	1.000	-688.844
117	31	1.000	-688.113
117	32	1.000	-689.035
117	33	1.000	-686.912
117	34	1.000	-687.922
117	35	1.000	-688.702
117	36	1.000	-688.776
117	37	1.000	-688.210
117	38	1.000	-688.233
117	39	1.000	-688.750
117	40	1.000	-688.112
117	41	1.000	-689.352
117	42	1.000	-689.652
117	43	1.000	-689.111
117	44	1.000	-688.958
117	45	1.000	-688.924
117	46	1.000	-688.186
117	47	1.000	-688.163
117	48	1.000	-687.352
117	49	1.000	-687.433
117	50	1.000	-688.888
117	51	1.000	-688.557
117	52	1.000	-688.327
117	53	1.000	-685.917
117	54	1.000	-689.000
117	55	1.000	-689.000
117	56	1.000	-689.000
117	57	1.000	-689.000
117	58	1.000	-689.000
117	59	1.000	-689.000
117	60	1.000	-689.000
117	61	1.000	-689.000
117	62	1.000	-689.000
117	63	1.000	-689.000
117	64	1.000	-689.000
#
### BC3-V2
118	1	1.000	-686.000
118	2	1.000	-686.000
118	3	1.000	-686.000
118	4	1.000	-686.000
118	5	1.000	-686.000
118	6	1.000	-686.000
118	7	1.000	-686.000
118	8	1.000	-692.411
118	9	1.000	-686.000
118	10	1.000	-670.018
118	11	1.000	-684.177
118	12	1.000	-687.515
118	13	1.000	-687.019
118	14	1.000	-686.879
118	15	1.000	-686.854
118	16	1.000	-686.006
118	17	1.000	-686.359
118	18	1.000	-686.283
118	19	1.000	-687.235
118	20	1.000	-686.959
118	21	1.000	-687.844
118	22	1.000	-687.592
118	23	1.000	-687.358
118	24	1.000	-687.473
118	25	1.000	-686.181
118	26	1.000	-687.065
118	27	1.000	-686.699
118	28	1.000	-686.618
118	29	1.000	-686.668
118	30	1.000	-687.180
118	31	1.000	-686.099
118	32	1.000	-685.653
118	33	1.000	-686.113
118	34	1.000	-685.866
118	35	1.000	-685.791
118	36	1.000	-684.920
118	37	1.000	-686.089
118	38	1.000	-686.341
118	39	1.000	-685.750
118	40	1.000	-686.037
118	41	1.000	-686.247
118	42	1.000	-686.968
118	43	1.000	-686.631
118	44	1.000	-686.759
118	45	1.000	-687.098
118	46	1.000	-687.089
118	47	1.000	-687.260
118	48	1.000	-685.305
118	49	1.000	-685.378
118	50	1.000	-686.127
118	51	1.000	-686.460
118	52	1.000	-686.752
118	53	1.000	-687.325
118	54	1.000	-686.000
118	55	1.000	-686.000
118	56	1.000	-686.000
118	57	1.000	-686.000
118	58	1.000	-686.000
118	59	1.000	-686.000
118	60	1.000	-686.000
118	61	1.000	-686.000
118	62	1.000	-686.000
118	63	1.000	-686.000
118	64	1.000	-686.000
#
### BC4-U1
119	1	1.000	-684.400
119	2	1.000	-684.400
119	3	1.000	-684.400
119	4	1.000	-684.400
119	5	1.000	-684.400
119	6	1.000	-684.400
119	7	1.000	-684.400
119	8	1.000	-684.400
119	9	1.000	-684.400
119	10	1.000	-684.400
119	11	1.000	-684.400
119	12	1.000	-684.400
119	13	1.000	-684.400
119	14	1.000	-684.400
119	15	1.000	-684.400
119	16	1.000	-684.400
119	17	1.000	-681.206
119	18	1.000	-685.839
119	19	1.000	-685.375
119	20	1.000	-685.555
119	21	1.000	-685.816
119	22	1.000	-686.171
119	23	1.000	-685.524
119	24	1.000	-685.168
119	25	1.000	-684.220
119	26	1.000	-685.042
119	27	1.000	-684.347
119	28	1.000	-684.542
119	29	1.000	-684.705
119	30	1.000	-685.260
119	31	1.000	-684.924
119	32	1.000	-684.626
119	33	1.000	-683.939
119	34	1.000	-683.893
119	35	1.000	-684.614
119	36	1.000	-684.330
119	37	1.000	-685.076
119	38	1.000	-684.493
119	39	1.000	-685.353
119	40	1.000	-684.183
119	41	1.000	-685.293
119	42	1.000	-684.647
119	43	1.000	-685.783
119	44	1.000	-685.560
119	45	1.000	-685.183
119	46	1.000	-684.267
119	47	1.000	-685.084
119	48	1.000	-681.369
119	49	1.000	-677.275
119	50	1.000	-684.400
119	51	1.000	-684.400
119	52	1.000	-684.400
119	53	1.000	-684.400
119	54	1.000	-684.400
119	55	1.000	-684.400
119	56	1.000	-684.400
119	57	1.000	-684.400
119	58	1.000	-684.400
119	59	1.000	-684.400
119	60	1.000	-684.400
119	61	1.000	-684.400
119	62	1.000	-684.400
119	63	1.000	-684.400
119	64	1.000	-684.400
#
### BC4-U2
120	1	1.000	-683.000
120	2	1.000	-683.000
120	3	1.000	-683.000
120	4	1.000	-683.000
120	5	1.000	-683.000
120	6	1.000	-683.000
120	7	1.000	-683.000
120	8	1.000	-683.000
120	9	1.000	-683.000
120	10	1.000	-683.000
120	11	1.000	-683.000
120	12	1.000	-683.000
120	13	1.000	-683.000
120	14	1.000	-683.000
120	15	1.000	-683.000
120	16	1.000	-683.000
120	17	1.000	-683.000
120	18	1.000	-682.626
120	19	1.000	-683.568
120	20	1.000	-683.234
120	21	1.000	-683.720
120	22	1.000	-684.161
120	23	1.000	-684.343
120	24	1.000	-684.255
120	25	1.000	-682.445
120	26	1.000	-683.745
120	27	1.000	-682.769
120	28	1.000	-683.434
120	29	1.000	-683.022
120	30	1.000	-683.973
120	31	1.000	-682.317
120	32	1.000	-682.532
120	33	1.000	-683.678
120	34	1.000	-683.149
120	35	1.000	-683.105
120	36	1.000	-682.201
120	37	1.000	-682.746
120	38	1.000	-682.802
120	39	1.000	-683.062
120	40	1.000	-682.447
120	41	1.000	-683.217
120	42	1.000	-684.158
120	43	1.000	-683.673
120	44	1.000	-683.939
120	45	1.000	-683.748
120	46	1.000	-683.907
120	47	1.000	-683.843
120	48	1.000	-682.825
120	49	1.000	-680.327
120	50	1.000	-683.000
120	51	1.000	-683.000
120	52	1.000	-683.000
120	53	1.000	-683.000
120	54	1.000	-683.000
120	55	1.000	-683.000
120	56	1.000	-683.000
120	57	1.000	-683.000
120	58	1.000	-683.000
120	59	1.000	-683.000
120	60	1.000	-683.000
120	61	1.000	-683.000
120	62	1.000	-683.000
120	63	1.000	-683.000
120	64	1.000	-683.000
#
### BC4-V1
121	1	1.000	-684.000
121	2	1.000	-684.000
121	3	1.000	-684.000
121	4	1.000	-684.000
121	5	1.000	-684.000
121	6	1.000	-684.000
121	7	1.000	-684.000
121	8	1.000	-684.000
121	9	1.000	-684.000
121	10	1.000	-684.000
121	11	1.000	-684.000
121	12	1.000	-683.996
121	13	1.000	-684.000
121	14	1.000	-684.000
121	15	1.000	-684.000
121	16	1.000	-671.265
121	17	1.000	-683.784
121	18	1.000	-684.317
121	19	1.000	-684.346
121	20	1.000	-685.199
121	21	1.000	-684.724
121	22	1.000	-685.319
121	23	1.000	-685.097
121	24	1.000	-685.039
121	25	1.000	-683.010
121	26	1.000	-684.063
121	27	1.000	-683.648
121	28	1.000	-683.522
121	29	1.000	-683.642
121	30	1.000	-684.173
121	31	1.000	-684.259
121	32	1.000	-684.243
121	33	1.000	-683.707
121	34	1.000	-684.020
121	35	1.000	-685.495
121	36	1.000	-684.827
121	37	1.000	-685.406
121	38	1.000	-684.969
121	39	1.000	-685.080
121	40	1.000	-683.739
121	41	1.000	-686.139
121	42	1.000	-685.202
121	43	1.000	-685.831
121	44	1.000	-686.135
121	45	1.000	-685.128
121	46	1.000	-684.506
121	47	1.000	-685.914
121	48	1.000	-683.142
121	49	1.000	-683.357
121	50	1.000	-673.527
121	51	1.000	-684.000
121	52	1.000	-684.000
121	53	1.000	-684.000
121	54	1.000	-684.000
121	55	1.000	-684.000
121	56	1.000	-684.000
121	57	1.000	-684.000
121	58	1.000	-684.000
121	59	1.000	-684.000
121	60	1.000	-684.000
121	61	1.000	-684.000
121	62	1.000	-684.000
121	63	1.000	-684.000
121	64	1.000	-684.000
#
### BC4-V2
122	1	1.000	-685.000
122	2	1.000	-685.000
122	3	1.000	-685.000
122	4	1.000	-685.000
122	5	1.000	-685.000
122	6	1.000	-685.000
122	7	1.000	-685.000
122	8	1.000	-685.000
122	9	1.000	-685.000
122	10	1.000	-685.000
122	11	1.000	-685.000
122	12	1.000	-685.000
122	13	1.000	-685.000
122	14	1.000	-685.000
122	15	1.000	-685.000
122	16	1.000	-685.000
122	17	1.000	-683.235
122	18	1.000	-684.825
122	19	1.000	-685.115
122	20	1.000	-684.761
122	21	1.000	-685.688
122	22	1.000	-685.917
122	23	1.000	-685.852
122	24	1.000	-686.124
122	25	1.000	-684.177
122	26	1.000	-685.726
122	27	1.000	-685.082
122	28	1.000	-685.330
122	29	1.000	-684.594
122	30	1.000	-685.021
122	31	1.000	-684.475
122	32	1.000	-684.071
122	33	1.000	-683.914
122	34	1.000	-683.810
122	35	1.000	-684.058
122	36	1.000	-683.205
122	37	1.000	-683.338
122	38	1.000	-683.800
122	39	1.000	-684.228
122	40	1.000	-683.305
122	41	1.000	-684.880
122	42	1.000	-685.033
122	43	1.000	-685.316
122	44	1.000	-685.211
122	45	1.000	-684.914
122	46	1.000	-685.006
122	47	1.000	-685.004
122	48	1.000	-683.010
122	49	1.000	-675.355
122	50	1.000	-685.000
122	51	1.000	-685.000
122	52	1.000	-685.000
122	53	1.000	-685.000
122	54	1.000	-685.000
122	55	1.000	-685.000
122	56	1.000	-685.000
122	57	1.000	-685.000
122	58	1.000	-685.000
122	59	1.000	-685.000
122	60	1.000	-685.000
122	61	1.000	-685.000
122	62	1.000	-685.000
122	63	1.000	-685.000
122	64	1.000	-685.000
#
### BC4-X1
123	1	1.000	-685.000
123	2	1.000	-685.000
123	3	1.000	-685.000
123	4	1.000	-685.000
123	5	1.000	-685.000
123	6	1.000	-685.000
123	7	1.000	-685.000
123	8	1.000	-685.000
123	9	1.000	-685.000
123	10	1.000	-685.000
123	11	1.000	-685.000
123	12	1.000	-685.000
123	13	1.000	-685.442
123	14	1.000	-685.000
123	15	1.000	-685.000
123	16	1.000	-683.926
123	17	1.000	-681.375
123	18	1.000	-683.706
123	19	1.000	-684.177
123	20	1.000	-684.059
123	21	1.000	-684.044
123	22	1.000	-684.155
123	23	1.000	-684.300
123	24	1.000	-683.408
123	25	1.000	-682.560
123	26	1.000	-682.823
123	27	1.000	-682.594
123	28	1.000	-683.205
123	29	1.000	-682.298
123	30	1.000	-684.206
123	31	1.000	-683.391
123	32	1.000	-683.704
123	33	1.000	-684.302
123	34	1.000	-684.683
123	35	1.000	-685.341
123	36	1.000	-684.646
123	37	1.000	-685.142
123	38	1.000	-684.396
123	39	1.000	-686.039
123	40	1.000	-684.199
123	41	1.000	-685.891
123	42	1.000	-685.761
123	43	1.000	-686.433
123	44	1.000	-685.889
123	45	1.000	-685.011
123	46	1.000	-684.211
123	47	1.000	-684.859
123	48	1.000	-684.714
123	49	1.000	-684.763
123	50	1.000	-683.494
123	51	1.000	-685.000
123	52	1.000	-685.000
123	53	1.000	-685.000
123	54	1.000	-685.000
123	55	1.000	-685.000
123	56	1.000	-685.000
123	57	1.000	-685.000
123	58	1.000	-685.000
123	59	1.000	-685.000
123	60	1.000	-685.000
123	61	1.000	-685.000
123	62	1.000	-685.000
123	63	1.000	-685.000
123	64	1.000	-685.000
#
### BC4-X2
124	1	1.000	-684.000
124	2	1.000	-684.000
124	3	1.000	-684.000
124	4	1.000	-684.000
124	5	1.000	-684.000
124	6	1.000	-684.000
124	7	1.000	-684.000
124	8	1.000	-684.000
124	9	1.000	-684.000
124	10	1.000	-684.000
124	11	1.000	-684.000
124	12	1.000	-684.000
124	13	1.000	-684.000
124	14	1.000	-684.000
124	15	1.000	-684.000
124	16	1.000	-680.870
124	17	1.000	-681.741
124	18	1.000	-684.370
124	19	1.000	-683.902
124	20	1.000	-684.032
124	21	1.000	-685.326
124	22	1.000	-684.680
124	23	1.000	-685.141
124	24	1.000	-684.480
124	25	1.000	-683.705
124	26	1.000	-684.975
124	27	1.000	-684.452
124	28	1.000	-684.261
124	29	1.000	-684.324
124	30	1.000	-683.665
124	31	1.000	-683.741
124	32	1.000	-682.575
124	33	1.000	-683.758
124	34	1.000	-683.909
124	35	1.000	-683.553
124	36	1.000	-683.438
124	37	1.000	-683.203
124	38	1.000	-684.188
124	39	1.000	-683.350
124	40	1.000	-683.182
124	41	1.000	-683.740
124	42	1.000	-683.997
124	43	1.000	-684.294
124	44	1.000	-684.254
124	45	1.000	-684.258
124	46	1.000	-684.391
124	47	1.000	-684.397
124	48	1.000	-682.060
124	49	1.000	-683.017
124	50	1.000	-678.531
124	51	1.000	-684.000
124	52	1.000	-684.000
124	53	1.000	-684.000
124	54	1.000	-684.000
124	55	1.000	-684.000
124	56	1.000	-684.000
124	57	1.000	-684.000
124	58	1.000	-684.000
124	59	1.000	-684.000
124	60	1.000	-684.000
124	61	1.000	-684.000
124	62	1.000	-684.000
124	63	1.000	-684.000
124	64	1.000	-684.000
#
### SDC1-U1
1	1	1.000	-669.920
1	2	1.000	-672.168
1	3	1.000	-672.785
1	4	1.000	-671.862
1	5	1.000	-673.486
1	6	1.000	-674.316
1	7	1.000	-674.307
1	8	1.000	-671.887
1	9	1.000	-672.000
1	10	1.000	-672.683
1	11	1.000	-674.215
1	12	1.000	-674.128
1	13	1.000	-672.895
1	14	1.000	-673.700
1	15	1.000	-673.342
1	16	1.000	-673.388
1	17	1.000	-670.740
1	18	1.000	-671.327
1	19	1.000	-670.784
1	20	1.000	-671.598
1	21	1.000	-672.125
1	22	1.000	-672.675
1	23	1.000	-671.932
1	24	1.000	-671.547
1	25	1.000	-672.751
1	26	1.000	-672.421
1	27	1.000	-672.383
1	28	1.000	-671.230
1	29	1.000	-670.375
1	30	1.000	-669.953
1	31	1.000	-669.824
1	32	1.000	-669.354
1	33	1.000	-668.458
1	34	1.000	-669.071
1	35	1.000	-669.841
1	36	1.000	-669.985
1	37	1.000	-671.933
1	38	1.000	-671.269
1	39	1.000	-670.766
1	40	1.000	-670.279
1	41	1.000	-671.278
1	42	1.000	-672.076
1	43	1.000	-672.138
1	44	1.000	-671.022
1	45	1.000	-670.565
1	46	1.000	-669.985
1	47	1.000	-670.481
1	48	1.000	-670.936
1	49	1.000	-670.841
1	50	1.000	-671.886
1	51	1.000	-670.970
1	52	1.000	-671.724
1	53	1.000	-672.000
1	54	1.000	-672.238
1	55	1.000	-672.725
1	56	1.000	-671.349
1	57	1.000	-673.334
1	58	1.000	-671.368
1	59	1.000	-672.457
1	60	1.000	-672.272
1	61	1.000	-672.470
1	62	1.000	-670.244
1	63	1.000	-671.133
1	64	1.000	-672.000
#
### SDC1-U2
2	1	1.000	-669.717
2	2	1.000	-672.000
2	3	1.000	-673.917
2	4	1.000	-672.000
2	5	1.000	-673.932
2	6	1.000	-674.563
2	7	1.000	-673.262
2	8	1.000	-673.508
2	9	1.000	-672.000
2	10	1.000	-672.000
2	11	1.000	-673.696
2	12	1.000	-672.000
2	13	1.000	-673.407
2	14	1.000	-673.503
2	15	1.000	-673.230
2	16	1.000	-673.690
2	17	1.000	-670.848
2	18	1.000	-672.173
2	19	1.000	-672.008
2	20	1.000	-672.619
2	21	1.000	-672.823
2	22	1.000	-672.574
2	23	1.000	-672.323
2	24	1.000	-672.098
2	25	1.000	-672.029
2	26	1.000	-672.462
2	27	1.000	-672.708
2	28	1.000	-672.881
2	29	1.000	-671.007
2	30	1.000	-670.601
2	31	1.000	-670.367
2	32	1.000	-670.025
2	33	1.000	-668.531
2	34	1.000	-669.039
2	35	1.000	-670.640
2	36	1.000	-670.630
2	37	1.000	-671.658
2	38	1.000	-671.369
2	39	1.000	-670.824
2	40	1.000	-671.512
2	41	1.000	-670.378
2	42	1.000	-672.103
2	43	1.000	-671.449
2	44	1.000	-671.401
2	45	1.000	-671.380
2	46	1.000	-670.755
2	47	1.000	-669.641
2	48	1.000	-670.672
2	49	1.000	-670.214
2	50	1.000	-671.755
2	51	1.000	-671.557
2	52	1.000	-673.299
2	53	1.000	-671.912
2	54	1.000	-670.997
2	55	1.000	-671.767
2	56	1.000	-672.893
2	57	1.000	-671.498
2	58	1.000	-672.686
2	59	1.000	-672.144
2	60	1.000	-673.467
2	61	1.000	-671.234
2	62	1.000	-671.840
2	63	1.000	-671.312
2	64	1.000	-671.030
#
### SDC1-X1
3	1	1.000	-670.224
3	2	1.000	-672.668
3	3	1.000	-672.208
3	4	1.000	-673.917
3	5	1.000	-672.932
3	6	1.000	-674.240
3	7	1.000	-671.839
3	8	1.000	-671.588
3	9	1.000	-671.790
3	10	1.000	-673.553
3	11	1.000	-673.125
3	12	1.000	-674.168
3	13	1.000	-672.179
3	14	1.000	-672.888
3	15	1.000	-672.207
3	16	1.000	-672.996
3	17	1.000	-673.108
3	18	1.000	-672.000
3	19	1.000	-673.706
3	20	1.000	-673.034
3	21	1.000	-674.010
3	22	1.000	-674.300
3	23	1.000	-673.556
3	24	1.000	-673.990
3	25	1.000	-673.291
3	26	1.000	-673.364
3	27	1.000	-673.817
3	28	1.000	-673.358
3	29	1.000	-671.870
3	30	1.000	-672.180
3	31	1.000	-671.264
3	32	1.000	-671.355
3	33	1.000	-668.118
3	34	1.000	-669.205
3	35	1.000	-669.273
3	36	1.000	-670.135
3	37	1.000	-671.049
3	38	1.000	-671.739
3	39	1.000	-671.803
3	40	1.000	-671.384
3	41	1.000	-670.698
3	42	1.000	-672.095
3	43	1.000	-671.554
3	44	1.000	-671.263
3	45	1.000	-670.167
3	46	1.000	-670.582
3	47	1.000	-669.571
3	48	1.000	-669.387
3	49	1.000	-669.234
3	50	1.000	-670.639
3	51	1.000	-670.342
3	52	1.000	-671.334
3	53	1.000	-671.148
3	54	1.000	-670.734
3	55	1.000	-670.054
3	56	1.000	-670.862
3	57	1.000	-671.225
3	58	1.000	-672.584
3	59	1.000	-671.765
3	60	1.000	-672.274
3	61	1.000	-669.768
3	62	1.000	-670.200
3	63	1.000	-668.755
3	64	1.000	-669.634
#
### SDC1-X2 
4	1	1.000	-670.604
4	2	1.000	-672.631
4	3	1.000	-674.445
4	4	1.000	-672.275
4	5	1.000	-673.497
4	6	1.000	-672.176
4	7	1.000	-673.804
4	8	1.000	-672.000
4	9	1.000	-674.472
4	10	1.000	-672.765
4	11	1.000	-673.872
4	12	1.000	-673.460
4	13	1.000	-672.802
4	14	1.000	-672.274
4	15	1.000	-672.842
4	16	1.000	-672.201
4	17	1.000	-672.864
4	18	1.000	-672.914
4	19	1.000	-673.769
4	20	1.000	-672.921
4	21	1.000	-674.014
4	22	1.000	-674.757
4	23	1.000	-673.954
4	24	1.000	-673.226
4	25	1.000	-674.695
4	26	1.000	-674.194
4	27	1.000	-674.117
4	28	1.000	-672.987
4	29	1.000	-672.284
4	30	1.000	-671.558
4	31	1.000	-671.657
4	32	1.000	-671.175
4	33	1.000	-668.718
4	34	1.000	-668.285
4	35	1.000	-670.535
4	36	1.000	-670.058
4	37	1.000	-670.956
4	38	1.000	-671.327
4	39	1.000	-671.578
4	40	1.000	-670.563
4	41	1.000	-671.140
4	42	1.000	-670.597
4	43	1.000	-671.565
4	44	1.000	-671.130
4	45	1.000	-670.213
4	46	1.000	-670.126
4	47	1.000	-670.612
4	48	1.000	-670.350
4	49	1.000	-670.464
4	50	1.000	-669.937
4	51	1.000	-671.437
4	52	1.000	-669.810
4	53	1.000	-671.371
4	54	1.000	-672.247
4	55	1.000	-671.123
4	56	1.000	-671.354
4	57	1.000	-672.016
4	58	1.000	-672.428
4	59	1.000	-672.112
4	60	1.000	-672.000
4	61	1.000	-669.956
4	62	1.000	-670.492
4	63	1.000	-669.986
4	64	1.000	-668.127
#
### SDC1-V1
5	1	1.000	-669.089
5	2	1.000	-671.205
5	3	1.000	-670.032
5	4	1.000	-670.009
5	5	1.000	-671.490
5	6	1.000	-672.443
5	7	1.000	-670.958
5	8	1.000	-671.325
5	9	1.000	-671.287
5	10	1.000	-672.806
5	11	1.000	-671.997
5	12	1.000	-671.719
5	13	1.000	-671.281
5	14	1.000	-670.603
5	15	1.000	-670.790
5	16	1.000	-671.109
5	17	1.000	-672.036
5	18	1.000	-673.342
5	19	1.000	-671.400
5	20	1.000	-672.170
5	21	1.000	-673.846
5	22	1.000	-672.922
5	23	1.000	-672.743
5	24	1.000	-672.028
5	25	1.000	-673.636
5	26	1.000	-672.983
5	27	1.000	-672.046
5	28	1.000	-670.894
5	29	1.000	-670.364
5	30	1.000	-670.176
5	31	1.000	-669.711
5	32	1.000	-669.855
5	33	1.000	-670.162
5	34	1.000	-670.480
5	35	1.000	-670.687
5	36	1.000	-672.112
5	37	1.000	-672.350
5	38	1.000	-672.941
5	39	1.000	-672.447
5	40	1.000	-672.021
5	41	1.000	-673.876
5	42	1.000	-672.699
5	43	1.000	-673.257
5	44	1.000	-672.720
5	45	1.000	-672.150
5	46	1.000	-672.010
5	47	1.000	-671.554
5	48	1.000	-671.575
5	49	1.000	-671.611
5	50	1.000	-671.558
5	51	1.000	-671.127
5	52	1.000	-671.872
5	53	1.000	-672.000
5	54	1.000	-672.110
5	55	1.000	-671.948
5	56	1.000	-671.300
5	57	1.000	-672.613
5	58	1.000	-671.169
5	59	1.000	-671.342
5	60	1.000	-672.000
5	61	1.000	-668.848
5	62	1.000	-670.023
5	63	1.000	-670.094
5	64	1.000	-669.202
#
### SDC1-V2
6	1	1.000	-666.968
6	2	1.000	-670.378
6	3	1.000	-669.790
6	4	1.000	-670.232
6	5	1.000	-671.837
6	6	1.000	-672.852
6	7	1.000	-670.766
6	8	1.000	-672.159
6	9	1.000	-670.933
6	10	1.000	-672.414
6	11	1.000	-672.533
6	12	1.000	-672.298
6	13	1.000	-670.632
6	14	1.000	-671.087
6	15	1.000	-670.678
6	16	1.000	-670.686
6	17	1.000	-671.479
6	18	1.000	-671.693
6	19	1.000	-672.099
6	20	1.000	-672.575
6	21	1.000	-672.610
6	22	1.000	-672.348
6	23	1.000	-672.228
6	24	1.000	-672.045
6	25	1.000	-671.565
6	26	1.000	-672.466
6	27	1.000	-672.830
6	28	1.000	-672.249
6	29	1.000	-670.022
6	30	1.000	-669.547
6	31	1.000	-669.248
6	32	1.000	-669.117
6	33	1.000	-668.833
6	34	1.000	-669.827
6	35	1.000	-670.476
6	36	1.000	-671.579
6	37	1.000	-672.211
6	38	1.000	-673.448
6	39	1.000	-671.548
6	40	1.000	-671.869
6	41	1.000	-672.093
6	42	1.000	-672.307
6	43	1.000	-672.364
6	44	1.000	-672.319
6	45	1.000	-671.292
6	46	1.000	-671.164
6	47	1.000	-670.561
6	48	1.000	-670.646
6	49	1.000	-670.408
6	50	1.000	-671.083
6	51	1.000	-671.634
6	52	1.000	-671.428
6	53	1.000	-671.831
6	54	1.000	-671.282
6	55	1.000	-670.773
6	56	1.000	-671.450
6	57	1.000	-671.276
6	58	1.000	-672.000
6	59	1.000	-672.763
6	60	1.000	-672.644
6	61	1.000	-671.003
6	62	1.000	-670.873
6	63	1.000	-670.584
6	64	1.000	-667.611
#
### SDC2-X1
31	1	1.00000	-837.198
31	2	1.00000	-839.440
31	3	1.00000	-840.148
31	4	1.00000	-841.205
31	5	1.00000	-843.877
31	6	1.00000	-842.639
31	7	1.00000	-841.355
31	8	1.00000	-841.292
31	9	1.00000	-845.941
31	10	1.00000	-844.999
31	11	1.00000	-849.000
31	12	1.00000	-845.401
31	13	1.00000	-846.168
31	14	1.00000	-842.407
31	15	1.00000	-844.745
31	16	1.00000	-843.555
31	17	1.00000	-840.325
31	18	1.00000	-841.871
31	19	1.00000	-845.132
31	20	1.00000	-844.426
31	21	1.00000	-844.233
31	22	1.00000	-843.939
31	23	1.00000	-845.291
31	24	1.00000	-841.562
31	25	1.00000	-845.800
31	26	1.00000	-843.713
31	27	1.00000	-843.894
31	28	1.00000	-846.190
31	29	1.00000	-841.651
31	30	1.00000	-845.159
31	31	1.00000	-844.727
31	32	1.00000	-845.215
31	33	1.00000	-845.139
31	34	1.00000	-842.294
31	35	1.00000	-840.975
31	36	1.00000	-837.301
31	37	1.00000	-840.339
31	38	1.00000	-837.799
31	39	1.00000	-843.202
31	40	1.00000	-849.000
31	41	1.00000	-844.627
31	42	1.00000	-847.161
31	43	1.00000	-848.306
31	44	1.00000	-848.601
31	45	1.00000	-846.290
31	46	1.00000	-843.966
31	47	1.00000	-844.601
31	48	1.00000	-845.352
31	49	1.00000	-845.219
31	50	1.00000	-843.775
31	51	1.00000	-844.495
31	52	1.00000	-846.186
31	53	1.00000	-846.315
31	54	1.00000	-846.778
31	55	1.00000	-846.948
31	56	1.00000	-844.865
31	57	1.00000	-845.430
31	58	1.00000	-846.606
31	59	1.00000	-846.145
31	60	1.00000	-849.739
31	61	1.00000	-847.624
31	62	1.00000	-847.717
31	63	1.00000	-846.651
31	64	1.00000	-847.441
31	65	1.00000	-846.279
31	66	1.00000	-845.067
31	67	1.00000	-845.392
31	68	1.00000	-846.605
31	69	1.00000	-845.063
31	70	1.00000	-844.292
31	71	1.00000	-845.345
31	72	1.00000	-844.712
31	73	1.00000	-846.916
31	74	1.00000	-846.846
31	75	1.00000	-847.156
31	76	1.00000	-844.555
31	77	1.00000	-847.276
31	78	1.00000	-848.194
31	79	1.00000	-848.036
31	80	1.00000	-846.287
31	81	1.00000	-845.797
31	82	1.00000	-844.278
31	83	1.00000	-845.902
31	84	1.00000	-846.395
31	85	1.00000	-846.794
31	86	1.00000	-845.118
31	87	1.00000	-846.029
31	88	1.00000	-844.689
31	89	1.00000	-845.080
31	90	1.00000	-847.521
31	91	1.00000	-849.000
31	92	1.00000	-847.053
31	93	1.00000	-848.071
31	94	1.00000	-845.087
31	95	1.00000	-847.938
31	96	1.00000	-849.244
31	97	1.00000	-846.199
31	98	1.00000	-847.080
31	99	1.00000	-845.795
31	100	1.00000	-846.749
31	101	1.00000	-846.640
31	102	1.00000	-846.249
31	103	1.00000	-846.161
31	104	1.00000	-846.451
31	105	1.00000	-847.421
31	106	1.00000	-848.052
31	107	1.00000	-848.949
31	108	1.00000	-847.947
31	109	1.00000	-846.578
31	110	1.00000	-845.521
31	111	1.00000	-844.798
31	112	1.00000	-846.450
31	113	1.00000	-844.552
31	114	1.00000	-844.585
31	115	1.00000	-844.926
31	116	1.00000	-845.796
31	117	1.00000	-849.000
31	118	1.00000	-844.651
31	119	1.00000	-845.491
31	120	1.00000	-849.000
31	121	1.00000	-847.353
31	122	1.00000	-844.727
31	123	1.00000	-846.558
31	124	1.00000	-845.301
31	125	1.00000	-844.463
31	126	1.00000	-841.560
31	127	1.00000	-843.901
31	128	1.00000	-841.456
#
### SDC2-X2
32	1	1.00000	-846.373
32	2	1.00000	-848.771
32	3	1.00000	-846.159
32	4	1.00000	-847.136
32	5	1.00000	-846.667
32	6	1.00000	-847.310
32	7	1.00000	-847.502
32	8	1.00000	-845.327
32	9	1.00000	-849.391
32	10	1.00000	-849.914
32	11	1.00000	-848.137
32	12	1.00000	-850.340
32	13	1.00000	-848.230
32	14	1.00000	-848.582
32	15	1.00000	-848.031
32	16	1.00000	-848.501
32	17	1.00000	-849.199
32	18	1.00000	-847.113
32	19	1.00000	-847.358
32	20	1.00000	-846.417
32	21	1.00000	-849.480
32	22	1.00000	-847.431
32	23	1.00000	-846.368
32	24	1.00000	-846.542
32	25	1.00000	-848.120
32	26	1.00000	-847.801
32	27	1.00000	-849.205
32	28	1.00000	-850.011
32	29	1.00000	-848.355
32	30	1.00000	-847.720
32	31	1.00000	-848.457
32	32	1.00000	-847.666
32	33	1.00000	-844.741
32	34	1.00000	-844.929
32	35	1.00000	-844.915
32	36	1.00000	-844.184
32	37	1.00000	-846.366
32	38	1.00000	-845.849
32	39	1.00000	-848.264
32	40	1.00000	-848.066
32	41	1.00000	-851.258
32	42	1.00000	-849.152
32	43	1.00000	-845.775
32	44	1.00000	-850.009
32	45	1.00000	-847.797
32	46	1.00000	-849.169
32	47	1.00000	-849.074
32	48	1.00000	-849.508
32	49	1.00000	-848.809
32	50	1.00000	-847.944
32	51	1.00000	-847.956
32	52	1.00000	-846.002
32	53	1.00000	-848.963
32	54	1.00000	-847.524
32	55	1.00000	-850.000
32	56	1.00000	-848.426
32	57	1.00000	-850.000
32	58	1.00000	-849.817
32	59	1.00000	-848.803
32	60	1.00000	-850.109
32	61	1.00000	-849.662
32	62	1.00000	-848.424
32	63	1.00000	-848.296
32	64	1.00000	-847.731
32	65	1.00000	-850.504
32	66	1.00000	-849.447
32	67	1.00000	-848.815
32	68	1.00000	-849.160
32	69	1.00000	-848.857
32	70	1.00000	-848.626
32	71	1.00000	-848.324
32	72	1.00000	-848.447
32	73	1.00000	-850.350
32	74	1.00000	-849.733
32	75	1.00000	-849.140
32	76	1.00000	-851.367
32	77	1.00000	-849.288
32	78	1.00000	-849.355
32	79	1.00000	-848.471
32	80	1.00000	-846.853
32	81	1.00000	-848.111
32	82	1.00000	-846.378
32	83	1.00000	-848.114
32	84	1.00000	-847.187
32	85	1.00000	-847.037
32	86	1.00000	-848.169
32	87	1.00000	-848.483
32	88	1.00000	-850.000
32	89	1.00000	-851.510
32	90	1.00000	-850.439
32	91	1.00000	-850.106
32	92	1.00000	-850.748
32	93	1.00000	-849.566
32	94	1.00000	-849.463
32	95	1.00000	-847.460
32	96	1.00000	-848.052
32	97	1.00000	-848.789
32	98	1.00000	-847.537
32	99	1.00000	-847.810
32	100	1.00000	-849.234
32	101	1.00000	-849.295
32	102	1.00000	-848.975
32	103	1.00000	-848.460
32	104	1.00000	-848.992
32	105	1.00000	-849.563
32	106	1.00000	-850.454
32	107	1.00000	-850.613
32	108	1.00000	-848.740
32	109	1.00000	-850.364
32	110	1.00000	-850.492
32	111	1.00000	-848.106
32	112	1.00000	-848.997
32	113	1.00000	-848.154
32	114	1.00000	-847.642
32	115	1.00000	-847.049
32	116	1.00000	-848.929
32	117	1.00000	-850.380
32	118	1.00000	-847.819
32	119	1.00000	-847.280
32	120	1.00000	-846.448
32	121	1.00000	-848.128
32	122	1.00000	-848.523
32	123	1.00000	-850.306
32	124	1.00000	-848.100
32	125	1.00000	-847.024
32	126	1.00000	-846.470
32	127	1.00000	-847.637
32	128	1.00000	-843.820
#
### SDC2-Y1
33	1	1.00000	-844.584
33	2	1.00000	-852.043
33	3	1.00000	-848.186
33	4	1.00000	-850.000
33	5	1.00000	-848.534
33	6	1.00000	-851.186
33	7	1.00000	-848.131
33	8	1.00000	-851.206
33	9	1.00000	-850.372
33	10	1.00000	-848.903
33	11	1.00000	-848.988
33	12	1.00000	-848.745
33	13	1.00000	-849.763
33	14	1.00000	-848.678
33	15	1.00000	-849.909
33	16	1.00000	-850.000
33	17	1.00000	-850.361
33	18	1.00000	-849.231
33	19	1.00000	-848.554
33	20	1.00000	-847.914
33	21	1.00000	-851.136
33	22	1.00000	-851.724
33	23	1.00000	-851.533
33	24	1.00000	-851.377
33	25	1.00000	-850.610
33	26	1.00000	-849.675
33	27	1.00000	-849.495
33	28	1.00000	-849.073
33	29	1.00000	-848.659
33	30	1.00000	-849.537
33	31	1.00000	-849.489
33	32	1.00000	-850.806
33	33	1.00000	-851.006
33	34	1.00000	-850.098
33	35	1.00000	-848.544
33	36	1.00000	-849.861
33	37	1.00000	-847.188
33	38	1.00000	-851.613
33	39	1.00000	-849.055
33	40	1.00000	-849.845
33	41	1.00000	-846.856
33	42	1.00000	-848.441
33	43	1.00000	-848.107
33	44	1.00000	-844.954
33	45	1.00000	-848.307
33	46	1.00000	-849.648
33	47	1.00000	-847.334
33	48	1.00000	-847.237
33	49	1.00000	-847.681
33	50	1.00000	-848.210
33	51	1.00000	-847.875
33	52	1.00000	-847.333
33	53	1.00000	-849.319
33	54	1.00000	-849.999
33	55	1.00000	-848.299
33	56	1.00000	-848.385
33	57	1.00000	-847.214
33	58	1.00000	-847.943
33	59	1.00000	-847.742
33	60	1.00000	-847.475
33	61	1.00000	-847.748
33	62	1.00000	-846.498
33	63	1.00000	-844.098
33	64	1.00000	-840.675
33	65	1.00000	-841.807
33	66	1.00000	-843.063
33	67	1.00000	-845.986
33	68	1.00000	-848.960
33	69	1.00000	-848.773
33	70	1.00000	-849.231
33	71	1.00000	-848.455
33	72	1.00000	-850.296
33	73	1.00000	-847.968
33	74	1.00000	-849.099
33	75	1.00000	-848.578
33	76	1.00000	-849.895
33	77	1.00000	-847.829
33	78	1.00000	-849.250
33	79	1.00000	-848.782
33	80	1.00000	-849.301
33	81	1.00000	-850.824
33	82	1.00000	-850.735
33	83	1.00000	-850.830
33	84	1.00000	-851.615
33	85	1.00000	-850.027
33	86	1.00000	-850.259
33	87	1.00000	-851.038
33	88	1.00000	-849.465
33	89	1.00000	-848.750
33	90	1.00000	-850.798
33	91	1.00000	-849.050
33	92	1.00000	-849.833
33	93	1.00000	-848.257
33	94	1.00000	-849.913
33	95	1.00000	-849.361
33	96	1.00000	-850.736
33	97	1.00000	-850.674
33	98	1.00000	-849.915
33	99	1.00000	-849.793
33	100	1.00000	-850.000
33	101	1.00000	-852.219
33	102	1.00000	-852.451
33	103	1.00000	-851.539
33	104	1.00000	-850.508
33	105	1.00000	-851.824
33	106	1.00000	-852.051
33	107	1.00000	-851.643
33	108	1.00000	-851.834
33	109	1.00000	-851.486
33	110	1.00000	-852.218
33	111	1.00000	-851.153
33	112	1.00000	-851.479
33	113	1.00000	-852.689
33	114	1.00000	-852.862
33	115	1.00000	-853.316
33	116	1.00000	-853.967
33	117	1.00000	-853.298
33	118	1.00000	-851.114
33	119	1.00000	-851.843
33	120	1.00000	-851.505
33	121	1.00000	-850.000
33	122	1.00000	-851.234
33	123	1.00000	-851.770
33	124	1.00000	-850.000
33	125	1.00000	-850.546
33	126	1.00000	-849.839
33	127	1.00000	-850.000
33	128	1.00000	-850.000
#
### SDC2-Y2
34	1	1.00000	-847.243
34	2	1.00000	-844.337
34	3	1.00000	-846.610
34	4	1.00000	-849.469
34	5	1.00000	-847.358
34	6	1.00000	-849.250
34	7	1.00000	-851.132
34	8	1.00000	-848.662
34	9	1.00000	-849.178
34	10	1.00000	-849.419
34	11	1.00000	-847.474
34	12	1.00000	-849.480
34	13	1.00000	-848.337
34	14	1.00000	-850.000
34	15	1.00000	-850.345
34	16	1.00000	-848.885
34	17	1.00000	-850.000
34	18	1.00000	-849.872
34	19	1.00000	-849.406
34	20	1.00000	-850.309
34	21	1.00000	-848.778
34	22	1.00000	-848.700
34	23	1.00000	-851.180
34	24	1.00000	-851.009
34	25	1.00000	-851.736
34	26	1.00000	-849.256
34	27	1.00000	-848.225
34	28	1.00000	-849.295
34	29	1.00000	-847.932
34	30	1.00000	-850.000
34	31	1.00000	-849.078
34	32	1.00000	-849.875
34	33	1.00000	-847.595
34	34	1.00000	-849.019
34	35	1.00000	-848.114
34	36	1.00000	-848.824
34	37	1.00000	-849.882
34	38	1.00000	-848.690
34	39	1.00000	-850.322
34	40	1.00000	-848.765
34	41	1.00000	-850.000
34	42	1.00000	-847.517
34	43	1.00000	-848.296
34	44	1.00000	-848.639
34	45	1.00000	-847.285
34	46	1.00000	-847.265
34	47	1.00000	-845.846
34	48	1.00000	-847.788
34	49	1.00000	-846.296
34	50	1.00000	-848.383
34	51	1.00000	-847.806
34	52	1.00000	-848.152
34	53	1.00000	-849.483
34	54	1.00000	-849.770
34	55	1.00000	-848.513
34	56	1.00000	-848.891
34	57	1.00000	-847.607
34	58	1.00000	-846.735
34	59	1.00000	-847.382
34	60	1.00000	-847.065
34	61	1.00000	-846.639
34	62	1.00000	-846.218
34	63	1.00000	-842.492
34	64	1.00000	-841.998
34	65	1.00000	-839.873
34	66	1.00000	-842.736
34	67	1.00000	-846.368
34	68	1.00000	-846.281
34	69	1.00000	-850.000
34	70	1.00000	-848.835
34	71	1.00000	-848.814
34	72	1.00000	-847.024
34	73	1.00000	-847.779
34	74	1.00000	-850.000
34	75	1.00000	-848.190
34	76	1.00000	-848.252
34	77	1.00000	-850.000
34	78	1.00000	-848.638
34	79	1.00000	-848.335
34	80	1.00000	-848.888
34	81	1.00000	-847.612
34	82	1.00000	-850.172
34	83	1.00000	-848.526
34	84	1.00000	-847.824
34	85	1.00000	-849.719
34	86	1.00000	-850.289
34	87	1.00000	-849.634
34	88	1.00000	-851.867
34	89	1.00000	-847.774
34	90	1.00000	-848.414
34	91	1.00000	-850.266
34	92	1.00000	-850.806
34	93	1.00000	-850.283
34	94	1.00000	-849.856
34	95	1.00000	-849.558
34	96	1.00000	-850.194
34	97	1.00000	-849.655
34	98	1.00000	-849.065
34	99	1.00000	-849.107
34	100	1.00000	-849.867
34	101	1.00000	-850.155
34	102	1.00000	-850.000
34	103	1.00000	-850.883
34	104	1.00000	-851.169
34	105	1.00000	-850.138
34	106	1.00000	-850.260
34	107	1.00000	-850.126
34	108	1.00000	-850.587
34	109	1.00000	-849.994
34	110	1.00000	-849.939
34	111	1.00000	-848.924
34	112	1.00000	-848.827
34	113	1.00000	-850.228
34	114	1.00000	-849.748
34	115	1.00000	-849.037
34	116	1.00000	-850.214
34	117	1.00000	-850.106
34	118	1.00000	-850.676
34	119	1.00000	-854.015
34	120	1.00000	-852.277
34	121	1.00000	-850.852
34	122	1.00000	-850.777
34	123	1.00000	-851.051
34	124	1.00000	-851.332
34	125	1.00000	-850.006
34	126	1.00000	-847.773
34	127	1.00000	-849.342
34	128	1.00000	-830.953
#
### SDC3-Y1
35	1	1.00000	-843.594
35	2	1.00000	-837.704
35	3	1.00000	-833.799
35	4	1.00000	-839.990
35	5	1.00000	-840.726
35	6	1.00000	-839.671
35	7	1.00000	-839.628
35	8	1.00000	-842.000
35	9	1.00000	-841.199
35	10	1.00000	-842.000
35	11	1.00000	-841.030
35	12	1.00000	-843.715
35	13	1.00000	-842.134
35	14	1.00000	-842.572
35	15	1.00000	-842.576
35	16	1.00000	-841.651
35	17	1.00000	-842.336
35	18	1.00000	-838.908
35	19	1.00000	-841.759
35	20	1.00000	-841.551
35	21	1.00000	-842.000
35	22	1.00000	-839.068
35	23	1.00000	-839.669
35	24	1.00000	-840.845
35	25	1.00000	-840.405
35	26	1.00000	-838.322
35	27	1.00000	-840.448
35	28	1.00000	-842.000
35	29	1.00000	-840.214
35	30	1.00000	-840.392
35	31	1.00000	-840.790
35	32	1.00000	-843.612
35	33	1.00000	-845.337
35	34	1.00000	-840.732
35	35	1.00000	-840.389
35	36	1.00000	-841.096
35	37	1.00000	-841.102
35	38	1.00000	-839.919
35	39	1.00000	-840.632
35	40	1.00000	-839.775
35	41	1.00000	-839.848
35	42	1.00000	-839.096
35	43	1.00000	-840.764
35	44	1.00000	-841.801
35	45	1.00000	-842.698
35	46	1.00000	-841.302
35	47	1.00000	-841.879
35	48	1.00000	-840.336
35	49	1.00000	-842.000
35	50	1.00000	-841.263
35	51	1.00000	-842.000
35	52	1.00000	-842.984
35	53	1.00000	-843.172
35	54	1.00000	-842.097
35	55	1.00000	-843.221
35	56	1.00000	-842.200
35	57	1.00000	-841.795
35	58	1.00000	-841.517
35	59	1.00000	-841.767
35	60	1.00000	-842.000
35	61	1.00000	-840.727
35	62	1.00000	-841.867
35	63	1.00000	-833.211
35	64	1.00000	-829.993
#
## SDC3-Y2
36	1	1.00000	-844.127
36	2	1.00000	-841.128
36	3	1.00000	-841.626
36	4	1.00000	-843.285
36	5	1.00000	-842.568
36	6	1.00000	-842.160
36	7	1.00000	-842.360
36	8	1.00000	-842.087
36	9	1.00000	-841.370
36	10	1.00000	-842.585
36	11	1.00000	-842.505
36	12	1.00000	-843.000
36	13	1.00000	-843.000
36	14	1.00000	-843.000
36	15	1.00000	-843.000
36	16	1.00000	-843.000
36	17	1.00000	-842.489
36	18	1.00000	-843.057
36	19	1.00000	-840.673
36	20	1.00000	-841.831
36	21	1.00000	-841.771
36	22	1.00000	-840.551
36	23	1.00000	-841.292
36	24	1.00000	-839.917
36	25	1.00000	-841.339
36	26	1.00000	-841.138
36	27	1.00000	-840.829
36	28	1.00000	-839.869
36	29	1.00000	-841.391
36	30	1.00000	-841.185
36	31	1.00000	-845.336
36	32	1.00000	-836.920
36	33	1.00000	-847.692
36	34	1.00000	-840.497
36	35	1.00000	-841.592
36	36	1.00000	-840.622
36	37	1.00000	-842.496
36	38	1.00000	-840.470
36	39	1.00000	-840.114
36	40	1.00000	-843.000
36	41	1.00000	-841.547
36	42	1.00000	-841.392
36	43	1.00000	-842.772
36	44	1.00000	-840.848
36	45	1.00000	-841.520
36	46	1.00000	-843.185
36	47	1.00000	-842.654
36	48	1.00000	-842.523
36	49	1.00000	-842.331
36	50	1.00000	-842.757
36	51	1.00000	-843.000
36	52	1.00000	-843.271
36	53	1.00000	-843.485
36	54	1.00000	-842.453
36	55	1.00000	-842.948
36	56	1.00000	-841.162
36	57	1.00000	-842.147
36	58	1.00000	-842.626
36	59	1.00000	-843.000
36	60	1.00000	-844.734
36	61	1.00000	-845.082
36	62	1.00000	-843.000
36	63	1.00000	-839.824
36	64	1.00000	-843.000
#
### SDC3-X1
37	1	1.00000	-844.571
37	2	1.00000	-842.674
37	3	1.00000	-842.061
37	4	1.00000	-842.000
37	5	1.00000	-846.788
37	6	1.00000	-838.286
37	7	1.00000	-842.170
37	8	1.00000	-841.248
37	9	1.00000	-836.867
37	10	1.00000	-834.882
37	11	1.00000	-835.774
37	12	1.00000	-836.630
37	13	1.00000	-837.393
37	14	1.00000	-835.887
37	15	1.00000	-834.849
37	16	1.00000	-837.930
37	17	1.00000	-832.544
37	18	1.00000	-842.000
37	19	1.00000	-842.000
37	20	1.00000	-842.092
37	21	1.00000	-840.105
37	22	1.00000	-836.225
37	23	1.00000	-842.000
37	24	1.00000	-839.693
37	25	1.00000	-842.000
37	26	1.00000	-839.744
37	27	1.00000	-840.047
37	28	1.00000	-838.772
37	29	1.00000	-842.000
37	30	1.00000	-840.783
37	31	1.00000	-842.499
37	32	1.00000	-842.000
37	33	1.00000	-842.000
37	34	1.00000	-843.130
37	35	1.00000	-846.341
37	36	1.00000	-842.000
37	37	1.00000	-843.675
37	38	1.00000	-844.225
37	39	1.00000	-843.064
37	40	1.00000	-842.027
37	41	1.00000	-838.337
37	42	1.00000	-842.000
37	43	1.00000	-840.486
37	44	1.00000	-841.009
37	45	1.00000	-841.400
37	46	1.00000	-842.122
37	47	1.00000	-840.518
37	48	1.00000	-841.198
37	49	1.00000	-839.813
37	50	1.00000	-839.575
37	51	1.00000	-842.040
37	52	1.00000	-843.489
37	53	1.00000	-842.464
37	54	1.00000	-841.640
37	55	1.00000	-840.499
37	56	1.00000	-840.774
37	57	1.00000	-840.461
37	58	1.00000	-842.385
37	59	1.00000	-841.013
37	60	1.00000	-842.467
37	61	1.00000	-839.951
37	62	1.00000	-841.531
37	63	1.00000	-839.619
37	64	1.00000	-842.000
37	65	1.00000	-841.964
37	66	1.00000	-840.806
37	67	1.00000	-839.842
37	68	1.00000	-841.555
37	69	1.00000	-839.528
37	70	1.00000	-840.645
37	71	1.00000	-840.019
37	72	1.00000	-841.133
37	73	1.00000	-839.834
37	74	1.00000	-840.992
37	75	1.00000	-840.356
37	76	1.00000	-841.520
37	77	1.00000	-842.000
37	78	1.00000	-841.068
37	79	1.00000	-838.940
37	80	1.00000	-841.022
37	81	1.00000	-839.762
37	82	1.00000	-839.843
37	83	1.00000	-839.931
37	84	1.00000	-837.984
37	85	1.00000	-846.005
37	86	1.00000	-840.465
37	87	1.00000	-842.000
37	88	1.00000	-842.000
37	89	1.00000	-842.000
37	90	1.00000	-842.000
37	91	1.00000	-842.000
37	92	1.00000	-842.000
37	93	1.00000	-842.000
37	94	1.00000	-842.000
37	95	1.00000	-842.000
37	96	1.00000	-842.000
#
### SDC3-X2
38	1	1.00000	-838.000
38	2	1.00000	-838.000
38	3	1.00000	-827.734
38	4	1.00000	-838.000
38	5	1.00000	-838.000
38	6	1.00000	-838.856
38	7	1.00000	-834.251
38	8	1.00000	-837.428
38	9	1.00000	-824.391
38	10	1.00000	-826.857
38	11	1.00000	-830.744
38	12	1.00000	-834.935
38	13	1.00000	-821.421
38	14	1.00000	-830.648
38	15	1.00000	-829.411
38	16	1.00000	-830.091
38	17	1.00000	-833.127
38	18	1.00000	-833.127
38	19	1.00000	-838.000
38	20	1.00000	-835.904
38	21	1.00000	-838.000
38	22	1.00000	-831.246
38	23	1.00000	-833.089
38	24	1.00000	-835.504
38	25	1.00000	-835.102
38	26	1.00000	-834.403
38	27	1.00000	-834.843
38	28	1.00000	-831.238
38	29	1.00000	-835.211
38	30	1.00000	-833.785
38	31	1.00000	-832.819
38	32	1.00000	-838.000
38	33	1.00000	-838.923
38	34	1.00000	-820.261
38	35	1.00000	-821.531
38	36	1.00000	-839.295
38	37	1.00000	-840.650
38	38	1.00000	-834.751
38	39	1.00000	-839.286
38	40	1.00000	-836.592
38	41	1.00000	-836.057
38	42	1.00000	-835.880
38	43	1.00000	-835.529
38	44	1.00000	-837.161
38	45	1.00000	-835.849
38	46	1.00000	-837.218
38	47	1.00000	-833.806
38	48	1.00000	-835.156
38	49	1.00000	-836.214
38	50	1.00000	-834.962
38	51	1.00000	-837.072
38	52	1.00000	-836.692
38	53	1.00000	-839.391
38	54	1.00000	-838.000
38	55	1.00000	-838.681
38	56	1.00000	-836.024
38	57	1.00000	-838.000
38	58	1.00000	-837.453
38	59	1.00000	-838.984
38	60	1.00000	-838.000
38	61	1.00000	-839.223
38	62	1.00000	-837.645
38	63	1.00000	-838.000
38	64	1.00000	-837.959
38	65	1.00000	-835.207
38	66	1.00000	-836.843
38	67	1.00000	-836.295
38	68	1.00000	-834.328
38	69	1.00000	-835.908
38	70	1.00000	-836.521
38	71	1.00000	-836.566
38	72	1.00000	-837.939
38	73	1.00000	-835.349
38	74	1.00000	-836.749
38	75	1.00000	-836.361
38	76	1.00000	-838.000
38	77	1.00000	-837.841
38	78	1.00000	-835.113
38	79	1.00000	-838.216
38	80	1.00000	-835.457
38	81	1.00000	-834.541
38	82	1.00000	-838.000
38	83	1.00000	-835.505
38	84	1.00000	-834.880
38	85	1.00000	-837.701
38	86	1.00000	-838.000
38	87	1.00000	-833.820
38	88	1.00000	-838.000
38	89	1.00000	-838.000
38	90	1.00000	-838.000
38	91	1.00000	-837.621
38	92	1.00000	-838.000
38	93	1.00000	-838.000
38	94	1.00000	-838.000
38	95	1.00000	-838.000
38	96	1.00000	-838.000
#
