#
# HodoPHC.param.run00055
#
# CId   PlaneId Seg     UorD    Type    #Para para1 ...
#
#       Type=0 no correction will be performed
#       Type=1 ct=t-p[0]/sqrt(a-p[1])+p[2]
# BH1 Up
#
 3      0       0       0       1       3       0.400   0.000   0.000
 3      0       1       0       1       3       0.122   0.000   0.0000
 3      0       2       0       1       3       0.297   0.000   0.000
 3      0       3       0       1       3       0.627   0.000   0.0000
 3      0       4       0       1       3       0.448   0.000   0.0000
 3      0       5       0       1       3       0.493   0.000   0.000
 3      0       6       0       1       3       0.383   0.000   0.000
 3      0       7       0       1       3       0.088   0.000   0.0000
 3      0       8       0       1       3       0.560   0.000   0.000
 3      0       9       0       1       3       0.348   0.000   0.000
 3      0       10      0       1       3       1.132   0.000   0.000

#
# BH1 Down
#
 3      0       0       1       1       3       0.220   0.000   0.000
 3      0       1       1       1       3       0.175   0.000   0.0000
 3      0       2       1       1       3       0.185   0.000   0.000
 3      0       3       1       1       3       0.573   0.000   0.000
 3      0       4       1       1       3       0.456   0.000   0.000
 3      0       5       1       1       3       0.661   0.000   0.000
 3      0       6       1       1       3       0.259   0.000   0.000
 3      0       7       1       1       3       0.088   0.000   0.0000
 3      0       8       1       1       3       0.560   0.000   0.000
 3      0       9       1       1       3       0.348   0.000   0.000
 3      0       10      1       1       3       1.132   0.000   0.000

#
# BH2 Up
#
 4      0       0       0       1       3       0.306   0.000   -0.017
 4      0       1       0       1       3       0.203   0.000   0.126
 4      0       2       0       1       3       0.222   0.000   0.161
 4      0       3       0       1       3       0.548   0.000   0.189
 4      0       4       0       1       3       0.352   0.000   0.100
 4      0       5       0       1       3       0.256   0.000   0.162
 4      0       6       0       1       3       0.044   0.000   0.208

#
# BH2 Down
#
 4      0       0       1       1       3       0.760   0.000   -0.547
 4      0       1       1       1       3       0.152   0.000   0.067
 4      0       2       1       1       3       0.087   0.000   0.441
 4      0       3       1       1       3       0.464   0.000   0.282
 4      0       4       1       1       3       0.258   0.000   0.044
 4      0       5       1       1       3       -0.033  0.000   0.510
 4      0       6       1       1       3       0.159   0.000   0.1425
