##
#  file: HodoPHCParam_Dummy
#  date: 2017.04.10
#  note: first version of E07-Phase2
#
#
#######################################################################
# CId	PlId	Seg	UorD	Type	nParam	p0	p1	...
#
#	Type=0 no correction will be performed
#	Type=1 ct=t-p[0]/sqrt(a-p[1])+p[2]
#	Type=2 ct=p[0]*a*a + p[1]*a + p[2] for Fiber
#
#######################################################################
# BH1 Up                                                              #
#######################################################################
1	0	0	0	0	3	0.0000000	0.0000000	0.0000000
1	0	1	0	0	3	0.0000000	0.0000000	0.0000000
1	0	2	0	0	3	0.8642803	0.0010000	1.0000000
1	0	3	0	0	3	0.7959376	-0.0010000	0.8353518
1	0	4	0	0	3	0.8018581	-0.0009952	0.7338033
1	0	5	0	0	3	0.9120794	-0.0010000	0.8500413
1	0	6	0	0	3	0.8275061	-0.0009996	0.8085753
1	0	7	0	0	3	0.9913537	-0.0009692	0.9190608
1	0	8	0	0	3	0.9498117	-0.0009967	0.7414953
1	0	9	0	0	3	0.0000000	0.0000000	0.0000000
1	0	10	0	0	3	0.0000000	0.0000000	0.0000000
#######################################################################
# BH1 Down                                                            #
#######################################################################
1	0	0	1	0	3	0.0000000	0.0000000	0.0000000
1	0	1	1	0	3	0.0000000	0.0000000	0.0000000
1	0	2	1	0	3	1.1258089	-0.0010000	0.9999988
1	0	3	1	0	3	0.7651991	-0.0010000	0.8098777
1	0	4	1	0	3	0.9388240	-0.0009999	0.8613193
1	0	5	1	0	3	0.9344892	-0.0009986	0.8716140
1	0	6	1	0	3	0.8510645	-0.0010000	0.8060471
1	0	7	1	0	3	0.8958180	0.0009771	0.8267445
1	0	8	1	0	3	0.8952714	-0.0009999	0.7371313
1	0	9	1	0	3	0.0000000	0.0000000	0.0000000
1	0	10	1	0	3	0.0000000	0.0000000	0.0000000
#######################################################################
# BH2 Up                                                              #
#######################################################################
2	0	0	0	0	3	1.5435813	0.0010000	1.4397390
2	0	1	0	0	3	1.5435813	0.0010000	1.4397390
2	0	2	0	0	3	1.5435813	0.0010000	1.4397390
2	0	3	0	0	3	1.5435813	0.0010000	1.4397390
2	0	4	0	0	3	1.5435813	0.0010000	1.4397390
2	0	5	0	0	3	1.5435813	0.0010000	1.4397390
2	0	6	0	0	3	1.5435813	0.0010000	1.4397390
2	0	7	0	0	3	1.5435813	0.0010000	1.4397390
#######################################################################
# BH2 Down                                                            #
#######################################################################
2	0	0	0	1	3	1.5794570	0.0010000	1.4190816
2	0	1	0	1	3	1.5794570	0.0010000	1.4190816
2	0	2	0	1	3	1.5794570	0.0010000	1.4190816
2	0	3	0	1	3	1.5794570	0.0010000	1.4190816
2	0	4	0	1	3	1.5794570	0.0010000	1.4190816
2	0	5	0	1	3	1.5794570	0.0010000	1.4190816
2	0	6	0	1	3	1.5794570	0.0010000	1.4190816
2	0	7	0	1	3	1.5794570	0.0010000	1.4190816
#######################################################################
# BAC                                                                 #
#######################################################################
3	0	0	0	1	3	0.000	0.000	0.000
3	0	1	0	1	3	0.000	0.000	0.000
#######################################################################
# FBH Up                                                              #
#######################################################################
4	0	0	0	2	3	-0.00600000	0.908265	-33.838140
4	0	1	0	2	3	-0.00600000	0.908697	-32.790288
4	0	2	0	2	3	-0.00600000	0.891041	-32.247666
4	0	3	0	2	3	-0.00600000	0.863195	-29.613112
4	0	4	0	2	3	-0.00600000	0.882470	-30.659390
4	0	5	0	2	3	-0.00600000	0.887625	-30.780331
4	0	6	0	2	3	-0.00600000	0.854125	-29.721245
4	0	7	0	2	3	-0.00600000	0.858102	-28.733342
4	0	8	0	2	3	-0.00600000	0.880907	-31.802056
4	0	9	0	2	3	-0.00600000	0.881430	-30.759735
4	0	10	0	2	3	-0.00600000	0.876370	-31.068801
4	0	11	0	2	3	-0.00600000	0.901005	-33.087508
4	0	12	0	2	3	-0.00600000	0.910764	-33.674824
4	0	13	0	2	3	-0.00600000	0.896037	-31.520323
4	0	14	0	2	3	-0.00600000	0.909682	-33.491431
4	0	15	0	2	3	-0.00600000	0.895453	-31.804518
#######################################################################
# FBH Down                                                            #
#######################################################################
4	0	0	1	2	3	-0.00600000	0.908265	-33.838140
4	0	1	1	2	3	-0.00600000	0.908697	-32.790288
4	0	2	1	2	3	-0.00600000	0.891041	-32.247666
4	0	3	1	2	3	-0.00600000	0.863195	-29.613112
4	0	4	1	2	3	-0.00600000	0.882470	-30.659390
4	0	5	1	2	3	-0.00600000	0.887625	-30.780331
4	0	6	1	2	3	-0.00600000	0.854125	-29.721245
4	0	7	1	2	3	-0.00600000	0.858102	-28.733342
4	0	8	1	2	3	-0.00600000	0.880907	-31.802056
4	0	9	1	2	3	-0.00600000	0.881430	-30.759735
4	0	10	1	2	3	-0.00600000	0.876370	-31.068801
4	0	11	1	2	3	-0.00600000	0.901005	-33.087508
4	0	12	1	2	3	-0.00600000	0.910764	-33.674824
4	0	13	1	2	3	-0.00600000	0.896037	-31.520323
4	0	14	1	2	3	-0.00600000	0.909682	-33.491431
4	0	15	1	2	3	-0.00600000	0.895453	-31.804518
#######################################################################
# PVAC                                                                #
#######################################################################
5	0	0	0	1	3	0.000	0.000	0.000
#######################################################################
# FAC                                                                 #
#######################################################################
6	0	0	0	1	3	0.000	0.000	0.000
#######################################################################
# SCH                                                                 #
#######################################################################
7	0	0	0	0	3	-0.00478480	0.783079	-30.638206
7	0	1	0	0	3	-0.00403243	0.686759	-26.550951
7	0	2	0	0	3	-0.00474975	0.772857	-29.567777
7	0	3	0	0	3	-0.00500000	0.753550	-26.665015
7	0	4	0	0	3	-0.00500000	0.767989	-27.446182
7	0	5	0	0	3	-0.00500000	0.769512	-27.362430
7	0	6	0	0	3	-0.00500000	0.745026	-26.778332
7	0	7	0	0	3	-0.00500000	0.749657	-25.850353
7	0	8	0	0	3	-0.00500000	0.792406	-30.018823
7	0	9	0	0	3	-0.00500000	0.770820	-27.746174
7	0	10	0	0	3	-0.00500000	0.777074	-28.652688
7	0	11	0	0	3	-0.00500000	0.801516	-30.671919
7	0	12	0	0	3	-0.00500000	0.802048	-30.725535
7	0	13	0	0	3	-0.00500000	0.780523	-28.228885
7	0	14	0	0	3	-0.00496588	0.801187	-30.665932
7	0	15	0	0	3	-0.00422411	0.698240	-26.380903
7	0	16	0	0	3	-0.00487126	0.799350	-30.917205
7	0	17	0	0	3	-0.00477867	0.818041	-32.415842
7	0	18	0	0	3	-0.00471294	0.813333	-32.141021
7	0	19	0	0	3	-0.00500000	0.811627	-30.200071
7	0	20	0	0	3	-0.00478096	0.779188	-29.734352
7	0	21	0	0	3	-0.00465923	0.745975	-27.864570
7	0	22	0	0	3	-0.00474591	0.778236	-29.521987
7	0	23	0	0	3	-0.00444193	0.720529	-27.373302
7	0	24	0	0	3	-0.00427277	0.719768	-27.839369
7	0	25	0	0	3	-0.00341383	0.618204	-23.947129
7	0	26	0	0	3	-0.00306974	0.594072	-22.646666
7	0	27	0	0	3	-0.00286356	0.578498	-23.921377
7	0	28	0	0	3	-0.00214266	0.503788	-20.833778
7	0	29	0	0	3	-0.00200000	0.507466	-21.233198
7	0	30	0	0	3	-0.00266373	0.546182	-20.296095
7	0	31	0	0	3	-0.00259868	0.529907	-20.257369
7	0	32	0	0	3	-0.00279092	0.559206	-25.268671
7	0	33	0	0	3	-0.00492914	0.839630	-34.101529
7	0	34	0	0	3	-0.00486308	0.824292	-33.566431
7	0	35	0	0	3	-0.00500000	0.828655	-32.912645
7	0	36	0	0	3	-0.00491499	0.823851	-33.341761
7	0	37	0	0	3	-0.00439612	0.751278	-30.029328
7	0	38	0	0	3	-0.00484804	0.802140	-31.933680
7	0	39	0	0	3	-0.00500000	0.803495	-30.520843
7	0	40	0	0	3	-0.00500000	0.798091	-30.233978
7	0	41	0	0	3	-0.00500000	0.776067	-26.727850
7	0	42	0	0	3	-0.00500000	0.793259	-29.673876
7	0	43	0	0	3	-0.00500000	0.805629	-29.606972
7	0	44	0	0	3	-0.00471563	0.731835	-25.009780
7	0	45	0	0	3	-0.00500000	0.789528	-28.791870
7	0	46	0	0	3	-0.00462514	0.746633	-26.910526
7	0	47	0	0	3	-0.00458253	0.723722	-25.172476
7	0	48	0	0	3	-0.00252456	0.546419	-25.120619
7	0	49	0	0	3	-0.00500000	0.788227	-29.663989
7	0	50	0	0	3	-0.00487719	0.804538	-31.557862
7	0	51	0	0	3	-0.00491657	0.798729	-30.742067
7	0	52	0	0	3	-0.00500000	0.815528	-31.197311
7	0	53	0	0	3	-0.00302244	0.588595	-25.623764
7	0	54	0	0	3	-0.00487106	0.786787	-31.082702
7	0	55	0	0	3	-0.00500000	0.788861	-29.842505
7	0	56	0	0	3	-0.00500000	0.789387	-29.453143
7	0	57	0	0	3	-0.00500000	0.774216	-29.019319
7	0	58	0	0	3	-0.00500000	0.747107	-25.579178
7	0	59	0	0	3	-0.00500000	0.805472	-30.877479
7	0	60	0	0	3	-0.00500000	0.782905	-29.535090
7	0	61	0	0	3	-0.00500000	0.770496	-28.238283
7	0	62	0	0	3	-0.00500000	0.777929	-29.330866
7	0	63	0	0	3	-0.00500000	0.752281	-26.657331
#######################################################################
# TOF Up                                                              #
#######################################################################
8	0	0	0	0	3	0.4987159	0.0010000	0.3601383
8	0	1	0	0	3	0.2933619	0.0010000	0.0407132
8	0	2	0	0	3	0.4671539	0.0010000	0.3220288
8	0	3	0	0	3	0.2000000	-0.0010000	0.0182776
8	0	4	0	0	3	0.7104982	0.0010000	0.5180017
8	0	5	0	0	3	0.2000000	-0.0010000	0.0836576
8	0	6	0	0	3	0.9033570	-0.0010000	0.7186802
8	0	7	0	0	3	0.2000000	-0.0010000	0.0086763
8	0	8	0	0	3	0.5204140	-0.0010000	0.3361086
8	0	9	0	0	3	0.3856566	-0.0010000	0.2088928
8	0	10	0	0	3	0.2000000	-0.0010000	0.0687816
8	0	11	0	0	3	0.2000000	-0.0010000	0.0455868
8	0	12	0	0	3	0.2000000	-0.0010000	0.0612434
8	0	13	0	0	3	0.2000000	-0.0010000	0.1020594
8	0	14	0	0	3	0.5299178	0.0010000	0.5123932
8	0	15	0	0	3	0.2496596	0.0010000	0.1936210
8	0	16	0	0	3	0.4173172	0.0010000	0.3641920
8	0	17	0	0	3	0.7577690	0.0010000	0.6141434
8	0	18	0	0	3	0.2000000	0.0010000	0.1200993
8	0	19	0	0	3	0.2000000	-0.0010000	0.1599853
8	0	20	0	0	3	1.7596427	0.0010000	1.7433909
8	0	21	0	0	3	0.6192919	-0.0010000	0.7040062
8	0	22	0	0	3	1.6308895	0.0010000	1.7222741
8	0	23	0	0	3	0.7759504	-0.0010000	0.8477119
8	0	24	0	0	3	0.5885416	0.0010000	0.4439933
8	0	25	0	0	3	0.2000000	-0.0010000	-0.0367435
8	0	26	0	0	3	0.4141858	0.0010000	0.2826058
8	0	27	0	0	3	0.2000000	-0.0010000	0.0143616
8	0	28	0	0	3	0.6786346	0.0010000	0.4936762
8	0	29	0	0	3	0.2000000	-0.0010000	0.0835769
8	0	30	0	0	3	0.2868938	-0.0010000	0.1125961
8	0	31	0	0	3	0.2848120	-0.0010000	0.0830910
#######################################################################
# TOF Down                                                            #
#######################################################################
8	0	0	1	0	3	0.5885416	0.0010000	0.4439933
8	0	1	1	0	3	0.2000000	-0.0010000	-0.0367435
8	0	2	1	0	3	0.4141858	0.0010000	0.2826058
8	0	3	1	0	3	0.2000000	-0.0010000	0.0143616
8	0	4	1	0	3	0.6786346	0.0010000	0.4936762
8	0	5	1	0	3	0.2000000	-0.0010000	0.0835769
8	0	6	1	0	3	0.2868938	-0.0010000	0.1125961
8	0	7	1	0	3	0.2848120	-0.0010000	0.0830910
8	0	8	1	0	3	0.4790111	-0.0010000	0.2909257
8	0	9	1	0	3	0.2000000	-0.0010000	0.0336278
8	0	10	1	0	3	0.2000000	-0.0008460	0.0550939
8	0	11	1	0	3	0.2000000	-0.0010000	0.0513463
8	0	12	1	0	3	0.2000000	-0.0010000	0.0671911
8	0	13	1	0	3	0.2000000	-0.0010000	0.0886501
8	0	14	1	0	3	0.2000000	-0.0010000	0.1858189
8	0	15	1	0	3	1.0292279	0.0010000	0.9950524
8	0	16	1	0	3	0.7684615	-0.0010000	0.7550897
8	0	17	1	0	3	0.6771175	-0.0010000	0.5523240
8	0	18	1	0	3	0.2000185	0.0009530	0.1582046
8	0	19	1	0	3	0.2000000	-0.0010000	0.1462156
8	0	20	1	0	3	0.7014733	0.0010000	0.5501990
8	0	21	1	0	3	0.6114054	0.0010000	0.6016088
8	0	22	1	0	3	0.7120931	0.0010000	0.8509792
8	0	23	1	0	3	0.3669638	-0.0009720	0.3964890
8	0	24	1	0	3	0.0010000	0.3601383	0.0000000
8	0	25	1	0	3	0.0010000	0.0407132	0.0000000
8	0	26	1	0	3	0.0010000	0.3220288	0.0000000
8	0	27	1	0	3	-0.0010000	0.0182776	0.0000000
8	0	28	1	0	3	0.0010000	0.5180017	0.0000000
8	0	29	1	0	3	-0.0010000	0.0836576	0.0000000
8	0	30	1	0	3	-0.0010000	0.7186802	0.0000000
8	0	31	1	0	3	-0.0010000	0.0086763	0.0000000
#######################################################################
# BFT U                                                               #
#######################################################################
110	0	0	0	0	3	-0.00600000	0.792184	-21.706393
110	0	1	0	0	3	-0.00600000	0.722758	-18.000000
110	0	2	0	0	3	-0.00310221	0.643356	-22.000000
110	0	3	0	0	3	-0.00310637	0.524385	-18.000000
110	0	4	0	0	3	-0.00487106	0.634052	-18.000000
110	0	5	0	0	3	-0.00600000	0.703631	-18.000000
110	0	6	0	0	3	-0.00600000	0.691975	-18.000000
110	0	7	0	0	3	-0.00427680	0.607144	-18.000001
110	0	8	0	0	3	-0.00402153	0.602298	-18.000000
110	0	9	0	0	3	-0.00561799	0.664967	-18.000000
110	0	10	0	0	3	-0.00488564	0.649755	-18.018298
110	0	11	0	0	3	-0.00537391	0.659511	-18.000000
110	0	12	0	0	3	-0.00510516	0.661187	-18.000000
110	0	13	0	0	3	-0.00535165	0.662197	-18.000000
110	0	14	0	0	3	-0.00427804	0.629488	-18.000000
110	0	15	0	0	3	-0.00600000	0.745531	-21.549810
110	0	16	0	0	3	-0.00558308	0.709887	-18.000000
110	0	17	0	0	3	-0.00415339	0.593783	-18.000001
110	0	18	0	0	3	-0.00501600	0.662675	-18.000017
110	0	19	0	0	3	-0.00516920	0.643370	-18.001604
110	0	20	0	0	3	-0.00585105	0.734563	-20.229261
110	0	21	0	0	3	-0.00472156	0.611162	-18.000001
110	0	22	0	0	3	-0.00600000	0.744328	-20.218057
110	0	23	0	0	3	-0.00600000	0.737660	-20.712160
110	0	24	0	0	3	-0.00572210	0.711604	-19.699535
110	0	25	0	0	3	-0.00499500	0.637708	-18.000034
110	0	26	0	0	3	-0.00463169	0.633692	-18.000002
110	0	27	0	0	3	-0.00498904	0.629463	-18.000002
110	0	28	0	0	3	-0.00491459	0.658847	-18.000000
110	0	29	0	0	3	-0.00513846	0.646689	-18.000002
110	0	30	0	0	3	-0.00504392	0.644190	-18.000000
110	0	31	0	0	3	-0.00520786	0.659521	-18.449566
110	0	32	0	0	3	-0.00500633	0.647439	-18.000000
110	0	33	0	0	3	-0.00600000	0.733368	-18.000000
110	0	34	0	0	3	-0.00482622	0.644411	-18.000000
110	0	35	0	0	3	-0.00469998	0.619642	-18.000000
110	0	36	0	0	3	-0.00533506	0.668137	-18.000000
110	0	37	0	0	3	-0.00599999	0.722162	-19.997314
110	0	38	0	0	3	-0.00562211	0.691686	-18.000001
110	0	39	0	0	3	-0.00489765	0.633058	-18.000013
110	0	40	0	0	3	-0.00576797	0.712677	-18.000000
110	0	41	0	0	3	-0.00599999	0.729022	-20.129667
110	0	42	0	0	3	-0.00512262	0.672690	-18.000003
110	0	43	0	0	3	-0.00451617	0.603323	-18.000003
110	0	44	0	0	3	-0.00476316	0.643824	-18.000000
110	0	45	0	0	3	-0.00521370	0.654939	-18.000001
110	0	46	0	0	3	-0.00407770	0.589782	-18.000008
110	0	47	0	0	3	-0.00534100	0.670232	-19.444924
110	0	48	0	0	3	-0.00563024	0.704047	-18.000000
110	0	49	0	0	3	-0.00477971	0.625427	-18.000022
110	0	50	0	0	3	-0.00487350	0.651633	-18.577871
110	0	51	0	0	3	-0.00566079	0.685981	-19.784168
110	0	52	0	0	3	-0.00557211	0.687882	-18.000000
110	0	53	0	0	3	-0.00526773	0.652160	-18.000000
110	0	54	0	0	3	-0.00498101	0.653382	-18.000005
110	0	55	0	0	3	-0.00578856	0.696405	-19.005237
110	0	56	0	0	3	-0.00446445	0.610636	-18.000000
110	0	57	0	0	3	-0.00528167	0.658988	-18.000000
110	0	58	0	0	3	-0.00497012	0.650933	-18.000000
110	0	59	0	0	3	-0.00543093	0.689650	-20.044891
110	0	60	0	0	3	-0.00498573	0.663604	-18.000001
110	0	61	0	0	3	-0.00456238	0.614452	-18.000561
110	0	62	0	0	3	-0.00480303	0.647857	-18.000017
110	0	63	0	0	3	-0.00481376	0.627947	-18.000002
110	0	64	0	0	3	-0.00487689	0.649880	-18.000000
110	0	65	0	0	3	-0.00485346	0.644841	-18.278003
110	0	66	0	0	3	-0.00471100	0.651408	-18.000000
110	0	67	0	0	3	-0.00491565	0.647995	-18.000000
110	0	68	0	0	3	-0.00502970	0.658404	-18.000001
110	0	69	0	0	3	-0.00502446	0.643018	-18.000022
110	0	70	0	0	3	-0.00430624	0.624338	-18.650430
110	0	71	0	0	3	-0.00458676	0.619365	-18.000000
110	0	72	0	0	3	-0.00488531	0.654939	-18.000000
110	0	73	0	0	3	-0.00486522	0.644422	-18.000002
110	0	74	0	0	3	-0.00399310	0.592963	-18.000123
110	0	75	0	0	3	-0.00487174	0.635856	-18.000000
110	0	76	0	0	3	-0.00478749	0.647329	-18.000000
110	0	77	0	0	3	-0.00452559	0.615258	-18.000001
110	0	78	0	0	3	-0.00447143	0.629475	-18.000000
110	0	79	0	0	3	-0.00489077	0.646022	-18.354110
110	0	80	0	0	3	-0.00504787	0.657100	-18.000000
110	0	81	0	0	3	-0.00561454	0.688723	-18.000005
110	0	82	0	0	3	-0.00462426	0.624733	-18.000000
110	0	83	0	0	3	-0.00480817	0.637526	-18.000278
110	0	84	0	0	3	-0.00478310	0.633801	-18.000004
110	0	85	0	0	3	-0.00500068	0.634296	-18.000000
110	0	86	0	0	3	-0.00479136	0.645462	-18.000000
110	0	87	0	0	3	-0.00600000	0.759205	-21.694946
110	0	88	0	0	3	-0.00483145	0.636111	-18.484656
110	0	89	0	0	3	-0.00498990	0.645678	-18.000002
110	0	90	0	0	3	-0.00519275	0.665350	-18.000000
110	0	91	0	0	3	-0.00532208	0.698965	-20.130134
110	0	92	0	0	3	-0.00447857	0.615964	-18.000001
110	0	93	0	0	3	-0.00532161	0.670680	-18.300592
110	0	94	0	0	3	-0.00541754	0.717619	-19.937672
110	0	95	0	0	3	-0.00576776	0.723706	-19.811237
110	0	96	0	0	3	-0.00568536	0.714838	-19.708994
110	0	97	0	0	3	-0.00509286	0.650188	-18.741443
110	0	98	0	0	3	-0.00524314	0.694938	-19.549230
110	0	99	0	0	3	-0.00431772	0.607857	-18.000087
110	0	100	0	0	3	-0.00489679	0.651510	-18.000000
110	0	101	0	0	3	-0.00399444	0.590056	-18.000002
110	0	102	0	0	3	-0.00446525	0.626411	-18.000001
110	0	103	0	0	3	-0.00544497	0.692246	-19.295162
110	0	104	0	0	3	-0.00499371	0.654388	-18.000003
110	0	105	0	0	3	-0.00470103	0.633426	-18.000001
110	0	106	0	0	3	-0.00436610	0.628589	-18.225786
110	0	107	0	0	3	-0.00467209	0.620514	-18.000004
110	0	108	0	0	3	-0.00456848	0.636517	-18.000005
110	0	109	0	0	3	-0.00489113	0.644462	-18.000005
110	0	110	0	0	3	-0.00490426	0.651897	-18.000000
110	0	111	0	0	3	-0.00600000	0.756792	-20.802048
110	0	112	0	0	3	-0.00510487	0.663884	-18.000001
110	0	113	0	0	3	-0.00585169	0.724236	-19.565557
110	0	114	0	0	3	-0.00504090	0.668950	-18.623703
110	0	115	0	0	3	-0.00532553	0.663329	-18.000000
110	0	116	0	0	3	-0.00489241	0.646603	-18.387144
110	0	117	0	0	3	-0.00599999	0.739230	-21.021433
110	0	118	0	0	3	-0.00559902	0.727640	-21.070160
110	0	119	0	0	3	-0.00599414	0.722682	-19.482034
110	0	120	0	0	3	-0.00451250	0.643412	-19.016584
110	0	121	0	0	3	-0.00508857	0.664592	-18.000000
110	0	122	0	0	3	-0.00600000	0.745985	-20.875329
110	0	123	0	0	3	-0.00600000	0.759024	-21.301806
110	0	124	0	0	3	-0.00480682	0.633928	-18.000001
110	0	125	0	0	3	-0.00600000	0.732449	-18.000000
110	0	126	0	0	3	-0.00458550	0.621629	-18.000002
110	0	127	0	0	3	-0.00550619	0.668264	-18.000001
110	0	128	0	0	3	-0.00558162	0.757917	-21.999998
110	0	129	0	0	3	-0.00441246	0.609101	-18.000001
110	0	130	0	0	3	-0.00486689	0.708121	-22.000000
110	0	131	0	0	3	-0.00600000	0.747738	-20.765742
110	0	132	0	0	3	-0.00552147	0.736784	-21.999997
110	0	133	0	0	3	-0.00600000	0.751374	-21.521385
110	0	134	0	0	3	-0.00387889	0.593946	-18.000000
110	0	135	0	0	3	-0.00475967	0.648897	-19.727081
110	0	136	0	0	3	-0.00533277	0.686457	-19.080376
110	0	137	0	0	3	-0.00365865	0.565188	-18.000000
110	0	138	0	0	3	-0.00445722	0.603313	-18.000000
110	0	139	0	0	3	-0.00562058	0.704697	-19.711659
110	0	140	0	0	3	-0.00355783	0.561232	-18.000000
110	0	141	0	0	3	-0.00599998	0.770947	-21.398404
110	0	142	0	0	3	-0.00507803	0.678892	-19.485664
110	0	143	0	0	3	-0.00597483	0.776396	-21.999998
110	0	144	0	0	3	-0.00469831	0.642667	-19.033926
110	0	145	0	0	3	-0.00501286	0.669142	-18.564150
110	0	146	0	0	3	-0.00598607	0.769252	-21.631759
110	0	147	0	0	3	-0.00518308	0.661510	-18.000008
110	0	148	0	0	3	-0.00558814	0.709475	-19.435132
110	0	149	0	0	3	-0.00455478	0.611381	-18.000004
110	0	150	0	0	3	-0.00600000	0.747912	-21.259886
110	0	151	0	0	3	-0.00460535	0.648039	-19.343742
110	0	152	0	0	3	-0.00487535	0.700442	-20.441584
110	0	153	0	0	3	-0.00600000	0.736639	-20.729048
110	0	154	0	0	3	-0.00556151	0.763736	-21.999997
110	0	155	0	0	3	-0.00600000	0.763013	-20.989427
110	0	156	0	0	3	-0.00600000	0.761579	-21.874041
110	0	157	0	0	3	-0.00600000	0.701989	-19.000237
110	0	158	0	0	3	-0.00355575	0.582821	-18.000000
110	0	159	0	0	3	-0.00600000	0.653791	-18.000000
#######################################################################
# BFT D                                                               #
#######################################################################
110	1	0	0	0	3	-0.00600000	0.656143	-18.000000
110	1	1	0	0	3	-0.00200000	0.555861	-21.400877
110	1	2	0	0	3	-0.00600000	0.755048	-21.820562
110	1	3	0	0	3	-0.00521449	0.661589	-20.185960
110	1	4	0	0	3	-0.00600000	0.710566	-18.000000
110	1	5	0	0	3	-0.00504702	0.692847	-21.999996
110	1	6	0	0	3	-0.00600000	0.669975	-18.000000
110	1	7	0	0	3	-0.00600000	0.755343	-20.941777
110	1	8	0	0	3	-0.00394890	0.596453	-18.000001
110	1	9	0	0	3	-0.00531357	0.715702	-22.000000
110	1	10	0	0	3	-0.00600000	0.755757	-20.605680
110	1	11	0	0	3	-0.00600000	0.724466	-20.358498
110	1	12	0	0	3	-0.00538456	0.696607	-19.603641
110	1	13	0	0	3	-0.00524018	0.710862	-22.000000
110	1	14	0	0	3	-0.00478901	0.639881	-18.000000
110	1	15	0	0	3	-0.00567213	0.707155	-19.889809
110	1	16	0	0	3	-0.00515641	0.648640	-18.000001
110	1	17	0	0	3	-0.00498372	0.670435	-19.748126
110	1	18	0	0	3	-0.00534024	0.671527	-18.000027
110	1	19	0	0	3	-0.00600000	0.751463	-21.821474
110	1	20	0	0	3	-0.00600000	0.760824	-21.480611
110	1	21	0	0	3	-0.00389189	0.573095	-18.000000
110	1	22	0	0	3	-0.00599999	0.723138	-19.779133
110	1	23	0	0	3	-0.00600000	0.765835	-21.711433
110	1	24	0	0	3	-0.00525065	0.684729	-19.371824
110	1	25	0	0	3	-0.00600000	0.733557	-20.364866
110	1	26	0	0	3	-0.00516735	0.651608	-18.000028
110	1	27	0	0	3	-0.00484126	0.645366	-19.455503
110	1	28	0	0	3	-0.00493956	0.641789	-18.000002
110	1	29	0	0	3	-0.00469180	0.618092	-18.000002
110	1	30	0	0	3	-0.00462334	0.633857	-18.090657
110	1	31	0	0	3	-0.00375107	0.563646	-18.000004
110	1	32	0	0	3	-0.00529706	0.699507	-20.324581
110	1	33	0	0	3	-0.00510050	0.687671	-18.000000
110	1	34	0	0	3	-0.00461096	0.628876	-18.000001
110	1	35	0	0	3	-0.00599999	0.761022	-21.658531
110	1	36	0	0	3	-0.00468086	0.628383	-18.000000
110	1	37	0	0	3	-0.00552272	0.674861	-18.000000
110	1	38	0	0	3	-0.00441136	0.612479	-18.000000
110	1	39	0	0	3	-0.00600000	0.755120	-21.675923
110	1	40	0	0	3	-0.00490082	0.641668	-18.000001
110	1	41	0	0	3	-0.00481742	0.631837	-18.000004
110	1	42	0	0	3	-0.00476450	0.643911	-18.000000
110	1	43	0	0	3	-0.00430799	0.592706	-18.000000
110	1	44	0	0	3	-0.00437232	0.616719	-18.000000
110	1	45	0	0	3	-0.00460364	0.617979	-18.000000
110	1	46	0	0	3	-0.00469055	0.632685	-18.000011
110	1	47	0	0	3	-0.00599992	0.750876	-21.634678
110	1	48	0	0	3	-0.00523059	0.659245	-18.000000
110	1	49	0	0	3	-0.00463616	0.612599	-18.000001
110	1	50	0	0	3	-0.00487414	0.648466	-18.089382
110	1	51	0	0	3	-0.00531816	0.677595	-20.129625
110	1	52	0	0	3	-0.00472538	0.637861	-18.000003
110	1	53	0	0	3	-0.00456662	0.613263	-18.000004
110	1	54	0	0	3	-0.00467884	0.638270	-19.126618
110	1	55	0	0	3	-0.00492361	0.656041	-19.088005
110	1	56	0	0	3	-0.00520728	0.691118	-19.371731
110	1	57	0	0	3	-0.00466823	0.635480	-18.381203
110	1	58	0	0	3	-0.00438114	0.601270	-18.000001
110	1	59	0	0	3	-0.00588748	0.747995	-22.000000
110	1	60	0	0	3	-0.00499405	0.651662	-18.000000
110	1	61	0	0	3	-0.00516190	0.663837	-19.371471
110	1	62	0	0	3	-0.00472288	0.641709	-18.000017
110	1	63	0	0	3	-0.00456727	0.616464	-18.000004
110	1	64	0	0	3	-0.00398786	0.593358	-18.428473
110	1	65	0	0	3	-0.00448889	0.612007	-18.000000
110	1	66	0	0	3	-0.00519820	0.689053	-19.354879
110	1	67	0	0	3	-0.00483691	0.640758	-18.000000
110	1	68	0	0	3	-0.00498231	0.648474	-18.000000
110	1	69	0	0	3	-0.00470506	0.631674	-18.000000
110	1	70	0	0	3	-0.00408541	0.580245	-18.000001
110	1	71	0	0	3	-0.00451788	0.621391	-18.000000
110	1	72	0	0	3	-0.00435258	0.601651	-18.000002
110	1	73	0	0	3	-0.00399317	0.585734	-18.029390
110	1	74	0	0	3	-0.00481243	0.641737	-18.000001
110	1	75	0	0	3	-0.00422857	0.606659	-18.360577
110	1	76	0	0	3	-0.00455141	0.615267	-18.000001
110	1	77	0	0	3	-0.00409302	0.591210	-18.000011
110	1	78	0	0	3	-0.00556380	0.715819	-19.711362
110	1	79	0	0	3	-0.00434034	0.608201	-18.198050
110	1	80	0	0	3	-0.00453026	0.615343	-18.000000
110	1	81	0	0	3	-0.00475759	0.636408	-18.000003
110	1	82	0	0	3	-0.00446842	0.612443	-18.000002
110	1	83	0	0	3	-0.00457156	0.618214	-18.000004
110	1	84	0	0	3	-0.00511566	0.649678	-18.000003
110	1	85	0	0	3	-0.00442459	0.615184	-18.000004
110	1	86	0	0	3	-0.00482275	0.636173	-18.000001
110	1	87	0	0	3	-0.00548835	0.691156	-18.000000
110	1	88	0	0	3	-0.00533156	0.697959	-20.462059
110	1	89	0	0	3	-0.00459097	0.631946	-18.000002
110	1	90	0	0	3	-0.00600000	0.750626	-20.607305
110	1	91	0	0	3	-0.00512354	0.669458	-18.618537
110	1	92	0	0	3	-0.00505109	0.657767	-18.000003
110	1	93	0	0	3	-0.00508570	0.640236	-18.000000
110	1	94	0	0	3	-0.00479940	0.644667	-18.000004
110	1	95	0	0	3	-0.00461128	0.638431	-18.000370
110	1	96	0	0	3	-0.00480702	0.632033	-18.000001
110	1	97	0	0	3	-0.00515453	0.654366	-18.000001
110	1	98	0	0	3	-0.00439204	0.615715	-18.000000
110	1	99	0	0	3	-0.00600000	0.740051	-20.412249
110	1	100	0	0	3	-0.00516080	0.654357	-18.000004
110	1	101	0	0	3	-0.00493047	0.645785	-18.008221
110	1	102	0	0	3	-0.00409231	0.594854	-18.000006
110	1	103	0	0	3	-0.00491265	0.637951	-18.001067
110	1	104	0	0	3	-0.00453457	0.610070	-18.000000
110	1	105	0	0	3	-0.00539544	0.674041	-18.000000
110	1	106	0	0	3	-0.00408627	0.597877	-18.000000
110	1	107	0	0	3	-0.00477489	0.630068	-18.000000
110	1	108	0	0	3	-0.00432886	0.605929	-18.000000
110	1	109	0	0	3	-0.00462424	0.626828	-18.000001
110	1	110	0	0	3	-0.00539868	0.688020	-18.710137
110	1	111	0	0	3	-0.00579590	0.747558	-21.456794
110	1	112	0	0	3	-0.00600000	0.738201	-20.555150
110	1	113	0	0	3	-0.00470729	0.617064	-18.000004
110	1	114	0	0	3	-0.00413248	0.604933	-18.000010
110	1	115	0	0	3	-0.00471244	0.626974	-18.000000
110	1	116	0	0	3	-0.00467557	0.640336	-19.055659
110	1	117	0	0	3	-0.00600000	0.742465	-20.951020
110	1	118	0	0	3	-0.00599999	0.727034	-19.508931
110	1	119	0	0	3	-0.00491677	0.649663	-18.000000
110	1	120	0	0	3	-0.00484194	0.627189	-18.000002
110	1	121	0	0	3	-0.00599994	0.744569	-20.837065
110	1	122	0	0	3	-0.00562436	0.741889	-21.691163
110	1	123	0	0	3	-0.00389219	0.578007	-18.000000
110	1	124	0	0	3	-0.00506720	0.646378	-18.000001
110	1	125	0	0	3	-0.00430568	0.609221	-18.372325
110	1	126	0	0	3	-0.00516886	0.657379	-18.000208
110	1	127	0	0	3	-0.00404010	0.589193	-18.000093
110	1	128	0	0	3	-0.00344818	0.561837	-18.000005
110	1	129	0	0	3	-0.00530799	0.733307	-21.999991
110	1	130	0	0	3	-0.00425949	0.615451	-18.000000
110	1	131	0	0	3	-0.00600000	0.751778	-21.326778
110	1	132	0	0	3	-0.00497365	0.692858	-21.011021
110	1	133	0	0	3	-0.00419069	0.602748	-18.000004
110	1	134	0	0	3	-0.00427118	0.686175	-22.000000
110	1	135	0	0	3	-0.00451409	0.627978	-18.000001
110	1	136	0	0	3	-0.00455010	0.643352	-20.023614
110	1	137	0	0	3	-0.00566569	0.718308	-20.504066
110	1	138	0	0	3	-0.00583973	0.764822	-21.999999
110	1	139	0	0	3	-0.00488817	0.668117	-19.113969
110	1	140	0	0	3	-0.00600000	0.762993	-21.389444
110	1	141	0	0	3	-0.00484662	0.724856	-22.000000
110	1	142	0	0	3	-0.00371023	0.591157	-18.000024
110	1	143	0	0	3	-0.00597331	0.774152	-21.999997
110	1	144	0	0	3	-0.00399867	0.597070	-18.000000
110	1	145	0	0	3	-0.00600000	0.736022	-20.786707
110	1	146	0	0	3	-0.00577905	0.768171	-22.000000
110	1	147	0	0	3	-0.00599998	0.741749	-20.842450
110	1	148	0	0	3	-0.00339815	0.557021	-18.000000
110	1	149	0	0	3	-0.00586334	0.729673	-20.345163
110	1	150	0	0	3	-0.00600000	0.751228	-20.672271
110	1	151	0	0	3	-0.00495807	0.681609	-20.023202
110	1	152	0	0	3	-0.00484804	0.702022	-21.999999
110	1	153	0	0	3	-0.00453150	0.686777	-21.999998
110	1	154	0	0	3	-0.00467413	0.706330	-22.000000
110	1	155	0	0	3	-0.00422367	0.604417	-18.028039
110	1	156	0	0	3	-0.00492727	0.650621	-19.181369
110	1	157	0	0	3	-0.00468392	0.711434	-22.000000
110	1	158	0	0	3	-0.00600000	0.671749	-18.683765
110	1	159	0	0	3	-0.00600000	0.757340	-21.508571
