# HodoPHCParam
#devid	plid	seg	UorD	type	Nparam	p0	p1	p2
3	0	0	0	1	3	-0.45385	0.000	0.0788792	
3	0	1	0	1	3	0.114379	0.000	-0.589158	
3	0	2	0	1	3	0.667807	0.000	1.8292	
3	0	3	0	1	3	-0.215782	0.000	0.866023	
3	0	4	0	1	3	1.68725	0.000	3.05009	
3	0	5	0	1	3	0.282696	0.000	2.75907	
3	0	6	0	1	3	0.472087	0.000	1.62082	
3	0	7	0	1	3	2.91977	0.000	3.3062	
3	0	8	0	1	3	-0.913787	0.000	1.09629	
3	0	9	0	1	3	-1.09988	0.000	-1.68647	
3	0	10	0	1	3	0	0.000	0	
3	0	0	1	1	3	-1.18362	0.000	-2.08891	
3	0	1	1	1	3	-0.955361	0.000	-2.35972	
3	0	2	1	1	3	-0.0170654	0.000	-0.321611	
3	0	3	1	1	3	-0.417894	0.000	-0.520696	
3	0	4	1	1	3	0.659401	0.000	0.466965	
3	0	5	1	1	3	0.658079	0.000	0.725027	
3	0	6	1	1	3	1.34897	0.000	0.85889	
3	0	7	1	1	3	-0.912755	0.000	-1.50305	
3	0	8	1	1	3	0.177396	0.000	-0.416108	
3	0	9	1	1	3	0	0.000	0	
3	0	10	1	1	3	0	0.000	0	
4	0	0	0	0	3	0.488683	0.000	-0.174279	
4	0	1	0	0	3	1.93125	0.000	1.75852	
4	0	2	0	0	3	0.452981	0.000	-0.296327	
4	0	3	0	0	3	-0.36313	0.000	-1.69333	
4	0	4	0	0	3	0.700813	0.000	0.841446	
4	0	5	0	0	3	0.483844	0.000	-0.297796	
4	0	6	0	0	3	0.321985	0.000	-0.524864	
4	0	0	1	0	3	0.046848	0.000	0.94733	
4	0	1	1	0	3	0.998508	0.000	-1.73755	
4	0	2	1	0	3	0.629736	0.000	0.475262	
4	0	3	1	0	3	-0.0520982	0.000	-0.0753538	
4	0	4	1	0	3	0.704807	0.000	-0.655802	
4	0	5	1	0	3	1.55061	0.000	-0.188109	
4	0	6	1	0	3	0.731238	0.000	1.05248	














