##
#  file: HodoPHCParam_Dummy
#  date: 2017.04.10
#  note: first version of E07-Phase2
#
#
#######################################################################
# CId	PlId	Seg	UorD	Type	nParam	p0	p1	...
#
#	Type=0 no correction will be performed
#	Type=1 ct=t-p[0]/sqrt(a-p[1])+p[2]
#	Type=2 ct=p[0]*a*a + p[1]*a + p[2] for Fiber
#
#######################################################################
# BH1 Up                                                              #
#######################################################################
1	0	0	0	0	3	0.0000000	0.0000000	0.0000000
1	0	1	0	0	3	0.0000000	0.0000000	0.0000000
1	0	2	0	0	3	0.8642803	0.0010000	1.0000000
1	0	3	0	0	3	0.7959376	-0.0010000	0.8353518
1	0	4	0	0	3	0.8018581	-0.0009952	0.7338033
1	0	5	0	0	3	0.9120794	-0.0010000	0.8500413
1	0	6	0	0	3	0.8275061	-0.0009996	0.8085753
1	0	7	0	0	3	0.9913537	-0.0009692	0.9190608
1	0	8	0	0	3	0.9498117	-0.0009967	0.7414953
1	0	9	0	0	3	0.0000000	0.0000000	0.0000000
1	0	10	0	0	3	0.0000000	0.0000000	0.0000000
#######################################################################
# BH1 Down                                                            #
#######################################################################
1	0	0	1	0	3	0.0000000	0.0000000	0.0000000
1	0	1	1	0	3	0.0000000	0.0000000	0.0000000
1	0	2	1	0	3	1.1258089	-0.0010000	0.9999988
1	0	3	1	0	3	0.7651991	-0.0010000	0.8098777
1	0	4	1	0	3	0.9388240	-0.0009999	0.8613193
1	0	5	1	0	3	0.9344892	-0.0009986	0.8716140
1	0	6	1	0	3	0.8510645	-0.0010000	0.8060471
1	0	7	1	0	3	0.8958180	0.0009771	0.8267445
1	0	8	1	0	3	0.8952714	-0.0009999	0.7371313
1	0	9	1	0	3	0.0000000	0.0000000	0.0000000
1	0	10	1	0	3	0.0000000	0.0000000	0.0000000
#######################################################################
# BH2 Up                                                              #
#######################################################################
2	0	0	0	0	3	1.5435813	0.0010000	1.4397390
2	0	1	0	0	3	1.5435813	0.0010000	1.4397390
2	0	2	0	0	3	1.5435813	0.0010000	1.4397390
2	0	3	0	0	3	1.5435813	0.0010000	1.4397390
2	0	4	0	0	3	1.5435813	0.0010000	1.4397390
2	0	5	0	0	3	1.5435813	0.0010000	1.4397390
2	0	6	0	0	3	1.5435813	0.0010000	1.4397390
2	0	7	0	0	3	1.5435813	0.0010000	1.4397390
#######################################################################
# BH2 Down                                                            #
#######################################################################
2	0	0	1	0	3	1.5794570	0.0010000	1.4190816
2	0	1	1	0	3	1.5794570	0.0010000	1.4190816
2	0	2	1	0	3	1.5794570	0.0010000	1.4190816
2	0	3	1	0	3	1.5794570	0.0010000	1.4190816
2	0	4	1	0	3	1.5794570	0.0010000	1.4190816
2	0	5	1	0	3	1.5794570	0.0010000	1.4190816
2	0	6	1	0	3	1.5794570	0.0010000	1.4190816
2	0	7	1	0	3	1.5794570	0.0010000	1.4190816
#######################################################################
# SCH                                                                 #
#######################################################################
7	0	0	0	2	3	0.00358974	-0.628914	23.5264
7	0	1	0	2	3	0.00358974	-0.628914	23.5264
7	0	2	0	2	3	0.00358974	-0.628914	23.5264
7	0	3	0	2	3	0.00358974	-0.628914	23.5264
7	0	4	0	2	3	0.00358974	-0.628914	23.5264
7	0	5	0	2	3	0.00358974	-0.628914	23.5264
7	0	6	0	2	3	0.00358974	-0.628914	23.5264
7	0	7	0	2	3	0.00358974	-0.628914	23.5264
7	0	8	0	2	3	0.00358974	-0.628914	23.5264
7	0	9	0	2	3	0.00358974	-0.628914	23.5264
7	0	10	0	2	3	0.00358974	-0.628914	23.5264
7	0	11	0	2	3	0.00358974	-0.628914	23.5264
7	0	12	0	2	3	0.00358974	-0.628914	23.5264
7	0	13	0	2	3	0.00358974	-0.628914	23.5264
7	0	14	0	2	3	0.00358974	-0.628914	23.5264
7	0	15	0	2	3	0.00358974	-0.628914	23.5264
7	0	16	0	2	3	0.00358974	-0.628914	23.5264
7	0	17	0	2	3	0.00358974	-0.628914	23.5264
7	0	18	0	2	3	0.00358974	-0.628914	23.5264
7	0	19	0	2	3	0.00358974	-0.628914	23.5264
7	0	20	0	2	3	0.00358974	-0.628914	23.5264
7	0	21	0	2	3	0.00358974	-0.628914	23.5264
7	0	22	0	2	3	0.00358974	-0.628914	23.5264
7	0	23	0	2	3	0.00358974	-0.628914	23.5264
7	0	24	0	2	3	0.00358974	-0.628914	23.5264
7	0	25	0	2	3	0.00358974	-0.628914	23.5264
7	0	26	0	2	3	0.00358974	-0.628914	23.5264
7	0	27	0	2	3	0.00358974	-0.628914	23.5264
7	0	28	0	2	3	0.00358974	-0.628914	23.5264
7	0	29	0	2	3	0.00358974	-0.628914	23.5264
7	0	30	0	2	3	0.00358974	-0.628914	23.5264
7	0	31	0	2	3	0.00358974	-0.628914	23.5264
7	0	32	0	2	3	0.00358974	-0.628914	23.5264
7	0	33	0	2	3	0.00358974	-0.628914	23.5264
7	0	34	0	2	3	0.00358974	-0.628914	23.5264
7	0	35	0	2	3	0.00358974	-0.628914	23.5264
7	0	36	0	2	3	0.00358974	-0.628914	23.5264
7	0	37	0	2	3	0.00358974	-0.628914	23.5264
7	0	38	0	2	3	0.00358974	-0.628914	23.5264
7	0	39	0	2	3	0.00358974	-0.628914	23.5264
7	0	40	0	2	3	0.00358974	-0.628914	23.5264
7	0	41	0	2	3	0.00358974	-0.628914	23.5264
7	0	42	0	2	3	0.00358974	-0.628914	23.5264
7	0	43	0	2	3	0.00358974	-0.628914	23.5264
7	0	44	0	2	3	0.00358974	-0.628914	23.5264
7	0	45	0	2	3	0.00358974	-0.628914	23.5264
7	0	46	0	2	3	0.00358974	-0.628914	23.5264
7	0	47	0	2	3	0.00358974	-0.628914	23.5264
7	0	48	0	2	3	0.00358974	-0.628914	23.5264
7	0	49	0	2	3	0.00358974	-0.628914	23.5264
7	0	50	0	2	3	0.00358974	-0.628914	23.5264
7	0	51	0	2	3	0.00358974	-0.628914	23.5264
7	0	52	0	2	3	0.00358974	-0.628914	23.5264
7	0	53	0	2	3	0.00358974	-0.628914	23.5264
7	0	54	0	2	3	0.00358974	-0.628914	23.5264
7	0	55	0	2	3	0.00358974	-0.628914	23.5264
7	0	56	0	2	3	0.00358974	-0.628914	23.5264
7	0	57	0	2	3	0.00358974	-0.628914	23.5264
7	0	58	0	2	3	0.00358974	-0.628914	23.5264
7	0	59	0	2	3	0.00358974	-0.628914	23.5264
7	0	60	0	2	3	0.00358974	-0.628914	23.5264
7	0	61	0	2	3	0.00358974	-0.628914	23.5264
7	0	62	0	2	3	0.00358974	-0.628914	23.5264
7	0	63	0	2	3	0.00358974	-0.628914	23.5264
#######################################################################
# TOF Up                                                              #
#######################################################################
8	0	0	0	0	3	0.4987159	0.0010000	0.3601383
8	0	1	0	0	3	0.2933619	0.0010000	0.0407132
8	0	2	0	0	3	0.4671539	0.0010000	0.3220288
8	0	3	0	0	3	0.2000000	-0.0010000	0.0182776
8	0	4	0	0	3	0.7104982	0.0010000	0.5180017
8	0	5	0	0	3	0.2000000	-0.0010000	0.0836576
8	0	6	0	0	3	0.9033570	-0.0010000	0.7186802
8	0	7	0	0	3	0.2000000	-0.0010000	0.0086763
8	0	8	0	0	3	0.5204140	-0.0010000	0.3361086
8	0	9	0	0	3	0.3856566	-0.0010000	0.2088928
8	0	10	0	0	3	0.2000000	-0.0010000	0.0687816
8	0	11	0	0	3	0.2000000	-0.0010000	0.0455868
8	0	12	0	0	3	0.2000000	-0.0010000	0.0612434
8	0	13	0	0	3	0.2000000	-0.0010000	0.1020594
8	0	14	0	0	3	0.5299178	0.0010000	0.5123932
8	0	15	0	0	3	0.2496596	0.0010000	0.1936210
8	0	16	0	0	3	0.4173172	0.0010000	0.3641920
8	0	17	0	0	3	0.7577690	0.0010000	0.6141434
8	0	18	0	0	3	0.2000000	0.0010000	0.1200993
8	0	19	0	0	3	0.2000000	-0.0010000	0.1599853
8	0	20	0	0	3	1.7596427	0.0010000	1.7433909
8	0	21	0	0	3	0.6192919	-0.0010000	0.7040062
8	0	22	0	0	3	1.6308895	0.0010000	1.7222741
8	0	23	0	0	3	0.7759504	-0.0010000	0.8477119
8	0	24	0	0	3	0.5885416	0.0010000	0.4439933
8	0	25	0	0	3	0.2000000	-0.0010000	-0.0367435
8	0	26	0	0	3	0.4141858	0.0010000	0.2826058
8	0	27	0	0	3	0.2000000	-0.0010000	0.0143616
8	0	28	0	0	3	0.6786346	0.0010000	0.4936762
8	0	29	0	0	3	0.2000000	-0.0010000	0.0835769
8	0	30	0	0	3	0.2868938	-0.0010000	0.1125961
8	0	31	0	0	3	0.2848120	-0.0010000	0.0830910
#######################################################################
# TOF Down                                                            #
#######################################################################
8	0	0	1	0	3	0.5885416	0.0010000	0.4439933
8	0	1	1	0	3	0.2000000	-0.0010000	-0.0367435
8	0	2	1	0	3	0.4141858	0.0010000	0.2826058
8	0	3	1	0	3	0.2000000	-0.0010000	0.0143616
8	0	4	1	0	3	0.6786346	0.0010000	0.4936762
8	0	5	1	0	3	0.2000000	-0.0010000	0.0835769
8	0	6	1	0	3	0.2868938	-0.0010000	0.1125961
8	0	7	1	0	3	0.2848120	-0.0010000	0.0830910
8	0	8	1	0	3	0.4790111	-0.0010000	0.2909257
8	0	9	1	0	3	0.2000000	-0.0010000	0.0336278
8	0	10	1	0	3	0.2000000	-0.0008460	0.0550939
8	0	11	1	0	3	0.2000000	-0.0010000	0.0513463
8	0	12	1	0	3	0.2000000	-0.0010000	0.0671911
8	0	13	1	0	3	0.2000000	-0.0010000	0.0886501
8	0	14	1	0	3	0.2000000	-0.0010000	0.1858189
8	0	15	1	0	3	1.0292279	0.0010000	0.9950524
8	0	16	1	0	3	0.7684615	-0.0010000	0.7550897
8	0	17	1	0	3	0.6771175	-0.0010000	0.5523240
8	0	18	1	0	3	0.2000185	0.0009530	0.1582046
8	0	19	1	0	3	0.2000000	-0.0010000	0.1462156
8	0	20	1	0	3	0.7014733	0.0010000	0.5501990
8	0	21	1	0	3	0.6114054	0.0010000	0.6016088
8	0	22	1	0	3	0.7120931	0.0010000	0.8509792
8	0	23	1	0	3	0.3669638	-0.0009720	0.3964890
8	0	24	1	0	3	0.0010000	0.3601383	0.0000000
8	0	25	1	0	3	0.0010000	0.0407132	0.0000000
8	0	26	1	0	3	0.0010000	0.3220288	0.0000000
8	0	27	1	0	3	-0.0010000	0.0182776	0.0000000
8	0	28	1	0	3	0.0010000	0.5180017	0.0000000
8	0	29	1	0	3	-0.0010000	0.0836576	0.0000000
8	0	30	1	0	3	-0.0010000	0.7186802	0.0000000
8	0	31	1	0	3	-0.0010000	0.0086763	0.0000000
#######################################################################
# BFT U                                                               #
#######################################################################
110	0	0	0	2	3	0.00427579	-0.569568	15.4101
110	0	1	0	2	3	0.00427579	-0.569568	15.4101
110	0	2	0	2	3	0.00427579	-0.569568	15.4101
110	0	3	0	2	3	0.00427579	-0.569568	15.4101
110	0	4	0	2	3	0.00427579	-0.569568	15.4101
110	0	5	0	2	3	0.00427579	-0.569568	15.4101
110	0	6	0	2	3	0.00427579	-0.569568	15.4101
110	0	7	0	2	3	0.00427579	-0.569568	15.4101
110	0	8	0	2	3	0.00427579	-0.569568	15.4101
110	0	9	0	2	3	0.00427579	-0.569568	15.4101
110	0	10	0	2	3	0.00427579	-0.569568	15.4101
110	0	11	0	2	3	0.00427579	-0.569568	15.4101
110	0	12	0	2	3	0.00427579	-0.569568	15.4101
110	0	13	0	2	3	0.00427579	-0.569568	15.4101
110	0	14	0	2	3	0.00427579	-0.569568	15.4101
110	0	15	0	2	3	0.00427579	-0.569568	15.4101
110	0	16	0	2	3	0.00427579	-0.569568	15.4101
110	0	17	0	2	3	0.00427579	-0.569568	15.4101
110	0	18	0	2	3	0.00427579	-0.569568	15.4101
110	0	19	0	2	3	0.00427579	-0.569568	15.4101
110	0	20	0	2	3	0.00427579	-0.569568	15.4101
110	0	21	0	2	3	0.00427579	-0.569568	15.4101
110	0	22	0	2	3	0.00427579	-0.569568	15.4101
110	0	23	0	2	3	0.00427579	-0.569568	15.4101
110	0	24	0	2	3	0.00427579	-0.569568	15.4101
110	0	25	0	2	3	0.00427579	-0.569568	15.4101
110	0	26	0	2	3	0.00427579	-0.569568	15.4101
110	0	27	0	2	3	0.00427579	-0.569568	15.4101
110	0	28	0	2	3	0.00427579	-0.569568	15.4101
110	0	29	0	2	3	0.00427579	-0.569568	15.4101
110	0	30	0	2	3	0.00427579	-0.569568	15.4101
110	0	31	0	2	3	0.00427579	-0.569568	15.4101
110	0	32	0	2	3	0.00427579	-0.569568	15.4101
110	0	33	0	2	3	0.00427579	-0.569568	15.4101
110	0	34	0	2	3	0.00427579	-0.569568	15.4101
110	0	35	0	2	3	0.00427579	-0.569568	15.4101
110	0	36	0	2	3	0.00427579	-0.569568	15.4101
110	0	37	0	2	3	0.00427579	-0.569568	15.4101
110	0	38	0	2	3	0.00427579	-0.569568	15.4101
110	0	39	0	2	3	0.00427579	-0.569568	15.4101
110	0	40	0	2	3	0.00427579	-0.569568	15.4101
110	0	41	0	2	3	0.00427579	-0.569568	15.4101
110	0	42	0	2	3	0.00427579	-0.569568	15.4101
110	0	43	0	2	3	0.00427579	-0.569568	15.4101
110	0	44	0	2	3	0.00427579	-0.569568	15.4101
110	0	45	0	2	3	0.00427579	-0.569568	15.4101
110	0	46	0	2	3	0.00427579	-0.569568	15.4101
110	0	47	0	2	3	0.00427579	-0.569568	15.4101
110	0	48	0	2	3	0.00427579	-0.569568	15.4101
110	0	49	0	2	3	0.00427579	-0.569568	15.4101
110	0	50	0	2	3	0.00427579	-0.569568	15.4101
110	0	51	0	2	3	0.00427579	-0.569568	15.4101
110	0	52	0	2	3	0.00427579	-0.569568	15.4101
110	0	53	0	2	3	0.00427579	-0.569568	15.4101
110	0	54	0	2	3	0.00427579	-0.569568	15.4101
110	0	55	0	2	3	0.00427579	-0.569568	15.4101
110	0	56	0	2	3	0.00427579	-0.569568	15.4101
110	0	57	0	2	3	0.00427579	-0.569568	15.4101
110	0	58	0	2	3	0.00427579	-0.569568	15.4101
110	0	59	0	2	3	0.00427579	-0.569568	15.4101
110	0	60	0	2	3	0.00427579	-0.569568	15.4101
110	0	61	0	2	3	0.00427579	-0.569568	15.4101
110	0	62	0	2	3	0.00427579	-0.569568	15.4101
110	0	63	0	2	3	0.00427579	-0.569568	15.4101
110	0	64	0	2	3	0.00427579	-0.569568	15.4101
110	0	65	0	2	3	0.00427579	-0.569568	15.4101
110	0	66	0	2	3	0.00427579	-0.569568	15.4101
110	0	67	0	2	3	0.00427579	-0.569568	15.4101
110	0	68	0	2	3	0.00427579	-0.569568	15.4101
110	0	69	0	2	3	0.00427579	-0.569568	15.4101
110	0	70	0	2	3	0.00427579	-0.569568	15.4101
110	0	71	0	2	3	0.00427579	-0.569568	15.4101
110	0	72	0	2	3	0.00427579	-0.569568	15.4101
110	0	73	0	2	3	0.00427579	-0.569568	15.4101
110	0	74	0	2	3	0.00427579	-0.569568	15.4101
110	0	75	0	2	3	0.00427579	-0.569568	15.4101
110	0	76	0	2	3	0.00427579	-0.569568	15.4101
110	0	77	0	2	3	0.00427579	-0.569568	15.4101
110	0	78	0	2	3	0.00427579	-0.569568	15.4101
110	0	79	0	2	3	0.00427579	-0.569568	15.4101
110	0	80	0	2	3	0.00427579	-0.569568	15.4101
110	0	81	0	2	3	0.00427579	-0.569568	15.4101
110	0	82	0	2	3	0.00427579	-0.569568	15.4101
110	0	83	0	2	3	0.00427579	-0.569568	15.4101
110	0	84	0	2	3	0.00427579	-0.569568	15.4101
110	0	85	0	2	3	0.00427579	-0.569568	15.4101
110	0	86	0	2	3	0.00427579	-0.569568	15.4101
110	0	87	0	2	3	0.00427579	-0.569568	15.4101
110	0	88	0	2	3	0.00427579	-0.569568	15.4101
110	0	89	0	2	3	0.00427579	-0.569568	15.4101
110	0	90	0	2	3	0.00427579	-0.569568	15.4101
110	0	91	0	2	3	0.00427579	-0.569568	15.4101
110	0	92	0	2	3	0.00427579	-0.569568	15.4101
110	0	93	0	2	3	0.00427579	-0.569568	15.4101
110	0	94	0	2	3	0.00427579	-0.569568	15.4101
110	0	95	0	2	3	0.00427579	-0.569568	15.4101
110	0	96	0	2	3	0.00427579	-0.569568	15.4101
110	0	97	0	2	3	0.00427579	-0.569568	15.4101
110	0	98	0	2	3	0.00427579	-0.569568	15.4101
110	0	99	0	2	3	0.00427579	-0.569568	15.4101
110	0	100	0	2	3	0.00427579	-0.569568	15.4101
110	0	101	0	2	3	0.00427579	-0.569568	15.4101
110	0	102	0	2	3	0.00427579	-0.569568	15.4101
110	0	103	0	2	3	0.00427579	-0.569568	15.4101
110	0	104	0	2	3	0.00427579	-0.569568	15.4101
110	0	105	0	2	3	0.00427579	-0.569568	15.4101
110	0	106	0	2	3	0.00427579	-0.569568	15.4101
110	0	107	0	2	3	0.00427579	-0.569568	15.4101
110	0	108	0	2	3	0.00427579	-0.569568	15.4101
110	0	109	0	2	3	0.00427579	-0.569568	15.4101
110	0	110	0	2	3	0.00427579	-0.569568	15.4101
110	0	111	0	2	3	0.00427579	-0.569568	15.4101
110	0	112	0	2	3	0.00427579	-0.569568	15.4101
110	0	113	0	2	3	0.00427579	-0.569568	15.4101
110	0	114	0	2	3	0.00427579	-0.569568	15.4101
110	0	115	0	2	3	0.00427579	-0.569568	15.4101
110	0	116	0	2	3	0.00427579	-0.569568	15.4101
110	0	117	0	2	3	0.00427579	-0.569568	15.4101
110	0	118	0	2	3	0.00427579	-0.569568	15.4101
110	0	119	0	2	3	0.00427579	-0.569568	15.4101
110	0	120	0	2	3	0.00427579	-0.569568	15.4101
110	0	121	0	2	3	0.00427579	-0.569568	15.4101
110	0	122	0	2	3	0.00427579	-0.569568	15.4101
110	0	123	0	2	3	0.00427579	-0.569568	15.4101
110	0	124	0	2	3	0.00427579	-0.569568	15.4101
110	0	125	0	2	3	0.00427579	-0.569568	15.4101
110	0	126	0	2	3	0.00427579	-0.569568	15.4101
110	0	127	0	2	3	0.00427579	-0.569568	15.4101
110	0	128	0	2	3	0.00427579	-0.569568	15.4101
110	0	129	0	2	3	0.00427579	-0.569568	15.4101
110	0	130	0	2	3	0.00427579	-0.569568	15.4101
110	0	131	0	2	3	0.00427579	-0.569568	15.4101
110	0	132	0	2	3	0.00427579	-0.569568	15.4101
110	0	133	0	2	3	0.00427579	-0.569568	15.4101
110	0	134	0	2	3	0.00427579	-0.569568	15.4101
110	0	135	0	2	3	0.00427579	-0.569568	15.4101
110	0	136	0	2	3	0.00427579	-0.569568	15.4101
110	0	137	0	2	3	0.00427579	-0.569568	15.4101
110	0	138	0	2	3	0.00427579	-0.569568	15.4101
110	0	139	0	2	3	0.00427579	-0.569568	15.4101
110	0	140	0	2	3	0.00427579	-0.569568	15.4101
110	0	141	0	2	3	0.00427579	-0.569568	15.4101
110	0	142	0	2	3	0.00427579	-0.569568	15.4101
110	0	143	0	2	3	0.00427579	-0.569568	15.4101
110	0	144	0	2	3	0.00427579	-0.569568	15.4101
110	0	145	0	2	3	0.00427579	-0.569568	15.4101
110	0	146	0	2	3	0.00427579	-0.569568	15.4101
110	0	147	0	2	3	0.00427579	-0.569568	15.4101
110	0	148	0	2	3	0.00427579	-0.569568	15.4101
110	0	149	0	2	3	0.00427579	-0.569568	15.4101
110	0	150	0	2	3	0.00427579	-0.569568	15.4101
110	0	151	0	2	3	0.00427579	-0.569568	15.4101
110	0	152	0	2	3	0.00427579	-0.569568	15.4101
110	0	153	0	2	3	0.00427579	-0.569568	15.4101
110	0	154	0	2	3	0.00427579	-0.569568	15.4101
110	0	155	0	2	3	0.00427579	-0.569568	15.4101
110	0	156	0	2	3	0.00427579	-0.569568	15.4101
110	0	157	0	2	3	0.00427579	-0.569568	15.4101
110	0	158	0	2	3	0.00427579	-0.569568	15.4101
110	0	159	0	2	3	0.00427579	-0.569568	15.4101
#######################################################################
# BFT D                                                               #
#######################################################################
110	1	0	0	2	3	0.00401924	-0.559727	15.6323
110	1	1	0	2	3	0.00401924	-0.559727	15.6323
110	1	2	0	2	3	0.00401924	-0.559727	15.6323
110	1	3	0	2	3	0.00401924	-0.559727	15.6323
110	1	4	0	2	3	0.00401924	-0.559727	15.6323
110	1	5	0	2	3	0.00401924	-0.559727	15.6323
110	1	6	0	2	3	0.00401924	-0.559727	15.6323
110	1	7	0	2	3	0.00401924	-0.559727	15.6323
110	1	8	0	2	3	0.00401924	-0.559727	15.6323
110	1	9	0	2	3	0.00401924	-0.559727	15.6323
110	1	10	0	2	3	0.00401924	-0.559727	15.6323
110	1	11	0	2	3	0.00401924	-0.559727	15.6323
110	1	12	0	2	3	0.00401924	-0.559727	15.6323
110	1	13	0	2	3	0.00401924	-0.559727	15.6323
110	1	14	0	2	3	0.00401924	-0.559727	15.6323
110	1	15	0	2	3	0.00401924	-0.559727	15.6323
110	1	16	0	2	3	0.00401924	-0.559727	15.6323
110	1	17	0	2	3	0.00401924	-0.559727	15.6323
110	1	18	0	2	3	0.00401924	-0.559727	15.6323
110	1	19	0	2	3	0.00401924	-0.559727	15.6323
110	1	20	0	2	3	0.00401924	-0.559727	15.6323
110	1	21	0	2	3	0.00401924	-0.559727	15.6323
110	1	22	0	2	3	0.00401924	-0.559727	15.6323
110	1	23	0	2	3	0.00401924	-0.559727	15.6323
110	1	24	0	2	3	0.00401924	-0.559727	15.6323
110	1	25	0	2	3	0.00401924	-0.559727	15.6323
110	1	26	0	2	3	0.00401924	-0.559727	15.6323
110	1	27	0	2	3	0.00401924	-0.559727	15.6323
110	1	28	0	2	3	0.00401924	-0.559727	15.6323
110	1	29	0	2	3	0.00401924	-0.559727	15.6323
110	1	30	0	2	3	0.00401924	-0.559727	15.6323
110	1	31	0	2	3	0.00401924	-0.559727	15.6323
110	1	32	0	2	3	0.00401924	-0.559727	15.6323
110	1	33	0	2	3	0.00401924	-0.559727	15.6323
110	1	34	0	2	3	0.00401924	-0.559727	15.6323
110	1	35	0	2	3	0.00401924	-0.559727	15.6323
110	1	36	0	2	3	0.00401924	-0.559727	15.6323
110	1	37	0	2	3	0.00401924	-0.559727	15.6323
110	1	38	0	2	3	0.00401924	-0.559727	15.6323
110	1	39	0	2	3	0.00401924	-0.559727	15.6323
110	1	40	0	2	3	0.00401924	-0.559727	15.6323
110	1	41	0	2	3	0.00401924	-0.559727	15.6323
110	1	42	0	2	3	0.00401924	-0.559727	15.6323
110	1	43	0	2	3	0.00401924	-0.559727	15.6323
110	1	44	0	2	3	0.00401924	-0.559727	15.6323
110	1	45	0	2	3	0.00401924	-0.559727	15.6323
110	1	46	0	2	3	0.00401924	-0.559727	15.6323
110	1	47	0	2	3	0.00401924	-0.559727	15.6323
110	1	48	0	2	3	0.00401924	-0.559727	15.6323
110	1	49	0	2	3	0.00401924	-0.559727	15.6323
110	1	50	0	2	3	0.00401924	-0.559727	15.6323
110	1	51	0	2	3	0.00401924	-0.559727	15.6323
110	1	52	0	2	3	0.00401924	-0.559727	15.6323
110	1	53	0	2	3	0.00401924	-0.559727	15.6323
110	1	54	0	2	3	0.00401924	-0.559727	15.6323
110	1	55	0	2	3	0.00401924	-0.559727	15.6323
110	1	56	0	2	3	0.00401924	-0.559727	15.6323
110	1	57	0	2	3	0.00401924	-0.559727	15.6323
110	1	58	0	2	3	0.00401924	-0.559727	15.6323
110	1	59	0	2	3	0.00401924	-0.559727	15.6323
110	1	60	0	2	3	0.00401924	-0.559727	15.6323
110	1	61	0	2	3	0.00401924	-0.559727	15.6323
110	1	62	0	2	3	0.00401924	-0.559727	15.6323
110	1	63	0	2	3	0.00401924	-0.559727	15.6323
110	1	64	0	2	3	0.00401924	-0.559727	15.6323
110	1	65	0	2	3	0.00401924	-0.559727	15.6323
110	1	66	0	2	3	0.00401924	-0.559727	15.6323
110	1	67	0	2	3	0.00401924	-0.559727	15.6323
110	1	68	0	2	3	0.00401924	-0.559727	15.6323
110	1	69	0	2	3	0.00401924	-0.559727	15.6323
110	1	70	0	2	3	0.00401924	-0.559727	15.6323
110	1	71	0	2	3	0.00401924	-0.559727	15.6323
110	1	72	0	2	3	0.00401924	-0.559727	15.6323
110	1	73	0	2	3	0.00401924	-0.559727	15.6323
110	1	74	0	2	3	0.00401924	-0.559727	15.6323
110	1	75	0	2	3	0.00401924	-0.559727	15.6323
110	1	76	0	2	3	0.00401924	-0.559727	15.6323
110	1	77	0	2	3	0.00401924	-0.559727	15.6323
110	1	78	0	2	3	0.00401924	-0.559727	15.6323
110	1	79	0	2	3	0.00401924	-0.559727	15.6323
110	1	80	0	2	3	0.00401924	-0.559727	15.6323
110	1	81	0	2	3	0.00401924	-0.559727	15.6323
110	1	82	0	2	3	0.00401924	-0.559727	15.6323
110	1	83	0	2	3	0.00401924	-0.559727	15.6323
110	1	84	0	2	3	0.00401924	-0.559727	15.6323
110	1	85	0	2	3	0.00401924	-0.559727	15.6323
110	1	86	0	2	3	0.00401924	-0.559727	15.6323
110	1	87	0	2	3	0.00401924	-0.559727	15.6323
110	1	88	0	2	3	0.00401924	-0.559727	15.6323
110	1	89	0	2	3	0.00401924	-0.559727	15.6323
110	1	90	0	2	3	0.00401924	-0.559727	15.6323
110	1	91	0	2	3	0.00401924	-0.559727	15.6323
110	1	92	0	2	3	0.00401924	-0.559727	15.6323
110	1	93	0	2	3	0.00401924	-0.559727	15.6323
110	1	94	0	2	3	0.00401924	-0.559727	15.6323
110	1	95	0	2	3	0.00401924	-0.559727	15.6323
110	1	96	0	2	3	0.00401924	-0.559727	15.6323
110	1	97	0	2	3	0.00401924	-0.559727	15.6323
110	1	98	0	2	3	0.00401924	-0.559727	15.6323
110	1	99	0	2	3	0.00401924	-0.559727	15.6323
110	1	100	0	2	3	0.00401924	-0.559727	15.6323
110	1	101	0	2	3	0.00401924	-0.559727	15.6323
110	1	102	0	2	3	0.00401924	-0.559727	15.6323
110	1	103	0	2	3	0.00401924	-0.559727	15.6323
110	1	104	0	2	3	0.00401924	-0.559727	15.6323
110	1	105	0	2	3	0.00401924	-0.559727	15.6323
110	1	106	0	2	3	0.00401924	-0.559727	15.6323
110	1	107	0	2	3	0.00401924	-0.559727	15.6323
110	1	108	0	2	3	0.00401924	-0.559727	15.6323
110	1	109	0	2	3	0.00401924	-0.559727	15.6323
110	1	110	0	2	3	0.00401924	-0.559727	15.6323
110	1	111	0	2	3	0.00401924	-0.559727	15.6323
110	1	112	0	2	3	0.00401924	-0.559727	15.6323
110	1	113	0	2	3	0.00401924	-0.559727	15.6323
110	1	114	0	2	3	0.00401924	-0.559727	15.6323
110	1	115	0	2	3	0.00401924	-0.559727	15.6323
110	1	116	0	2	3	0.00401924	-0.559727	15.6323
110	1	117	0	2	3	0.00401924	-0.559727	15.6323
110	1	118	0	2	3	0.00401924	-0.559727	15.6323
110	1	119	0	2	3	0.00401924	-0.559727	15.6323
110	1	120	0	2	3	0.00401924	-0.559727	15.6323
110	1	121	0	2	3	0.00401924	-0.559727	15.6323
110	1	122	0	2	3	0.00401924	-0.559727	15.6323
110	1	123	0	2	3	0.00401924	-0.559727	15.6323
110	1	124	0	2	3	0.00401924	-0.559727	15.6323
110	1	125	0	2	3	0.00401924	-0.559727	15.6323
110	1	126	0	2	3	0.00401924	-0.559727	15.6323
110	1	127	0	2	3	0.00401924	-0.559727	15.6323
110	1	128	0	2	3	0.00401924	-0.559727	15.6323
110	1	129	0	2	3	0.00401924	-0.559727	15.6323
110	1	130	0	2	3	0.00401924	-0.559727	15.6323
110	1	131	0	2	3	0.00401924	-0.559727	15.6323
110	1	132	0	2	3	0.00401924	-0.559727	15.6323
110	1	133	0	2	3	0.00401924	-0.559727	15.6323
110	1	134	0	2	3	0.00401924	-0.559727	15.6323
110	1	135	0	2	3	0.00401924	-0.559727	15.6323
110	1	136	0	2	3	0.00401924	-0.559727	15.6323
110	1	137	0	2	3	0.00401924	-0.559727	15.6323
110	1	138	0	2	3	0.00401924	-0.559727	15.6323
110	1	139	0	2	3	0.00401924	-0.559727	15.6323
110	1	140	0	2	3	0.00401924	-0.559727	15.6323
110	1	141	0	2	3	0.00401924	-0.559727	15.6323
110	1	142	0	2	3	0.00401924	-0.559727	15.6323
110	1	143	0	2	3	0.00401924	-0.559727	15.6323
110	1	144	0	2	3	0.00401924	-0.559727	15.6323
110	1	145	0	2	3	0.00401924	-0.559727	15.6323
110	1	146	0	2	3	0.00401924	-0.559727	15.6323
110	1	147	0	2	3	0.00401924	-0.559727	15.6323
110	1	148	0	2	3	0.00401924	-0.559727	15.6323
110	1	149	0	2	3	0.00401924	-0.559727	15.6323
110	1	150	0	2	3	0.00401924	-0.559727	15.6323
110	1	151	0	2	3	0.00401924	-0.559727	15.6323
110	1	152	0	2	3	0.00401924	-0.559727	15.6323
110	1	153	0	2	3	0.00401924	-0.559727	15.6323
110	1	154	0	2	3	0.00401924	-0.559727	15.6323
110	1	155	0	2	3	0.00401924	-0.559727	15.6323
110	1	156	0	2	3	0.00401924	-0.559727	15.6323
110	1	157	0	2	3	0.00401924	-0.559727	15.6323
110	1	158	0	2	3	0.00401924	-0.559727	15.6323
110	1	159	0	2	3	0.00401924	-0.559727	15.6323
#######################################################################
# SFT-V
#######################################################################
111	0	0	0	2	3	0.00339392	-0.577454	20.6063
111	0	1	0	2	3	0.00339392	-0.577454	20.6063
111	0	2	0	2	3	0.00339392	-0.577454	20.6063
111	0	3	0	2	3	0.00339392	-0.577454	20.6063
111	0	4	0	2	3	0.00339392	-0.577454	20.6063
111	0	5	0	2	3	0.00339392	-0.577454	20.6063
111	0	6	0	2	3	0.00339392	-0.577454	20.6063
111	0	7	0	2	3	0.00339392	-0.577454	20.6063
111	0	8	0	2	3	0.00339392	-0.577454	20.6063
111	0	9	0	2	3	0.00339392	-0.577454	20.6063
111	0	10	0	2	3	0.00339392	-0.577454	20.6063
111	0	11	0	2	3	0.00339392	-0.577454	20.6063
111	0	12	0	2	3	0.00339392	-0.577454	20.6063
111	0	13	0	2	3	0.00339392	-0.577454	20.6063
111	0	14	0	2	3	0.00339392	-0.577454	20.6063
111	0	15	0	2	3	0.00339392	-0.577454	20.6063
111	0	16	0	2	3	0.00339392	-0.577454	20.6063
111	0	17	0	2	3	0.00339392	-0.577454	20.6063
111	0	18	0	2	3	0.00339392	-0.577454	20.6063
111	0	19	0	2	3	0.00339392	-0.577454	20.6063
111	0	20	0	2	3	0.00339392	-0.577454	20.6063
111	0	21	0	2	3	0.00339392	-0.577454	20.6063
111	0	22	0	2	3	0.00339392	-0.577454	20.6063
111	0	23	0	2	3	0.00339392	-0.577454	20.6063
111	0	24	0	2	3	0.00339392	-0.577454	20.6063
111	0	25	0	2	3	0.00339392	-0.577454	20.6063
111	0	26	0	2	3	0.00339392	-0.577454	20.6063
111	0	27	0	2	3	0.00339392	-0.577454	20.6063
111	0	28	0	2	3	0.00339392	-0.577454	20.6063
111	0	29	0	2	3	0.00339392	-0.577454	20.6063
111	0	30	0	2	3	0.00339392	-0.577454	20.6063
111	0	31	0	2	3	0.00339392	-0.577454	20.6063
111	0	32	0	2	3	0.00339392	-0.577454	20.6063
111	0	33	0	2	3	0.00339392	-0.577454	20.6063
111	0	34	0	2	3	0.00339392	-0.577454	20.6063
111	0	35	0	2	3	0.00339392	-0.577454	20.6063
111	0	36	0	2	3	0.00339392	-0.577454	20.6063
111	0	37	0	2	3	0.00339392	-0.577454	20.6063
111	0	38	0	2	3	0.00339392	-0.577454	20.6063
111	0	39	0	2	3	0.00339392	-0.577454	20.6063
111	0	40	0	2	3	0.00339392	-0.577454	20.6063
111	0	41	0	2	3	0.00339392	-0.577454	20.6063
111	0	42	0	2	3	0.00339392	-0.577454	20.6063
111	0	43	0	2	3	0.00339392	-0.577454	20.6063
111	0	44	0	2	3	0.00339392	-0.577454	20.6063
111	0	45	0	2	3	0.00339392	-0.577454	20.6063
111	0	46	0	2	3	0.00339392	-0.577454	20.6063
111	0	47	0	2	3	0.00339392	-0.577454	20.6063
111	0	48	0	2	3	0.00339392	-0.577454	20.6063
111	0	49	0	2	3	0.00339392	-0.577454	20.6063
111	0	50	0	2	3	0.00339392	-0.577454	20.6063
111	0	51	0	2	3	0.00339392	-0.577454	20.6063
111	0	52	0	2	3	0.00339392	-0.577454	20.6063
111	0	53	0	2	3	0.00339392	-0.577454	20.6063
111	0	54	0	2	3	0.00339392	-0.577454	20.6063
111	0	55	0	2	3	0.00339392	-0.577454	20.6063
111	0	56	0	2	3	0.00339392	-0.577454	20.6063
111	0	57	0	2	3	0.00339392	-0.577454	20.6063
111	0	58	0	2	3	0.00339392	-0.577454	20.6063
111	0	59	0	2	3	0.00339392	-0.577454	20.6063
111	0	60	0	2	3	0.00339392	-0.577454	20.6063
111	0	61	0	2	3	0.00339392	-0.577454	20.6063
111	0	62	0	2	3	0.00339392	-0.577454	20.6063
111	0	63	0	2	3	0.00339392	-0.577454	20.6063
111	0	64	0	2	3	0.00339392	-0.577454	20.6063
111	0	65	0	2	3	0.00339392	-0.577454	20.6063
111	0	66	0	2	3	0.00339392	-0.577454	20.6063
111	0	67	0	2	3	0.00339392	-0.577454	20.6063
111	0	68	0	2	3	0.00339392	-0.577454	20.6063
111	0	69	0	2	3	0.00339392	-0.577454	20.6063
111	0	70	0	2	3	0.00339392	-0.577454	20.6063
111	0	71	0	2	3	0.00339392	-0.577454	20.6063
111	0	72	0	2	3	0.00339392	-0.577454	20.6063
111	0	73	0	2	3	0.00339392	-0.577454	20.6063
111	0	74	0	2	3	0.00339392	-0.577454	20.6063
111	0	75	0	2	3	0.00339392	-0.577454	20.6063
111	0	76	0	2	3	0.00339392	-0.577454	20.6063
111	0	77	0	2	3	0.00339392	-0.577454	20.6063
111	0	78	0	2	3	0.00339392	-0.577454	20.6063
111	0	79	0	2	3	0.00339392	-0.577454	20.6063
111	0	80	0	2	3	0.00339392	-0.577454	20.6063
111	0	81	0	2	3	0.00339392	-0.577454	20.6063
111	0	82	0	2	3	0.00339392	-0.577454	20.6063
111	0	83	0	2	3	0.00339392	-0.577454	20.6063
111	0	84	0	2	3	0.00339392	-0.577454	20.6063
111	0	85	0	2	3	0.00339392	-0.577454	20.6063
111	0	86	0	2	3	0.00339392	-0.577454	20.6063
111	0	87	0	2	3	0.00339392	-0.577454	20.6063
111	0	88	0	2	3	0.00339392	-0.577454	20.6063
111	0	89	0	2	3	0.00339392	-0.577454	20.6063
111	0	90	0	2	3	0.00339392	-0.577454	20.6063
111	0	91	0	2	3	0.00339392	-0.577454	20.6063
111	0	92	0	2	3	0.00339392	-0.577454	20.6063
111	0	93	0	2	3	0.00339392	-0.577454	20.6063
111	0	94	0	2	3	0.00339392	-0.577454	20.6063
111	0	95	0	2	3	0.00339392	-0.577454	20.6063
111	0	96	0	2	3	0.00339392	-0.577454	20.6063
111	0	97	0	2	3	0.00339392	-0.577454	20.6063
111	0	98	0	2	3	0.00339392	-0.577454	20.6063
111	0	99	0	2	3	0.00339392	-0.577454	20.6063
111	0	100	0	2	3	0.00339392	-0.577454	20.6063
111	0	101	0	2	3	0.00339392	-0.577454	20.6063
111	0	102	0	2	3	0.00339392	-0.577454	20.6063
111	0	103	0	2	3	0.00339392	-0.577454	20.6063
111	0	104	0	2	3	0.00339392	-0.577454	20.6063
111	0	105	0	2	3	0.00339392	-0.577454	20.6063
111	0	106	0	2	3	0.00339392	-0.577454	20.6063
111	0	107	0	2	3	0.00339392	-0.577454	20.6063
111	0	108	0	2	3	0.00339392	-0.577454	20.6063
111	0	109	0	2	3	0.00339392	-0.577454	20.6063
111	0	110	0	2	3	0.00339392	-0.577454	20.6063
111	0	111	0	2	3	0.00339392	-0.577454	20.6063
111	0	112	0	2	3	0.00339392	-0.577454	20.6063
111	0	113	0	2	3	0.00339392	-0.577454	20.6063
111	0	114	0	2	3	0.00339392	-0.577454	20.6063
111	0	115	0	2	3	0.00339392	-0.577454	20.6063
111	0	116	0	2	3	0.00339392	-0.577454	20.6063
111	0	117	0	2	3	0.00339392	-0.577454	20.6063
111	0	118	0	2	3	0.00339392	-0.577454	20.6063
111	0	119	0	2	3	0.00339392	-0.577454	20.6063
111	0	120	0	2	3	0.00339392	-0.577454	20.6063
111	0	121	0	2	3	0.00339392	-0.577454	20.6063
111	0	122	0	2	3	0.00339392	-0.577454	20.6063
111	0	123	0	2	3	0.00339392	-0.577454	20.6063
111	0	124	0	2	3	0.00339392	-0.577454	20.6063
111	0	125	0	2	3	0.00339392	-0.577454	20.6063
111	0	126	0	2	3	0.00339392	-0.577454	20.6063
111	0	127	0	2	3	0.00339392	-0.577454	20.6063
111	0	128	0	2	3	0.00339392	-0.577454	20.6063
111	0	129	0	2	3	0.00339392	-0.577454	20.6063
111	0	130	0	2	3	0.00339392	-0.577454	20.6063
111	0	131	0	2	3	0.00339392	-0.577454	20.6063
111	0	132	0	2	3	0.00339392	-0.577454	20.6063
111	0	133	0	2	3	0.00339392	-0.577454	20.6063
111	0	134	0	2	3	0.00339392	-0.577454	20.6063
111	0	135	0	2	3	0.00339392	-0.577454	20.6063
111	0	136	0	2	3	0.00339392	-0.577454	20.6063
111	0	137	0	2	3	0.00339392	-0.577454	20.6063
111	0	138	0	2	3	0.00339392	-0.577454	20.6063
111	0	139	0	2	3	0.00339392	-0.577454	20.6063
111	0	140	0	2	3	0.00339392	-0.577454	20.6063
111	0	141	0	2	3	0.00339392	-0.577454	20.6063
111	0	142	0	2	3	0.00339392	-0.577454	20.6063
111	0	143	0	2	3	0.00339392	-0.577454	20.6063
111	0	144	0	2	3	0.00339392	-0.577454	20.6063
111	0	145	0	2	3	0.00339392	-0.577454	20.6063
111	0	146	0	2	3	0.00339392	-0.577454	20.6063
111	0	147	0	2	3	0.00339392	-0.577454	20.6063
111	0	148	0	2	3	0.00339392	-0.577454	20.6063
111	0	149	0	2	3	0.00339392	-0.577454	20.6063
111	0	150	0	2	3	0.00339392	-0.577454	20.6063
111	0	151	0	2	3	0.00339392	-0.577454	20.6063
111	0	152	0	2	3	0.00339392	-0.577454	20.6063
111	0	153	0	2	3	0.00339392	-0.577454	20.6063
111	0	154	0	2	3	0.00339392	-0.577454	20.6063
111	0	155	0	2	3	0.00339392	-0.577454	20.6063
111	0	156	0	2	3	0.00339392	-0.577454	20.6063
111	0	157	0	2	3	0.00339392	-0.577454	20.6063
111	0	158	0	2	3	0.00339392	-0.577454	20.6063
111	0	159	0	2	3	0.00339392	-0.577454	20.6063
111	0	160	0	2	3	0.00339392	-0.577454	20.6063
111	0	161	0	2	3	0.00339392	-0.577454	20.6063
111	0	162	0	2	3	0.00339392	-0.577454	20.6063
111	0	163	0	2	3	0.00339392	-0.577454	20.6063
111	0	164	0	2	3	0.00339392	-0.577454	20.6063
111	0	165	0	2	3	0.00339392	-0.577454	20.6063
111	0	166	0	2	3	0.00339392	-0.577454	20.6063
111	0	167	0	2	3	0.00339392	-0.577454	20.6063
111	0	168	0	2	3	0.00339392	-0.577454	20.6063
111	0	169	0	2	3	0.00339392	-0.577454	20.6063
111	0	170	0	2	3	0.00339392	-0.577454	20.6063
111	0	171	0	2	3	0.00339392	-0.577454	20.6063
111	0	172	0	2	3	0.00339392	-0.577454	20.6063
111	0	173	0	2	3	0.00339392	-0.577454	20.6063
111	0	174	0	2	3	0.00339392	-0.577454	20.6063
111	0	175	0	2	3	0.00339392	-0.577454	20.6063
111	0	176	0	2	3	0.00339392	-0.577454	20.6063
111	0	177	0	2	3	0.00339392	-0.577454	20.6063
111	0	178	0	2	3	0.00339392	-0.577454	20.6063
111	0	179	0	2	3	0.00339392	-0.577454	20.6063
111	0	180	0	2	3	0.00339392	-0.577454	20.6063
111	0	181	0	2	3	0.00339392	-0.577454	20.6063
111	0	182	0	2	3	0.00339392	-0.577454	20.6063
111	0	183	0	2	3	0.00339392	-0.577454	20.6063
111	0	184	0	2	3	0.00339392	-0.577454	20.6063
111	0	185	0	2	3	0.00339392	-0.577454	20.6063
111	0	186	0	2	3	0.00339392	-0.577454	20.6063
111	0	187	0	2	3	0.00339392	-0.577454	20.6063
111	0	188	0	2	3	0.00339392	-0.577454	20.6063
111	0	189	0	2	3	0.00339392	-0.577454	20.6063
111	0	190	0	2	3	0.00339392	-0.577454	20.6063
111	0	191	0	2	3	0.00339392	-0.577454	20.6063
111	0	192	0	2	3	0.00339392	-0.577454	20.6063
111	0	193	0	2	3	0.00339392	-0.577454	20.6063
111	0	194	0	2	3	0.00339392	-0.577454	20.6063
111	0	195	0	2	3	0.00339392	-0.577454	20.6063
111	0	196	0	2	3	0.00339392	-0.577454	20.6063
111	0	197	0	2	3	0.00339392	-0.577454	20.6063
111	0	198	0	2	3	0.00339392	-0.577454	20.6063
111	0	199	0	2	3	0.00339392	-0.577454	20.6063
111	0	200	0	2	3	0.00339392	-0.577454	20.6063
111	0	201	0	2	3	0.00339392	-0.577454	20.6063
111	0	202	0	2	3	0.00339392	-0.577454	20.6063
111	0	203	0	2	3	0.00339392	-0.577454	20.6063
111	0	204	0	2	3	0.00339392	-0.577454	20.6063
111	0	205	0	2	3	0.00339392	-0.577454	20.6063
111	0	206	0	2	3	0.00339392	-0.577454	20.6063
111	0	207	0	2	3	0.00339392	-0.577454	20.6063
111	0	208	0	2	3	0.00339392	-0.577454	20.6063
111	0	209	0	2	3	0.00339392	-0.577454	20.6063
111	0	210	0	2	3	0.00339392	-0.577454	20.6063
111	0	211	0	2	3	0.00339392	-0.577454	20.6063
111	0	212	0	2	3	0.00339392	-0.577454	20.6063
111	0	213	0	2	3	0.00339392	-0.577454	20.6063
111	0	214	0	2	3	0.00339392	-0.577454	20.6063
111	0	215	0	2	3	0.00339392	-0.577454	20.6063
111	0	216	0	2	3	0.00339392	-0.577454	20.6063
111	0	217	0	2	3	0.00339392	-0.577454	20.6063
111	0	218	0	2	3	0.00339392	-0.577454	20.6063
111	0	219	0	2	3	0.00339392	-0.577454	20.6063
111	0	220	0	2	3	0.00339392	-0.577454	20.6063
111	0	221	0	2	3	0.00339392	-0.577454	20.6063
111	0	222	0	2	3	0.00339392	-0.577454	20.6063
111	0	223	0	2	3	0.00339392	-0.577454	20.6063
111	0	224	0	2	3	0.00339392	-0.577454	20.6063
111	0	225	0	2	3	0.00339392	-0.577454	20.6063
111	0	226	0	2	3	0.00339392	-0.577454	20.6063
111	0	227	0	2	3	0.00339392	-0.577454	20.6063
111	0	228	0	2	3	0.00339392	-0.577454	20.6063
111	0	229	0	2	3	0.00339392	-0.577454	20.6063
111	0	230	0	2	3	0.00339392	-0.577454	20.6063
111	0	231	0	2	3	0.00339392	-0.577454	20.6063
111	0	232	0	2	3	0.00339392	-0.577454	20.6063
111	0	233	0	2	3	0.00339392	-0.577454	20.6063
111	0	234	0	2	3	0.00339392	-0.577454	20.6063
111	0	235	0	2	3	0.00339392	-0.577454	20.6063
111	0	236	0	2	3	0.00339392	-0.577454	20.6063
111	0	237	0	2	3	0.00339392	-0.577454	20.6063
111	0	238	0	2	3	0.00339392	-0.577454	20.6063
111	0	239	0	2	3	0.00339392	-0.577454	20.6063
111	0	240	0	2	3	0.00339392	-0.577454	20.6063
111	0	241	0	2	3	0.00339392	-0.577454	20.6063
111	0	242	0	2	3	0.00339392	-0.577454	20.6063
111	0	243	0	2	3	0.00339392	-0.577454	20.6063
111	0	244	0	2	3	0.00339392	-0.577454	20.6063
111	0	245	0	2	3	0.00339392	-0.577454	20.6063
111	0	246	0	2	3	0.00339392	-0.577454	20.6063
111	0	247	0	2	3	0.00339392	-0.577454	20.6063
111	0	248	0	2	3	0.00339392	-0.577454	20.6063
111	0	249	0	2	3	0.00339392	-0.577454	20.6063
111	0	250	0	2	3	0.00339392	-0.577454	20.6063
111	0	251	0	2	3	0.00339392	-0.577454	20.6063
111	0	252	0	2	3	0.00339392	-0.577454	20.6063
111	0	253	0	2	3	0.00339392	-0.577454	20.6063
111	0	254	0	2	3	0.00339392	-0.577454	20.6063
111	0	255	0	2	3	0.00339392	-0.577454	20.6063
111	0	256	0	2	3	0.00339392	-0.577454	20.6063
111	0	257	0	2	3	0.00339392	-0.577454	20.6063
111	0	258	0	2	3	0.00339392	-0.577454	20.6063
111	0	259	0	2	3	0.00339392	-0.577454	20.6063
111	0	260	0	2	3	0.00339392	-0.577454	20.6063
111	0	261	0	2	3	0.00339392	-0.577454	20.6063
111	0	262	0	2	3	0.00339392	-0.577454	20.6063
111	0	263	0	2	3	0.00339392	-0.577454	20.6063
111	0	264	0	2	3	0.00339392	-0.577454	20.6063
111	0	265	0	2	3	0.00339392	-0.577454	20.6063
111	0	266	0	2	3	0.00339392	-0.577454	20.6063
111	0	267	0	2	3	0.00339392	-0.577454	20.6063
111	0	268	0	2	3	0.00339392	-0.577454	20.6063
111	0	269	0	2	3	0.00339392	-0.577454	20.6063
111	0	270	0	2	3	0.00339392	-0.577454	20.6063
111	0	271	0	2	3	0.00339392	-0.577454	20.6063
111	0	272	0	2	3	0.00339392	-0.577454	20.6063
111	0	273	0	2	3	0.00339392	-0.577454	20.6063
111	0	274	0	2	3	0.00339392	-0.577454	20.6063
111	0	275	0	2	3	0.00339392	-0.577454	20.6063
111	0	276	0	2	3	0.00339392	-0.577454	20.6063
111	0	277	0	2	3	0.00339392	-0.577454	20.6063
111	0	278	0	2	3	0.00339392	-0.577454	20.6063
111	0	279	0	2	3	0.00339392	-0.577454	20.6063
111	0	280	0	2	3	0.00339392	-0.577454	20.6063
111	0	281	0	2	3	0.00339392	-0.577454	20.6063
111	0	282	0	2	3	0.00339392	-0.577454	20.6063
111	0	283	0	2	3	0.00339392	-0.577454	20.6063
111	0	284	0	2	3	0.00339392	-0.577454	20.6063
111	0	285	0	2	3	0.00339392	-0.577454	20.6063
111	0	286	0	2	3	0.00339392	-0.577454	20.6063
111	0	287	0	2	3	0.00339392	-0.577454	20.6063
111	0	288	0	2	3	0.00339392	-0.577454	20.6063
111	0	289	0	2	3	0.00339392	-0.577454	20.6063
111	0	290	0	2	3	0.00339392	-0.577454	20.6063
111	0	291	0	2	3	0.00339392	-0.577454	20.6063
111	0	292	0	2	3	0.00339392	-0.577454	20.6063
111	0	293	0	2	3	0.00339392	-0.577454	20.6063
111	0	294	0	2	3	0.00339392	-0.577454	20.6063
111	0	295	0	2	3	0.00339392	-0.577454	20.6063
111	0	296	0	2	3	0.00339392	-0.577454	20.6063
111	0	297	0	2	3	0.00339392	-0.577454	20.6063
111	0	298	0	2	3	0.00339392	-0.577454	20.6063
111	0	299	0	2	3	0.00339392	-0.577454	20.6063
111	0	300	0	2	3	0.00339392	-0.577454	20.6063
111	0	301	0	2	3	0.00339392	-0.577454	20.6063
111	0	302	0	2	3	0.00339392	-0.577454	20.6063
111	0	303	0	2	3	0.00339392	-0.577454	20.6063
111	0	304	0	2	3	0.00339392	-0.577454	20.6063
111	0	305	0	2	3	0.00339392	-0.577454	20.6063
111	0	306	0	2	3	0.00339392	-0.577454	20.6063
111	0	307	0	2	3	0.00339392	-0.577454	20.6063
111	0	308	0	2	3	0.00339392	-0.577454	20.6063
111	0	309	0	2	3	0.00339392	-0.577454	20.6063
111	0	310	0	2	3	0.00339392	-0.577454	20.6063
111	0	311	0	2	3	0.00339392	-0.577454	20.6063
111	0	312	0	2	3	0.00339392	-0.577454	20.6063
111	0	313	0	2	3	0.00339392	-0.577454	20.6063
111	0	314	0	2	3	0.00339392	-0.577454	20.6063
111	0	315	0	2	3	0.00339392	-0.577454	20.6063
111	0	316	0	2	3	0.00339392	-0.577454	20.6063
111	0	317	0	2	3	0.00339392	-0.577454	20.6063
111	0	318	0	2	3	0.00339392	-0.577454	20.6063
111	0	319	0	2	3	0.00339392	-0.577454	20.6063
#######################################################################
# SFT-U
#######################################################################
111	1	0	0	2	3	0.00335546	-0.565326	19.8013
111	1	1	0	2	3	0.00335546	-0.565326	19.8013
111	1	2	0	2	3	0.00335546	-0.565326	19.8013
111	1	3	0	2	3	0.00335546	-0.565326	19.8013
111	1	4	0	2	3	0.00335546	-0.565326	19.8013
111	1	5	0	2	3	0.00335546	-0.565326	19.8013
111	1	6	0	2	3	0.00335546	-0.565326	19.8013
111	1	7	0	2	3	0.00335546	-0.565326	19.8013
111	1	8	0	2	3	0.00335546	-0.565326	19.8013
111	1	9	0	2	3	0.00335546	-0.565326	19.8013
111	1	10	0	2	3	0.00335546	-0.565326	19.8013
111	1	11	0	2	3	0.00335546	-0.565326	19.8013
111	1	12	0	2	3	0.00335546	-0.565326	19.8013
111	1	13	0	2	3	0.00335546	-0.565326	19.8013
111	1	14	0	2	3	0.00335546	-0.565326	19.8013
111	1	15	0	2	3	0.00335546	-0.565326	19.8013
111	1	16	0	2	3	0.00335546	-0.565326	19.8013
111	1	17	0	2	3	0.00335546	-0.565326	19.8013
111	1	18	0	2	3	0.00335546	-0.565326	19.8013
111	1	19	0	2	3	0.00335546	-0.565326	19.8013
111	1	20	0	2	3	0.00335546	-0.565326	19.8013
111	1	21	0	2	3	0.00335546	-0.565326	19.8013
111	1	22	0	2	3	0.00335546	-0.565326	19.8013
111	1	23	0	2	3	0.00335546	-0.565326	19.8013
111	1	24	0	2	3	0.00335546	-0.565326	19.8013
111	1	25	0	2	3	0.00335546	-0.565326	19.8013
111	1	26	0	2	3	0.00335546	-0.565326	19.8013
111	1	27	0	2	3	0.00335546	-0.565326	19.8013
111	1	28	0	2	3	0.00335546	-0.565326	19.8013
111	1	29	0	2	3	0.00335546	-0.565326	19.8013
111	1	30	0	2	3	0.00335546	-0.565326	19.8013
111	1	31	0	2	3	0.00335546	-0.565326	19.8013
111	1	32	0	2	3	0.00335546	-0.565326	19.8013
111	1	33	0	2	3	0.00335546	-0.565326	19.8013
111	1	34	0	2	3	0.00335546	-0.565326	19.8013
111	1	35	0	2	3	0.00335546	-0.565326	19.8013
111	1	36	0	2	3	0.00335546	-0.565326	19.8013
111	1	37	0	2	3	0.00335546	-0.565326	19.8013
111	1	38	0	2	3	0.00335546	-0.565326	19.8013
111	1	39	0	2	3	0.00335546	-0.565326	19.8013
111	1	40	0	2	3	0.00335546	-0.565326	19.8013
111	1	41	0	2	3	0.00335546	-0.565326	19.8013
111	1	42	0	2	3	0.00335546	-0.565326	19.8013
111	1	43	0	2	3	0.00335546	-0.565326	19.8013
111	1	44	0	2	3	0.00335546	-0.565326	19.8013
111	1	45	0	2	3	0.00335546	-0.565326	19.8013
111	1	46	0	2	3	0.00335546	-0.565326	19.8013
111	1	47	0	2	3	0.00335546	-0.565326	19.8013
111	1	48	0	2	3	0.00335546	-0.565326	19.8013
111	1	49	0	2	3	0.00335546	-0.565326	19.8013
111	1	50	0	2	3	0.00335546	-0.565326	19.8013
111	1	51	0	2	3	0.00335546	-0.565326	19.8013
111	1	52	0	2	3	0.00335546	-0.565326	19.8013
111	1	53	0	2	3	0.00335546	-0.565326	19.8013
111	1	54	0	2	3	0.00335546	-0.565326	19.8013
111	1	55	0	2	3	0.00335546	-0.565326	19.8013
111	1	56	0	2	3	0.00335546	-0.565326	19.8013
111	1	57	0	2	3	0.00335546	-0.565326	19.8013
111	1	58	0	2	3	0.00335546	-0.565326	19.8013
111	1	59	0	2	3	0.00335546	-0.565326	19.8013
111	1	60	0	2	3	0.00335546	-0.565326	19.8013
111	1	61	0	2	3	0.00335546	-0.565326	19.8013
111	1	62	0	2	3	0.00335546	-0.565326	19.8013
111	1	63	0	2	3	0.00335546	-0.565326	19.8013
111	1	64	0	2	3	0.00335546	-0.565326	19.8013
111	1	65	0	2	3	0.00335546	-0.565326	19.8013
111	1	66	0	2	3	0.00335546	-0.565326	19.8013
111	1	67	0	2	3	0.00335546	-0.565326	19.8013
111	1	68	0	2	3	0.00335546	-0.565326	19.8013
111	1	69	0	2	3	0.00335546	-0.565326	19.8013
111	1	70	0	2	3	0.00335546	-0.565326	19.8013
111	1	71	0	2	3	0.00335546	-0.565326	19.8013
111	1	72	0	2	3	0.00335546	-0.565326	19.8013
111	1	73	0	2	3	0.00335546	-0.565326	19.8013
111	1	74	0	2	3	0.00335546	-0.565326	19.8013
111	1	75	0	2	3	0.00335546	-0.565326	19.8013
111	1	76	0	2	3	0.00335546	-0.565326	19.8013
111	1	77	0	2	3	0.00335546	-0.565326	19.8013
111	1	78	0	2	3	0.00335546	-0.565326	19.8013
111	1	79	0	2	3	0.00335546	-0.565326	19.8013
111	1	80	0	2	3	0.00335546	-0.565326	19.8013
111	1	81	0	2	3	0.00335546	-0.565326	19.8013
111	1	82	0	2	3	0.00335546	-0.565326	19.8013
111	1	83	0	2	3	0.00335546	-0.565326	19.8013
111	1	84	0	2	3	0.00335546	-0.565326	19.8013
111	1	85	0	2	3	0.00335546	-0.565326	19.8013
111	1	86	0	2	3	0.00335546	-0.565326	19.8013
111	1	87	0	2	3	0.00335546	-0.565326	19.8013
111	1	88	0	2	3	0.00335546	-0.565326	19.8013
111	1	89	0	2	3	0.00335546	-0.565326	19.8013
111	1	90	0	2	3	0.00335546	-0.565326	19.8013
111	1	91	0	2	3	0.00335546	-0.565326	19.8013
111	1	92	0	2	3	0.00335546	-0.565326	19.8013
111	1	93	0	2	3	0.00335546	-0.565326	19.8013
111	1	94	0	2	3	0.00335546	-0.565326	19.8013
111	1	95	0	2	3	0.00335546	-0.565326	19.8013
111	1	96	0	2	3	0.00335546	-0.565326	19.8013
111	1	97	0	2	3	0.00335546	-0.565326	19.8013
111	1	98	0	2	3	0.00335546	-0.565326	19.8013
111	1	99	0	2	3	0.00335546	-0.565326	19.8013
111	1	100	0	2	3	0.00335546	-0.565326	19.8013
111	1	101	0	2	3	0.00335546	-0.565326	19.8013
111	1	102	0	2	3	0.00335546	-0.565326	19.8013
111	1	103	0	2	3	0.00335546	-0.565326	19.8013
111	1	104	0	2	3	0.00335546	-0.565326	19.8013
111	1	105	0	2	3	0.00335546	-0.565326	19.8013
111	1	106	0	2	3	0.00335546	-0.565326	19.8013
111	1	107	0	2	3	0.00335546	-0.565326	19.8013
111	1	108	0	2	3	0.00335546	-0.565326	19.8013
111	1	109	0	2	3	0.00335546	-0.565326	19.8013
111	1	110	0	2	3	0.00335546	-0.565326	19.8013
111	1	111	0	2	3	0.00335546	-0.565326	19.8013
111	1	112	0	2	3	0.00335546	-0.565326	19.8013
111	1	113	0	2	3	0.00335546	-0.565326	19.8013
111	1	114	0	2	3	0.00335546	-0.565326	19.8013
111	1	115	0	2	3	0.00335546	-0.565326	19.8013
111	1	116	0	2	3	0.00335546	-0.565326	19.8013
111	1	117	0	2	3	0.00335546	-0.565326	19.8013
111	1	118	0	2	3	0.00335546	-0.565326	19.8013
111	1	119	0	2	3	0.00335546	-0.565326	19.8013
111	1	120	0	2	3	0.00335546	-0.565326	19.8013
111	1	121	0	2	3	0.00335546	-0.565326	19.8013
111	1	122	0	2	3	0.00335546	-0.565326	19.8013
111	1	123	0	2	3	0.00335546	-0.565326	19.8013
111	1	124	0	2	3	0.00335546	-0.565326	19.8013
111	1	125	0	2	3	0.00335546	-0.565326	19.8013
111	1	126	0	2	3	0.00335546	-0.565326	19.8013
111	1	127	0	2	3	0.00335546	-0.565326	19.8013
111	1	128	0	2	3	0.00335546	-0.565326	19.8013
111	1	129	0	2	3	0.00335546	-0.565326	19.8013
111	1	130	0	2	3	0.00335546	-0.565326	19.8013
111	1	131	0	2	3	0.00335546	-0.565326	19.8013
111	1	132	0	2	3	0.00335546	-0.565326	19.8013
111	1	133	0	2	3	0.00335546	-0.565326	19.8013
111	1	134	0	2	3	0.00335546	-0.565326	19.8013
111	1	135	0	2	3	0.00335546	-0.565326	19.8013
111	1	136	0	2	3	0.00335546	-0.565326	19.8013
111	1	137	0	2	3	0.00335546	-0.565326	19.8013
111	1	138	0	2	3	0.00335546	-0.565326	19.8013
111	1	139	0	2	3	0.00335546	-0.565326	19.8013
111	1	140	0	2	3	0.00335546	-0.565326	19.8013
111	1	141	0	2	3	0.00335546	-0.565326	19.8013
111	1	142	0	2	3	0.00335546	-0.565326	19.8013
111	1	143	0	2	3	0.00335546	-0.565326	19.8013
111	1	144	0	2	3	0.00335546	-0.565326	19.8013
111	1	145	0	2	3	0.00335546	-0.565326	19.8013
111	1	146	0	2	3	0.00335546	-0.565326	19.8013
111	1	147	0	2	3	0.00335546	-0.565326	19.8013
111	1	148	0	2	3	0.00335546	-0.565326	19.8013
111	1	149	0	2	3	0.00335546	-0.565326	19.8013
111	1	150	0	2	3	0.00335546	-0.565326	19.8013
111	1	151	0	2	3	0.00335546	-0.565326	19.8013
111	1	152	0	2	3	0.00335546	-0.565326	19.8013
111	1	153	0	2	3	0.00335546	-0.565326	19.8013
111	1	154	0	2	3	0.00335546	-0.565326	19.8013
111	1	155	0	2	3	0.00335546	-0.565326	19.8013
111	1	156	0	2	3	0.00335546	-0.565326	19.8013
111	1	157	0	2	3	0.00335546	-0.565326	19.8013
111	1	158	0	2	3	0.00335546	-0.565326	19.8013
111	1	159	0	2	3	0.00335546	-0.565326	19.8013
111	1	160	0	2	3	0.00335546	-0.565326	19.8013
111	1	161	0	2	3	0.00335546	-0.565326	19.8013
111	1	162	0	2	3	0.00335546	-0.565326	19.8013
111	1	163	0	2	3	0.00335546	-0.565326	19.8013
111	1	164	0	2	3	0.00335546	-0.565326	19.8013
111	1	165	0	2	3	0.00335546	-0.565326	19.8013
111	1	166	0	2	3	0.00335546	-0.565326	19.8013
111	1	167	0	2	3	0.00335546	-0.565326	19.8013
111	1	168	0	2	3	0.00335546	-0.565326	19.8013
111	1	169	0	2	3	0.00335546	-0.565326	19.8013
111	1	170	0	2	3	0.00335546	-0.565326	19.8013
111	1	171	0	2	3	0.00335546	-0.565326	19.8013
111	1	172	0	2	3	0.00335546	-0.565326	19.8013
111	1	173	0	2	3	0.00335546	-0.565326	19.8013
111	1	174	0	2	3	0.00335546	-0.565326	19.8013
111	1	175	0	2	3	0.00335546	-0.565326	19.8013
111	1	176	0	2	3	0.00335546	-0.565326	19.8013
111	1	177	0	2	3	0.00335546	-0.565326	19.8013
111	1	178	0	2	3	0.00335546	-0.565326	19.8013
111	1	179	0	2	3	0.00335546	-0.565326	19.8013
111	1	180	0	2	3	0.00335546	-0.565326	19.8013
111	1	181	0	2	3	0.00335546	-0.565326	19.8013
111	1	182	0	2	3	0.00335546	-0.565326	19.8013
111	1	183	0	2	3	0.00335546	-0.565326	19.8013
111	1	184	0	2	3	0.00335546	-0.565326	19.8013
111	1	185	0	2	3	0.00335546	-0.565326	19.8013
111	1	186	0	2	3	0.00335546	-0.565326	19.8013
111	1	187	0	2	3	0.00335546	-0.565326	19.8013
111	1	188	0	2	3	0.00335546	-0.565326	19.8013
111	1	189	0	2	3	0.00335546	-0.565326	19.8013
111	1	190	0	2	3	0.00335546	-0.565326	19.8013
111	1	191	0	2	3	0.00335546	-0.565326	19.8013
111	1	192	0	2	3	0.00335546	-0.565326	19.8013
111	1	193	0	2	3	0.00335546	-0.565326	19.8013
111	1	194	0	2	3	0.00335546	-0.565326	19.8013
111	1	195	0	2	3	0.00335546	-0.565326	19.8013
111	1	196	0	2	3	0.00335546	-0.565326	19.8013
111	1	197	0	2	3	0.00335546	-0.565326	19.8013
111	1	198	0	2	3	0.00335546	-0.565326	19.8013
111	1	199	0	2	3	0.00335546	-0.565326	19.8013
111	1	200	0	2	3	0.00335546	-0.565326	19.8013
111	1	201	0	2	3	0.00335546	-0.565326	19.8013
111	1	202	0	2	3	0.00335546	-0.565326	19.8013
111	1	203	0	2	3	0.00335546	-0.565326	19.8013
111	1	204	0	2	3	0.00335546	-0.565326	19.8013
111	1	205	0	2	3	0.00335546	-0.565326	19.8013
111	1	206	0	2	3	0.00335546	-0.565326	19.8013
111	1	207	0	2	3	0.00335546	-0.565326	19.8013
111	1	208	0	2	3	0.00335546	-0.565326	19.8013
111	1	209	0	2	3	0.00335546	-0.565326	19.8013
111	1	210	0	2	3	0.00335546	-0.565326	19.8013
111	1	211	0	2	3	0.00335546	-0.565326	19.8013
111	1	212	0	2	3	0.00335546	-0.565326	19.8013
111	1	213	0	2	3	0.00335546	-0.565326	19.8013
111	1	214	0	2	3	0.00335546	-0.565326	19.8013
111	1	215	0	2	3	0.00335546	-0.565326	19.8013
111	1	216	0	2	3	0.00335546	-0.565326	19.8013
111	1	217	0	2	3	0.00335546	-0.565326	19.8013
111	1	218	0	2	3	0.00335546	-0.565326	19.8013
111	1	219	0	2	3	0.00335546	-0.565326	19.8013
111	1	220	0	2	3	0.00335546	-0.565326	19.8013
111	1	221	0	2	3	0.00335546	-0.565326	19.8013
111	1	222	0	2	3	0.00335546	-0.565326	19.8013
111	1	223	0	2	3	0.00335546	-0.565326	19.8013
111	1	224	0	2	3	0.00335546	-0.565326	19.8013
111	1	225	0	2	3	0.00335546	-0.565326	19.8013
111	1	226	0	2	3	0.00335546	-0.565326	19.8013
111	1	227	0	2	3	0.00335546	-0.565326	19.8013
111	1	228	0	2	3	0.00335546	-0.565326	19.8013
111	1	229	0	2	3	0.00335546	-0.565326	19.8013
111	1	230	0	2	3	0.00335546	-0.565326	19.8013
111	1	231	0	2	3	0.00335546	-0.565326	19.8013
111	1	232	0	2	3	0.00335546	-0.565326	19.8013
111	1	233	0	2	3	0.00335546	-0.565326	19.8013
111	1	234	0	2	3	0.00335546	-0.565326	19.8013
111	1	235	0	2	3	0.00335546	-0.565326	19.8013
111	1	236	0	2	3	0.00335546	-0.565326	19.8013
111	1	237	0	2	3	0.00335546	-0.565326	19.8013
111	1	238	0	2	3	0.00335546	-0.565326	19.8013
111	1	239	0	2	3	0.00335546	-0.565326	19.8013
111	1	240	0	2	3	0.00335546	-0.565326	19.8013
111	1	241	0	2	3	0.00335546	-0.565326	19.8013
111	1	242	0	2	3	0.00335546	-0.565326	19.8013
111	1	243	0	2	3	0.00335546	-0.565326	19.8013
111	1	244	0	2	3	0.00335546	-0.565326	19.8013
111	1	245	0	2	3	0.00335546	-0.565326	19.8013
111	1	246	0	2	3	0.00335546	-0.565326	19.8013
111	1	247	0	2	3	0.00335546	-0.565326	19.8013
111	1	248	0	2	3	0.00335546	-0.565326	19.8013
111	1	249	0	2	3	0.00335546	-0.565326	19.8013
111	1	250	0	2	3	0.00335546	-0.565326	19.8013
111	1	251	0	2	3	0.00335546	-0.565326	19.8013
111	1	252	0	2	3	0.00335546	-0.565326	19.8013
111	1	253	0	2	3	0.00335546	-0.565326	19.8013
111	1	254	0	2	3	0.00335546	-0.565326	19.8013
111	1	255	0	2	3	0.00335546	-0.565326	19.8013
111	1	256	0	2	3	0.00335546	-0.565326	19.8013
111	1	257	0	2	3	0.00335546	-0.565326	19.8013
111	1	258	0	2	3	0.00335546	-0.565326	19.8013
111	1	259	0	2	3	0.00335546	-0.565326	19.8013
111	1	260	0	2	3	0.00335546	-0.565326	19.8013
111	1	261	0	2	3	0.00335546	-0.565326	19.8013
111	1	262	0	2	3	0.00335546	-0.565326	19.8013
111	1	263	0	2	3	0.00335546	-0.565326	19.8013
111	1	264	0	2	3	0.00335546	-0.565326	19.8013
111	1	265	0	2	3	0.00335546	-0.565326	19.8013
111	1	266	0	2	3	0.00335546	-0.565326	19.8013
111	1	267	0	2	3	0.00335546	-0.565326	19.8013
111	1	268	0	2	3	0.00335546	-0.565326	19.8013
111	1	269	0	2	3	0.00335546	-0.565326	19.8013
111	1	270	0	2	3	0.00335546	-0.565326	19.8013
111	1	271	0	2	3	0.00335546	-0.565326	19.8013
111	1	272	0	2	3	0.00335546	-0.565326	19.8013
111	1	273	0	2	3	0.00335546	-0.565326	19.8013
111	1	274	0	2	3	0.00335546	-0.565326	19.8013
111	1	275	0	2	3	0.00335546	-0.565326	19.8013
111	1	276	0	2	3	0.00335546	-0.565326	19.8013
111	1	277	0	2	3	0.00335546	-0.565326	19.8013
111	1	278	0	2	3	0.00335546	-0.565326	19.8013
111	1	279	0	2	3	0.00335546	-0.565326	19.8013
111	1	280	0	2	3	0.00335546	-0.565326	19.8013
111	1	281	0	2	3	0.00335546	-0.565326	19.8013
111	1	282	0	2	3	0.00335546	-0.565326	19.8013
111	1	283	0	2	3	0.00335546	-0.565326	19.8013
111	1	284	0	2	3	0.00335546	-0.565326	19.8013
111	1	285	0	2	3	0.00335546	-0.565326	19.8013
111	1	286	0	2	3	0.00335546	-0.565326	19.8013
111	1	287	0	2	3	0.00335546	-0.565326	19.8013
111	1	288	0	2	3	0.00335546	-0.565326	19.8013
111	1	289	0	2	3	0.00335546	-0.565326	19.8013
111	1	290	0	2	3	0.00335546	-0.565326	19.8013
111	1	291	0	2	3	0.00335546	-0.565326	19.8013
111	1	292	0	2	3	0.00335546	-0.565326	19.8013
111	1	293	0	2	3	0.00335546	-0.565326	19.8013
111	1	294	0	2	3	0.00335546	-0.565326	19.8013
111	1	295	0	2	3	0.00335546	-0.565326	19.8013
111	1	296	0	2	3	0.00335546	-0.565326	19.8013
111	1	297	0	2	3	0.00335546	-0.565326	19.8013
111	1	298	0	2	3	0.00335546	-0.565326	19.8013
111	1	299	0	2	3	0.00335546	-0.565326	19.8013
111	1	300	0	2	3	0.00335546	-0.565326	19.8013
111	1	301	0	2	3	0.00335546	-0.565326	19.8013
111	1	302	0	2	3	0.00335546	-0.565326	19.8013
111	1	303	0	2	3	0.00335546	-0.565326	19.8013
111	1	304	0	2	3	0.00335546	-0.565326	19.8013
111	1	305	0	2	3	0.00335546	-0.565326	19.8013
111	1	306	0	2	3	0.00335546	-0.565326	19.8013
111	1	307	0	2	3	0.00335546	-0.565326	19.8013
111	1	308	0	2	3	0.00335546	-0.565326	19.8013
111	1	309	0	2	3	0.00335546	-0.565326	19.8013
111	1	310	0	2	3	0.00335546	-0.565326	19.8013
111	1	311	0	2	3	0.00335546	-0.565326	19.8013
111	1	312	0	2	3	0.00335546	-0.565326	19.8013
111	1	313	0	2	3	0.00335546	-0.565326	19.8013
111	1	314	0	2	3	0.00335546	-0.565326	19.8013
111	1	315	0	2	3	0.00335546	-0.565326	19.8013
111	1	316	0	2	3	0.00335546	-0.565326	19.8013
111	1	317	0	2	3	0.00335546	-0.565326	19.8013
111	1	318	0	2	3	0.00335546	-0.565326	19.8013
111	1	319	0	2	3	0.00335546	-0.565326	19.8013
#######################################################################
# SFT-X-U
#######################################################################
111	2	0	0	2	3	0.00366361	-0.569638	18.6288
111	2	1	0	2	3	0.00366361	-0.569638	18.6288
111	2	2	0	2	3	0.00366361	-0.569638	18.6288
111	2	3	0	2	3	0.00366361	-0.569638	18.6288
111	2	4	0	2	3	0.00366361	-0.569638	18.6288
111	2	5	0	2	3	0.00366361	-0.569638	18.6288
111	2	6	0	2	3	0.00366361	-0.569638	18.6288
111	2	7	0	2	3	0.00366361	-0.569638	18.6288
111	2	8	0	2	3	0.00366361	-0.569638	18.6288
111	2	9	0	2	3	0.00366361	-0.569638	18.6288
111	2	10	0	2	3	0.00366361	-0.569638	18.6288
111	2	11	0	2	3	0.00366361	-0.569638	18.6288
111	2	12	0	2	3	0.00366361	-0.569638	18.6288
111	2	13	0	2	3	0.00366361	-0.569638	18.6288
111	2	14	0	2	3	0.00366361	-0.569638	18.6288
111	2	15	0	2	3	0.00366361	-0.569638	18.6288
111	2	16	0	2	3	0.00366361	-0.569638	18.6288
111	2	17	0	2	3	0.00366361	-0.569638	18.6288
111	2	18	0	2	3	0.00366361	-0.569638	18.6288
111	2	19	0	2	3	0.00366361	-0.569638	18.6288
111	2	20	0	2	3	0.00366361	-0.569638	18.6288
111	2	21	0	2	3	0.00366361	-0.569638	18.6288
111	2	22	0	2	3	0.00366361	-0.569638	18.6288
111	2	23	0	2	3	0.00366361	-0.569638	18.6288
111	2	24	0	2	3	0.00366361	-0.569638	18.6288
111	2	25	0	2	3	0.00366361	-0.569638	18.6288
111	2	26	0	2	3	0.00366361	-0.569638	18.6288
111	2	27	0	2	3	0.00366361	-0.569638	18.6288
111	2	28	0	2	3	0.00366361	-0.569638	18.6288
111	2	29	0	2	3	0.00366361	-0.569638	18.6288
111	2	30	0	2	3	0.00366361	-0.569638	18.6288
111	2	31	0	2	3	0.00366361	-0.569638	18.6288
111	2	32	0	2	3	0.00366361	-0.569638	18.6288
111	2	33	0	2	3	0.00366361	-0.569638	18.6288
111	2	34	0	2	3	0.00366361	-0.569638	18.6288
111	2	35	0	2	3	0.00366361	-0.569638	18.6288
111	2	36	0	2	3	0.00366361	-0.569638	18.6288
111	2	37	0	2	3	0.00366361	-0.569638	18.6288
111	2	38	0	2	3	0.00366361	-0.569638	18.6288
111	2	39	0	2	3	0.00366361	-0.569638	18.6288
111	2	40	0	2	3	0.00366361	-0.569638	18.6288
111	2	41	0	2	3	0.00366361	-0.569638	18.6288
111	2	42	0	2	3	0.00366361	-0.569638	18.6288
111	2	43	0	2	3	0.00366361	-0.569638	18.6288
111	2	44	0	2	3	0.00366361	-0.569638	18.6288
111	2	45	0	2	3	0.00366361	-0.569638	18.6288
111	2	46	0	2	3	0.00366361	-0.569638	18.6288
111	2	47	0	2	3	0.00366361	-0.569638	18.6288
111	2	48	0	2	3	0.00366361	-0.569638	18.6288
111	2	49	0	2	3	0.00366361	-0.569638	18.6288
111	2	50	0	2	3	0.00366361	-0.569638	18.6288
111	2	51	0	2	3	0.00366361	-0.569638	18.6288
111	2	52	0	2	3	0.00366361	-0.569638	18.6288
111	2	53	0	2	3	0.00366361	-0.569638	18.6288
111	2	54	0	2	3	0.00366361	-0.569638	18.6288
111	2	55	0	2	3	0.00366361	-0.569638	18.6288
111	2	56	0	2	3	0.00366361	-0.569638	18.6288
111	2	57	0	2	3	0.00366361	-0.569638	18.6288
111	2	58	0	2	3	0.00366361	-0.569638	18.6288
111	2	59	0	2	3	0.00366361	-0.569638	18.6288
111	2	60	0	2	3	0.00366361	-0.569638	18.6288
111	2	61	0	2	3	0.00366361	-0.569638	18.6288
111	2	62	0	2	3	0.00366361	-0.569638	18.6288
111	2	63	0	2	3	0.00366361	-0.569638	18.6288
111	2	64	0	2	3	0.00366361	-0.569638	18.6288
111	2	65	0	2	3	0.00366361	-0.569638	18.6288
111	2	66	0	2	3	0.00366361	-0.569638	18.6288
111	2	67	0	2	3	0.00366361	-0.569638	18.6288
111	2	68	0	2	3	0.00366361	-0.569638	18.6288
111	2	69	0	2	3	0.00366361	-0.569638	18.6288
111	2	70	0	2	3	0.00366361	-0.569638	18.6288
111	2	71	0	2	3	0.00366361	-0.569638	18.6288
111	2	72	0	2	3	0.00366361	-0.569638	18.6288
111	2	73	0	2	3	0.00366361	-0.569638	18.6288
111	2	74	0	2	3	0.00366361	-0.569638	18.6288
111	2	75	0	2	3	0.00366361	-0.569638	18.6288
111	2	76	0	2	3	0.00366361	-0.569638	18.6288
111	2	77	0	2	3	0.00366361	-0.569638	18.6288
111	2	78	0	2	3	0.00366361	-0.569638	18.6288
111	2	79	0	2	3	0.00366361	-0.569638	18.6288
111	2	80	0	2	3	0.00366361	-0.569638	18.6288
111	2	81	0	2	3	0.00366361	-0.569638	18.6288
111	2	82	0	2	3	0.00366361	-0.569638	18.6288
111	2	83	0	2	3	0.00366361	-0.569638	18.6288
111	2	84	0	2	3	0.00366361	-0.569638	18.6288
111	2	85	0	2	3	0.00366361	-0.569638	18.6288
111	2	86	0	2	3	0.00366361	-0.569638	18.6288
111	2	87	0	2	3	0.00366361	-0.569638	18.6288
111	2	88	0	2	3	0.00366361	-0.569638	18.6288
111	2	89	0	2	3	0.00366361	-0.569638	18.6288
111	2	90	0	2	3	0.00366361	-0.569638	18.6288
111	2	91	0	2	3	0.00366361	-0.569638	18.6288
111	2	92	0	2	3	0.00366361	-0.569638	18.6288
111	2	93	0	2	3	0.00366361	-0.569638	18.6288
111	2	94	0	2	3	0.00366361	-0.569638	18.6288
111	2	95	0	2	3	0.00366361	-0.569638	18.6288
111	2	96	0	2	3	0.00366361	-0.569638	18.6288
111	2	97	0	2	3	0.00366361	-0.569638	18.6288
111	2	98	0	2	3	0.00366361	-0.569638	18.6288
111	2	99	0	2	3	0.00366361	-0.569638	18.6288
111	2	100	0	2	3	0.00366361	-0.569638	18.6288
111	2	101	0	2	3	0.00366361	-0.569638	18.6288
111	2	102	0	2	3	0.00366361	-0.569638	18.6288
111	2	103	0	2	3	0.00366361	-0.569638	18.6288
111	2	104	0	2	3	0.00366361	-0.569638	18.6288
111	2	105	0	2	3	0.00366361	-0.569638	18.6288
111	2	106	0	2	3	0.00366361	-0.569638	18.6288
111	2	107	0	2	3	0.00366361	-0.569638	18.6288
111	2	108	0	2	3	0.00366361	-0.569638	18.6288
111	2	109	0	2	3	0.00366361	-0.569638	18.6288
111	2	110	0	2	3	0.00366361	-0.569638	18.6288
111	2	111	0	2	3	0.00366361	-0.569638	18.6288
111	2	112	0	2	3	0.00366361	-0.569638	18.6288
111	2	113	0	2	3	0.00366361	-0.569638	18.6288
111	2	114	0	2	3	0.00366361	-0.569638	18.6288
111	2	115	0	2	3	0.00366361	-0.569638	18.6288
111	2	116	0	2	3	0.00366361	-0.569638	18.6288
111	2	117	0	2	3	0.00366361	-0.569638	18.6288
111	2	118	0	2	3	0.00366361	-0.569638	18.6288
111	2	119	0	2	3	0.00366361	-0.569638	18.6288
111	2	120	0	2	3	0.00366361	-0.569638	18.6288
111	2	121	0	2	3	0.00366361	-0.569638	18.6288
111	2	122	0	2	3	0.00366361	-0.569638	18.6288
111	2	123	0	2	3	0.00366361	-0.569638	18.6288
111	2	124	0	2	3	0.00366361	-0.569638	18.6288
111	2	125	0	2	3	0.00366361	-0.569638	18.6288
111	2	126	0	2	3	0.00366361	-0.569638	18.6288
111	2	127	0	2	3	0.00366361	-0.569638	18.6288
111	2	128	0	2	3	0.00366361	-0.569638	18.6288
111	2	129	0	2	3	0.00366361	-0.569638	18.6288
111	2	130	0	2	3	0.00366361	-0.569638	18.6288
111	2	131	0	2	3	0.00366361	-0.569638	18.6288
111	2	132	0	2	3	0.00366361	-0.569638	18.6288
111	2	133	0	2	3	0.00366361	-0.569638	18.6288
111	2	134	0	2	3	0.00366361	-0.569638	18.6288
111	2	135	0	2	3	0.00366361	-0.569638	18.6288
111	2	136	0	2	3	0.00366361	-0.569638	18.6288
111	2	137	0	2	3	0.00366361	-0.569638	18.6288
111	2	138	0	2	3	0.00366361	-0.569638	18.6288
111	2	139	0	2	3	0.00366361	-0.569638	18.6288
111	2	140	0	2	3	0.00366361	-0.569638	18.6288
111	2	141	0	2	3	0.00366361	-0.569638	18.6288
111	2	142	0	2	3	0.00366361	-0.569638	18.6288
111	2	143	0	2	3	0.00366361	-0.569638	18.6288
111	2	144	0	2	3	0.00366361	-0.569638	18.6288
111	2	145	0	2	3	0.00366361	-0.569638	18.6288
111	2	146	0	2	3	0.00366361	-0.569638	18.6288
111	2	147	0	2	3	0.00366361	-0.569638	18.6288
111	2	148	0	2	3	0.00366361	-0.569638	18.6288
111	2	149	0	2	3	0.00366361	-0.569638	18.6288
111	2	150	0	2	3	0.00366361	-0.569638	18.6288
111	2	151	0	2	3	0.00366361	-0.569638	18.6288
111	2	152	0	2	3	0.00366361	-0.569638	18.6288
111	2	153	0	2	3	0.00366361	-0.569638	18.6288
111	2	154	0	2	3	0.00366361	-0.569638	18.6288
111	2	155	0	2	3	0.00366361	-0.569638	18.6288
111	2	156	0	2	3	0.00366361	-0.569638	18.6288
111	2	157	0	2	3	0.00366361	-0.569638	18.6288
111	2	158	0	2	3	0.00366361	-0.569638	18.6288
111	2	159	0	2	3	0.00366361	-0.569638	18.6288
111	2	160	0	2	3	0.00366361	-0.569638	18.6288
111	2	161	0	2	3	0.00366361	-0.569638	18.6288
111	2	162	0	2	3	0.00366361	-0.569638	18.6288
111	2	163	0	2	3	0.00366361	-0.569638	18.6288
111	2	164	0	2	3	0.00366361	-0.569638	18.6288
111	2	165	0	2	3	0.00366361	-0.569638	18.6288
111	2	166	0	2	3	0.00366361	-0.569638	18.6288
111	2	167	0	2	3	0.00366361	-0.569638	18.6288
111	2	168	0	2	3	0.00366361	-0.569638	18.6288
111	2	169	0	2	3	0.00366361	-0.569638	18.6288
111	2	170	0	2	3	0.00366361	-0.569638	18.6288
111	2	171	0	2	3	0.00366361	-0.569638	18.6288
111	2	172	0	2	3	0.00366361	-0.569638	18.6288
111	2	173	0	2	3	0.00366361	-0.569638	18.6288
111	2	174	0	2	3	0.00366361	-0.569638	18.6288
111	2	175	0	2	3	0.00366361	-0.569638	18.6288
111	2	176	0	2	3	0.00366361	-0.569638	18.6288
111	2	177	0	2	3	0.00366361	-0.569638	18.6288
111	2	178	0	2	3	0.00366361	-0.569638	18.6288
111	2	179	0	2	3	0.00366361	-0.569638	18.6288
111	2	180	0	2	3	0.00366361	-0.569638	18.6288
111	2	181	0	2	3	0.00366361	-0.569638	18.6288
111	2	182	0	2	3	0.00366361	-0.569638	18.6288
111	2	183	0	2	3	0.00366361	-0.569638	18.6288
111	2	184	0	2	3	0.00366361	-0.569638	18.6288
111	2	185	0	2	3	0.00366361	-0.569638	18.6288
111	2	186	0	2	3	0.00366361	-0.569638	18.6288
111	2	187	0	2	3	0.00366361	-0.569638	18.6288
111	2	188	0	2	3	0.00366361	-0.569638	18.6288
111	2	189	0	2	3	0.00366361	-0.569638	18.6288
111	2	190	0	2	3	0.00366361	-0.569638	18.6288
111	2	191	0	2	3	0.00366361	-0.569638	18.6288
111	2	192	0	2	3	0.00366361	-0.569638	18.6288
111	2	193	0	2	3	0.00366361	-0.569638	18.6288
111	2	194	0	2	3	0.00366361	-0.569638	18.6288
111	2	195	0	2	3	0.00366361	-0.569638	18.6288
111	2	196	0	2	3	0.00366361	-0.569638	18.6288
111	2	197	0	2	3	0.00366361	-0.569638	18.6288
111	2	198	0	2	3	0.00366361	-0.569638	18.6288
111	2	199	0	2	3	0.00366361	-0.569638	18.6288
111	2	200	0	2	3	0.00366361	-0.569638	18.6288
111	2	201	0	2	3	0.00366361	-0.569638	18.6288
111	2	202	0	2	3	0.00366361	-0.569638	18.6288
111	2	203	0	2	3	0.00366361	-0.569638	18.6288
111	2	204	0	2	3	0.00366361	-0.569638	18.6288
111	2	205	0	2	3	0.00366361	-0.569638	18.6288
111	2	206	0	2	3	0.00366361	-0.569638	18.6288
111	2	207	0	2	3	0.00366361	-0.569638	18.6288
111	2	208	0	2	3	0.00366361	-0.569638	18.6288
111	2	209	0	2	3	0.00366361	-0.569638	18.6288
111	2	210	0	2	3	0.00366361	-0.569638	18.6288
111	2	211	0	2	3	0.00366361	-0.569638	18.6288
111	2	212	0	2	3	0.00366361	-0.569638	18.6288
111	2	213	0	2	3	0.00366361	-0.569638	18.6288
111	2	214	0	2	3	0.00366361	-0.569638	18.6288
111	2	215	0	2	3	0.00366361	-0.569638	18.6288
111	2	216	0	2	3	0.00366361	-0.569638	18.6288
111	2	217	0	2	3	0.00366361	-0.569638	18.6288
111	2	218	0	2	3	0.00366361	-0.569638	18.6288
111	2	219	0	2	3	0.00366361	-0.569638	18.6288
111	2	220	0	2	3	0.00366361	-0.569638	18.6288
111	2	221	0	2	3	0.00366361	-0.569638	18.6288
111	2	222	0	2	3	0.00366361	-0.569638	18.6288
111	2	223	0	2	3	0.00366361	-0.569638	18.6288
111	2	224	0	2	3	0.00366361	-0.569638	18.6288
111	2	225	0	2	3	0.00366361	-0.569638	18.6288
111	2	226	0	2	3	0.00366361	-0.569638	18.6288
111	2	227	0	2	3	0.00366361	-0.569638	18.6288
111	2	228	0	2	3	0.00366361	-0.569638	18.6288
111	2	229	0	2	3	0.00366361	-0.569638	18.6288
111	2	230	0	2	3	0.00366361	-0.569638	18.6288
111	2	231	0	2	3	0.00366361	-0.569638	18.6288
111	2	232	0	2	3	0.00366361	-0.569638	18.6288
111	2	233	0	2	3	0.00366361	-0.569638	18.6288
111	2	234	0	2	3	0.00366361	-0.569638	18.6288
111	2	235	0	2	3	0.00366361	-0.569638	18.6288
111	2	236	0	2	3	0.00366361	-0.569638	18.6288
111	2	237	0	2	3	0.00366361	-0.569638	18.6288
111	2	238	0	2	3	0.00366361	-0.569638	18.6288
111	2	239	0	2	3	0.00366361	-0.569638	18.6288
111	2	240	0	2	3	0.00366361	-0.569638	18.6288
111	2	241	0	2	3	0.00366361	-0.569638	18.6288
111	2	242	0	2	3	0.00366361	-0.569638	18.6288
111	2	243	0	2	3	0.00366361	-0.569638	18.6288
111	2	244	0	2	3	0.00366361	-0.569638	18.6288
111	2	245	0	2	3	0.00366361	-0.569638	18.6288
111	2	246	0	2	3	0.00366361	-0.569638	18.6288
111	2	247	0	2	3	0.00366361	-0.569638	18.6288
111	2	248	0	2	3	0.00366361	-0.569638	18.6288
111	2	249	0	2	3	0.00366361	-0.569638	18.6288
111	2	250	0	2	3	0.00366361	-0.569638	18.6288
111	2	251	0	2	3	0.00366361	-0.569638	18.6288
111	2	252	0	2	3	0.00366361	-0.569638	18.6288
111	2	253	0	2	3	0.00366361	-0.569638	18.6288
111	2	254	0	2	3	0.00366361	-0.569638	18.6288
111	2	255	0	2	3	0.00366361	-0.569638	18.6288
#######################################################################
# SFT-X-D
#######################################################################
111	3	0	0	2	3	0.00391706	-0.584226	18.6169
111	3	1	0	2	3	0.00391706	-0.584226	18.6169
111	3	2	0	2	3	0.00391706	-0.584226	18.6169
111	3	3	0	2	3	0.00391706	-0.584226	18.6169
111	3	4	0	2	3	0.00391706	-0.584226	18.6169
111	3	5	0	2	3	0.00391706	-0.584226	18.6169
111	3	6	0	2	3	0.00391706	-0.584226	18.6169
111	3	7	0	2	3	0.00391706	-0.584226	18.6169
111	3	8	0	2	3	0.00391706	-0.584226	18.6169
111	3	9	0	2	3	0.00391706	-0.584226	18.6169
111	3	10	0	2	3	0.00391706	-0.584226	18.6169
111	3	11	0	2	3	0.00391706	-0.584226	18.6169
111	3	12	0	2	3	0.00391706	-0.584226	18.6169
111	3	13	0	2	3	0.00391706	-0.584226	18.6169
111	3	14	0	2	3	0.00391706	-0.584226	18.6169
111	3	15	0	2	3	0.00391706	-0.584226	18.6169
111	3	16	0	2	3	0.00391706	-0.584226	18.6169
111	3	17	0	2	3	0.00391706	-0.584226	18.6169
111	3	18	0	2	3	0.00391706	-0.584226	18.6169
111	3	19	0	2	3	0.00391706	-0.584226	18.6169
111	3	20	0	2	3	0.00391706	-0.584226	18.6169
111	3	21	0	2	3	0.00391706	-0.584226	18.6169
111	3	22	0	2	3	0.00391706	-0.584226	18.6169
111	3	23	0	2	3	0.00391706	-0.584226	18.6169
111	3	24	0	2	3	0.00391706	-0.584226	18.6169
111	3	25	0	2	3	0.00391706	-0.584226	18.6169
111	3	26	0	2	3	0.00391706	-0.584226	18.6169
111	3	27	0	2	3	0.00391706	-0.584226	18.6169
111	3	28	0	2	3	0.00391706	-0.584226	18.6169
111	3	29	0	2	3	0.00391706	-0.584226	18.6169
111	3	30	0	2	3	0.00391706	-0.584226	18.6169
111	3	31	0	2	3	0.00391706	-0.584226	18.6169
111	3	32	0	2	3	0.00391706	-0.584226	18.6169
111	3	33	0	2	3	0.00391706	-0.584226	18.6169
111	3	34	0	2	3	0.00391706	-0.584226	18.6169
111	3	35	0	2	3	0.00391706	-0.584226	18.6169
111	3	36	0	2	3	0.00391706	-0.584226	18.6169
111	3	37	0	2	3	0.00391706	-0.584226	18.6169
111	3	38	0	2	3	0.00391706	-0.584226	18.6169
111	3	39	0	2	3	0.00391706	-0.584226	18.6169
111	3	40	0	2	3	0.00391706	-0.584226	18.6169
111	3	41	0	2	3	0.00391706	-0.584226	18.6169
111	3	42	0	2	3	0.00391706	-0.584226	18.6169
111	3	43	0	2	3	0.00391706	-0.584226	18.6169
111	3	44	0	2	3	0.00391706	-0.584226	18.6169
111	3	45	0	2	3	0.00391706	-0.584226	18.6169
111	3	46	0	2	3	0.00391706	-0.584226	18.6169
111	3	47	0	2	3	0.00391706	-0.584226	18.6169
111	3	48	0	2	3	0.00391706	-0.584226	18.6169
111	3	49	0	2	3	0.00391706	-0.584226	18.6169
111	3	50	0	2	3	0.00391706	-0.584226	18.6169
111	3	51	0	2	3	0.00391706	-0.584226	18.6169
111	3	52	0	2	3	0.00391706	-0.584226	18.6169
111	3	53	0	2	3	0.00391706	-0.584226	18.6169
111	3	54	0	2	3	0.00391706	-0.584226	18.6169
111	3	55	0	2	3	0.00391706	-0.584226	18.6169
111	3	56	0	2	3	0.00391706	-0.584226	18.6169
111	3	57	0	2	3	0.00391706	-0.584226	18.6169
111	3	58	0	2	3	0.00391706	-0.584226	18.6169
111	3	59	0	2	3	0.00391706	-0.584226	18.6169
111	3	60	0	2	3	0.00391706	-0.584226	18.6169
111	3	61	0	2	3	0.00391706	-0.584226	18.6169
111	3	62	0	2	3	0.00391706	-0.584226	18.6169
111	3	63	0	2	3	0.00391706	-0.584226	18.6169
111	3	64	0	2	3	0.00391706	-0.584226	18.6169
111	3	65	0	2	3	0.00391706	-0.584226	18.6169
111	3	66	0	2	3	0.00391706	-0.584226	18.6169
111	3	67	0	2	3	0.00391706	-0.584226	18.6169
111	3	68	0	2	3	0.00391706	-0.584226	18.6169
111	3	69	0	2	3	0.00391706	-0.584226	18.6169
111	3	70	0	2	3	0.00391706	-0.584226	18.6169
111	3	71	0	2	3	0.00391706	-0.584226	18.6169
111	3	72	0	2	3	0.00391706	-0.584226	18.6169
111	3	73	0	2	3	0.00391706	-0.584226	18.6169
111	3	74	0	2	3	0.00391706	-0.584226	18.6169
111	3	75	0	2	3	0.00391706	-0.584226	18.6169
111	3	76	0	2	3	0.00391706	-0.584226	18.6169
111	3	77	0	2	3	0.00391706	-0.584226	18.6169
111	3	78	0	2	3	0.00391706	-0.584226	18.6169
111	3	79	0	2	3	0.00391706	-0.584226	18.6169
111	3	80	0	2	3	0.00391706	-0.584226	18.6169
111	3	81	0	2	3	0.00391706	-0.584226	18.6169
111	3	82	0	2	3	0.00391706	-0.584226	18.6169
111	3	83	0	2	3	0.00391706	-0.584226	18.6169
111	3	84	0	2	3	0.00391706	-0.584226	18.6169
111	3	85	0	2	3	0.00391706	-0.584226	18.6169
111	3	86	0	2	3	0.00391706	-0.584226	18.6169
111	3	87	0	2	3	0.00391706	-0.584226	18.6169
111	3	88	0	2	3	0.00391706	-0.584226	18.6169
111	3	89	0	2	3	0.00391706	-0.584226	18.6169
111	3	90	0	2	3	0.00391706	-0.584226	18.6169
111	3	91	0	2	3	0.00391706	-0.584226	18.6169
111	3	92	0	2	3	0.00391706	-0.584226	18.6169
111	3	93	0	2	3	0.00391706	-0.584226	18.6169
111	3	94	0	2	3	0.00391706	-0.584226	18.6169
111	3	95	0	2	3	0.00391706	-0.584226	18.6169
111	3	96	0	2	3	0.00391706	-0.584226	18.6169
111	3	97	0	2	3	0.00391706	-0.584226	18.6169
111	3	98	0	2	3	0.00391706	-0.584226	18.6169
111	3	99	0	2	3	0.00391706	-0.584226	18.6169
111	3	100	0	2	3	0.00391706	-0.584226	18.6169
111	3	101	0	2	3	0.00391706	-0.584226	18.6169
111	3	102	0	2	3	0.00391706	-0.584226	18.6169
111	3	103	0	2	3	0.00391706	-0.584226	18.6169
111	3	104	0	2	3	0.00391706	-0.584226	18.6169
111	3	105	0	2	3	0.00391706	-0.584226	18.6169
111	3	106	0	2	3	0.00391706	-0.584226	18.6169
111	3	107	0	2	3	0.00391706	-0.584226	18.6169
111	3	108	0	2	3	0.00391706	-0.584226	18.6169
111	3	109	0	2	3	0.00391706	-0.584226	18.6169
111	3	110	0	2	3	0.00391706	-0.584226	18.6169
111	3	111	0	2	3	0.00391706	-0.584226	18.6169
111	3	112	0	2	3	0.00391706	-0.584226	18.6169
111	3	113	0	2	3	0.00391706	-0.584226	18.6169
111	3	114	0	2	3	0.00391706	-0.584226	18.6169
111	3	115	0	2	3	0.00391706	-0.584226	18.6169
111	3	116	0	2	3	0.00391706	-0.584226	18.6169
111	3	117	0	2	3	0.00391706	-0.584226	18.6169
111	3	118	0	2	3	0.00391706	-0.584226	18.6169
111	3	119	0	2	3	0.00391706	-0.584226	18.6169
111	3	120	0	2	3	0.00391706	-0.584226	18.6169
111	3	121	0	2	3	0.00391706	-0.584226	18.6169
111	3	122	0	2	3	0.00391706	-0.584226	18.6169
111	3	123	0	2	3	0.00391706	-0.584226	18.6169
111	3	124	0	2	3	0.00391706	-0.584226	18.6169
111	3	125	0	2	3	0.00391706	-0.584226	18.6169
111	3	126	0	2	3	0.00391706	-0.584226	18.6169
111	3	127	0	2	3	0.00391706	-0.584226	18.6169
111	3	128	0	2	3	0.00391706	-0.584226	18.6169
111	3	129	0	2	3	0.00391706	-0.584226	18.6169
111	3	130	0	2	3	0.00391706	-0.584226	18.6169
111	3	131	0	2	3	0.00391706	-0.584226	18.6169
111	3	132	0	2	3	0.00391706	-0.584226	18.6169
111	3	133	0	2	3	0.00391706	-0.584226	18.6169
111	3	134	0	2	3	0.00391706	-0.584226	18.6169
111	3	135	0	2	3	0.00391706	-0.584226	18.6169
111	3	136	0	2	3	0.00391706	-0.584226	18.6169
111	3	137	0	2	3	0.00391706	-0.584226	18.6169
111	3	138	0	2	3	0.00391706	-0.584226	18.6169
111	3	139	0	2	3	0.00391706	-0.584226	18.6169
111	3	140	0	2	3	0.00391706	-0.584226	18.6169
111	3	141	0	2	3	0.00391706	-0.584226	18.6169
111	3	142	0	2	3	0.00391706	-0.584226	18.6169
111	3	143	0	2	3	0.00391706	-0.584226	18.6169
111	3	144	0	2	3	0.00391706	-0.584226	18.6169
111	3	145	0	2	3	0.00391706	-0.584226	18.6169
111	3	146	0	2	3	0.00391706	-0.584226	18.6169
111	3	147	0	2	3	0.00391706	-0.584226	18.6169
111	3	148	0	2	3	0.00391706	-0.584226	18.6169
111	3	149	0	2	3	0.00391706	-0.584226	18.6169
111	3	150	0	2	3	0.00391706	-0.584226	18.6169
111	3	151	0	2	3	0.00391706	-0.584226	18.6169
111	3	152	0	2	3	0.00391706	-0.584226	18.6169
111	3	153	0	2	3	0.00391706	-0.584226	18.6169
111	3	154	0	2	3	0.00391706	-0.584226	18.6169
111	3	155	0	2	3	0.00391706	-0.584226	18.6169
111	3	156	0	2	3	0.00391706	-0.584226	18.6169
111	3	157	0	2	3	0.00391706	-0.584226	18.6169
111	3	158	0	2	3	0.00391706	-0.584226	18.6169
111	3	159	0	2	3	0.00391706	-0.584226	18.6169
111	3	160	0	2	3	0.00391706	-0.584226	18.6169
111	3	161	0	2	3	0.00391706	-0.584226	18.6169
111	3	162	0	2	3	0.00391706	-0.584226	18.6169
111	3	163	0	2	3	0.00391706	-0.584226	18.6169
111	3	164	0	2	3	0.00391706	-0.584226	18.6169
111	3	165	0	2	3	0.00391706	-0.584226	18.6169
111	3	166	0	2	3	0.00391706	-0.584226	18.6169
111	3	167	0	2	3	0.00391706	-0.584226	18.6169
111	3	168	0	2	3	0.00391706	-0.584226	18.6169
111	3	169	0	2	3	0.00391706	-0.584226	18.6169
111	3	170	0	2	3	0.00391706	-0.584226	18.6169
111	3	171	0	2	3	0.00391706	-0.584226	18.6169
111	3	172	0	2	3	0.00391706	-0.584226	18.6169
111	3	173	0	2	3	0.00391706	-0.584226	18.6169
111	3	174	0	2	3	0.00391706	-0.584226	18.6169
111	3	175	0	2	3	0.00391706	-0.584226	18.6169
111	3	176	0	2	3	0.00391706	-0.584226	18.6169
111	3	177	0	2	3	0.00391706	-0.584226	18.6169
111	3	178	0	2	3	0.00391706	-0.584226	18.6169
111	3	179	0	2	3	0.00391706	-0.584226	18.6169
111	3	180	0	2	3	0.00391706	-0.584226	18.6169
111	3	181	0	2	3	0.00391706	-0.584226	18.6169
111	3	182	0	2	3	0.00391706	-0.584226	18.6169
111	3	183	0	2	3	0.00391706	-0.584226	18.6169
111	3	184	0	2	3	0.00391706	-0.584226	18.6169
111	3	185	0	2	3	0.00391706	-0.584226	18.6169
111	3	186	0	2	3	0.00391706	-0.584226	18.6169
111	3	187	0	2	3	0.00391706	-0.584226	18.6169
111	3	188	0	2	3	0.00391706	-0.584226	18.6169
111	3	189	0	2	3	0.00391706	-0.584226	18.6169
111	3	190	0	2	3	0.00391706	-0.584226	18.6169
111	3	191	0	2	3	0.00391706	-0.584226	18.6169
111	3	192	0	2	3	0.00391706	-0.584226	18.6169
111	3	193	0	2	3	0.00391706	-0.584226	18.6169
111	3	194	0	2	3	0.00391706	-0.584226	18.6169
111	3	195	0	2	3	0.00391706	-0.584226	18.6169
111	3	196	0	2	3	0.00391706	-0.584226	18.6169
111	3	197	0	2	3	0.00391706	-0.584226	18.6169
111	3	198	0	2	3	0.00391706	-0.584226	18.6169
111	3	199	0	2	3	0.00391706	-0.584226	18.6169
111	3	200	0	2	3	0.00391706	-0.584226	18.6169
111	3	201	0	2	3	0.00391706	-0.584226	18.6169
111	3	202	0	2	3	0.00391706	-0.584226	18.6169
111	3	203	0	2	3	0.00391706	-0.584226	18.6169
111	3	204	0	2	3	0.00391706	-0.584226	18.6169
111	3	205	0	2	3	0.00391706	-0.584226	18.6169
111	3	206	0	2	3	0.00391706	-0.584226	18.6169
111	3	207	0	2	3	0.00391706	-0.584226	18.6169
111	3	208	0	2	3	0.00391706	-0.584226	18.6169
111	3	209	0	2	3	0.00391706	-0.584226	18.6169
111	3	210	0	2	3	0.00391706	-0.584226	18.6169
111	3	211	0	2	3	0.00391706	-0.584226	18.6169
111	3	212	0	2	3	0.00391706	-0.584226	18.6169
111	3	213	0	2	3	0.00391706	-0.584226	18.6169
111	3	214	0	2	3	0.00391706	-0.584226	18.6169
111	3	215	0	2	3	0.00391706	-0.584226	18.6169
111	3	216	0	2	3	0.00391706	-0.584226	18.6169
111	3	217	0	2	3	0.00391706	-0.584226	18.6169
111	3	218	0	2	3	0.00391706	-0.584226	18.6169
111	3	219	0	2	3	0.00391706	-0.584226	18.6169
111	3	220	0	2	3	0.00391706	-0.584226	18.6169
111	3	221	0	2	3	0.00391706	-0.584226	18.6169
111	3	222	0	2	3	0.00391706	-0.584226	18.6169
111	3	223	0	2	3	0.00391706	-0.584226	18.6169
111	3	224	0	2	3	0.00391706	-0.584226	18.6169
111	3	225	0	2	3	0.00391706	-0.584226	18.6169
111	3	226	0	2	3	0.00391706	-0.584226	18.6169
111	3	227	0	2	3	0.00391706	-0.584226	18.6169
111	3	228	0	2	3	0.00391706	-0.584226	18.6169
111	3	229	0	2	3	0.00391706	-0.584226	18.6169
111	3	230	0	2	3	0.00391706	-0.584226	18.6169
111	3	231	0	2	3	0.00391706	-0.584226	18.6169
111	3	232	0	2	3	0.00391706	-0.584226	18.6169
111	3	233	0	2	3	0.00391706	-0.584226	18.6169
111	3	234	0	2	3	0.00391706	-0.584226	18.6169
111	3	235	0	2	3	0.00391706	-0.584226	18.6169
111	3	236	0	2	3	0.00391706	-0.584226	18.6169
111	3	237	0	2	3	0.00391706	-0.584226	18.6169
111	3	238	0	2	3	0.00391706	-0.584226	18.6169
111	3	239	0	2	3	0.00391706	-0.584226	18.6169
111	3	240	0	2	3	0.00391706	-0.584226	18.6169
111	3	241	0	2	3	0.00391706	-0.584226	18.6169
111	3	242	0	2	3	0.00391706	-0.584226	18.6169
111	3	243	0	2	3	0.00391706	-0.584226	18.6169
111	3	244	0	2	3	0.00391706	-0.584226	18.6169
111	3	245	0	2	3	0.00391706	-0.584226	18.6169
111	3	246	0	2	3	0.00391706	-0.584226	18.6169
111	3	247	0	2	3	0.00391706	-0.584226	18.6169
111	3	248	0	2	3	0.00391706	-0.584226	18.6169
111	3	249	0	2	3	0.00391706	-0.584226	18.6169
111	3	250	0	2	3	0.00391706	-0.584226	18.6169
111	3	251	0	2	3	0.00391706	-0.584226	18.6169
111	3	252	0	2	3	0.00391706	-0.584226	18.6169
111	3	253	0	2	3	0.00391706	-0.584226	18.6169
111	3	254	0	2	3	0.00391706	-0.584226	18.6169
111	3	255	0	2	3	0.00391706	-0.584226	18.6169
#######################################################################
# FBT1-UX1
#######################################################################
131	0	0	0	2	3	0		0		0
131	0	1	0	2	3	0		0		0
131	0	2	0	2	3	0		0		0
131	0	3	0	2	3	0		0		0
131	0	4	0	2	3	0		0		0
131	0	5	0	2	3	0		0		0
131	0	6	0	2	3	0		0		0
131	0	7	0	2	3	0		0		0
131	0	8	0	2	3	0		0		0
131	0	9	0	2	3	0		0		0
131	0	10	0	2	3	0		0		0
131	0	11	0	2	3	0		0		0
131	0	12	0	2	3	0		0		0
131	0	13	0	2	3	0		0		0
131	0	14	0	2	3	0		0		0
131	0	15	0	2	3	0		0		0
131	0	16	0	2	3	0		0		0
131	0	17	0	2	3	0		0		0
131	0	18	0	2	3	0		0		0
131	0	19	0	2	3	0		0		0
131	0	20	0	2	3	0		0		0
131	0	21	0	2	3	0		0		0
131	0	22	0	2	3	0		0		0
131	0	23	0	2	3	0		0		0
131	0	24	0	2	3	0		0		0
131	0	25	0	2	3	0		0		0
131	0	26	0	2	3	0		0		0
131	0	27	0	2	3	0		0		0
131	0	28	0	2	3	0		0		0
131	0	29	0	2	3	0		0		0
131	0	30	0	2	3	0		0		0
131	0	31	0	2	3	0		0		0
131	0	32	0	2	3	0		0		0
131	0	33	0	2	3	0		0		0
131	0	34	0	2	3	0		0		0
131	0	35	0	2	3	0		0		0
131	0	36	0	2	3	0		0		0
131	0	37	0	2	3	0		0		0
131	0	38	0	2	3	0		0		0
131	0	39	0	2	3	0		0		0
131	0	40	0	2	3	0		0		0
131	0	41	0	2	3	0		0		0
131	0	42	0	2	3	0		0		0
131	0	43	0	2	3	0		0		0
131	0	44	0	2	3	0		0		0
131	0	45	0	2	3	0		0		0
131	0	46	0	2	3	0		0		0
131	0	47	0	2	3	0		0		0
#######################################################################
# FBT1-DX1
#######################################################################
131	0	0	1	2	3	0		0		0
131	0	1	1	2	3	0		0		0
131	0	2	1	2	3	0		0		0
131	0	3	1	2	3	0		0		0
131	0	4	1	2	3	0		0		0
131	0	5	1	2	3	0		0		0
131	0	6	1	2	3	0		0		0
131	0	7	1	2	3	0		0		0
131	0	8	1	2	3	0		0		0
131	0	9	1	2	3	0		0		0
131	0	10	1	2	3	0		0		0
131	0	11	1	2	3	0		0		0
131	0	12	1	2	3	0		0		0
131	0	13	1	2	3	0		0		0
131	0	14	1	2	3	0		0		0
131	0	15	1	2	3	0		0		0
131	0	16	1	2	3	0		0		0
131	0	17	1	2	3	0		0		0
131	0	18	1	2	3	0		0		0
131	0	19	1	2	3	0		0		0
131	0	20	1	2	3	0		0		0
131	0	21	1	2	3	0		0		0
131	0	22	1	2	3	0		0		0
131	0	23	1	2	3	0		0		0
131	0	24	1	2	3	0		0		0
131	0	25	1	2	3	0		0		0
131	0	26	1	2	3	0		0		0
131	0	27	1	2	3	0		0		0
131	0	28	1	2	3	0		0		0
131	0	29	1	2	3	0		0		0
131	0	30	1	2	3	0		0		0
131	0	31	1	2	3	0		0		0
131	0	32	1	2	3	0		0		0
131	0	33	1	2	3	0		0		0
131	0	34	1	2	3	0		0		0
131	0	35	1	2	3	0		0		0
131	0	36	1	2	3	0		0		0
131	0	37	1	2	3	0		0		0
131	0	38	1	2	3	0		0		0
131	0	39	1	2	3	0		0		0
131	0	40	1	2	3	0		0		0
131	0	41	1	2	3	0		0		0
131	0	42	1	2	3	0		0		0
131	0	43	1	2	3	0		0		0
131	0	44	1	2	3	0		0		0
131	0	45	1	2	3	0		0		0
131	0	46	1	2	3	0		0		0
131	0	47	1	2	3	0		0		0
#######################################################################
# FBT1-UX2
#######################################################################
131	1	0	0	2	3	0		0		0
131	1	1	0	2	3	0		0		0
131	1	2	0	2	3	0		0		0
131	1	3	0	2	3	0		0		0
131	1	4	0	2	3	0		0		0
131	1	5	0	2	3	0		0		0
131	1	6	0	2	3	0		0		0
131	1	7	0	2	3	0		0		0
131	1	8	0	2	3	0		0		0
131	1	9	0	2	3	0		0		0
131	1	10	0	2	3	0		0		0
131	1	11	0	2	3	0		0		0
131	1	12	0	2	3	0		0		0
131	1	13	0	2	3	0		0		0
131	1	14	0	2	3	0		0		0
131	1	15	0	2	3	0		0		0
131	1	16	0	2	3	0		0		0
131	1	17	0	2	3	0		0		0
131	1	18	0	2	3	0		0		0
131	1	19	0	2	3	0		0		0
131	1	20	0	2	3	0		0		0
131	1	21	0	2	3	0		0		0
131	1	22	0	2	3	0		0		0
131	1	23	0	2	3	0		0		0
131	1	24	0	2	3	0		0		0
131	1	25	0	2	3	0		0		0
131	1	26	0	2	3	0		0		0
131	1	27	0	2	3	0		0		0
131	1	28	0	2	3	0		0		0
131	1	29	0	2	3	0		0		0
131	1	30	0	2	3	0		0		0
131	1	31	0	2	3	0		0		0
131	1	32	0	2	3	0		0		0
131	1	33	0	2	3	0		0		0
131	1	34	0	2	3	0		0		0
131	1	35	0	2	3	0		0		0
131	1	36	0	2	3	0		0		0
131	1	37	0	2	3	0		0		0
131	1	38	0	2	3	0		0		0
131	1	39	0	2	3	0		0		0
131	1	40	0	2	3	0		0		0
131	1	41	0	2	3	0		0		0
131	1	42	0	2	3	0		0		0
131	1	43	0	2	3	0		0		0
131	1	44	0	2	3	0		0		0
131	1	45	0	2	3	0		0		0
131	1	46	0	2	3	0		0		0
131	1	47	0	2	3	0		0		0
#######################################################################
# FBT1-DX2
#######################################################################
131	1	0	1	2	3	0		0		0
131	1	1	1	2	3	0		0		0
131	1	2	1	2	3	0		0		0
131	1	3	1	2	3	0		0		0
131	1	4	1	2	3	0		0		0
131	1	5	1	2	3	0		0		0
131	1	6	1	2	3	0		0		0
131	1	7	1	2	3	0		0		0
131	1	8	1	2	3	0		0		0
131	1	9	1	2	3	0		0		0
131	1	10	1	2	3	0		0		0
131	1	11	1	2	3	0		0		0
131	1	12	1	2	3	0		0		0
131	1	13	1	2	3	0		0		0
131	1	14	1	2	3	0		0		0
131	1	15	1	2	3	0		0		0
131	1	16	1	2	3	0		0		0
131	1	17	1	2	3	0		0		0
131	1	18	1	2	3	0		0		0
131	1	19	1	2	3	0		0		0
131	1	20	1	2	3	0		0		0
131	1	21	1	2	3	0		0		0
131	1	22	1	2	3	0		0		0
131	1	23	1	2	3	0		0		0
131	1	24	1	2	3	0		0		0
131	1	25	1	2	3	0		0		0
131	1	26	1	2	3	0		0		0
131	1	27	1	2	3	0		0		0
131	1	28	1	2	3	0		0		0
131	1	29	1	2	3	0		0		0
131	1	30	1	2	3	0		0		0
131	1	31	1	2	3	0		0		0
131	1	32	1	2	3	0		0		0
131	1	33	1	2	3	0		0		0
131	1	34	1	2	3	0		0		0
131	1	35	1	2	3	0		0		0
131	1	36	1	2	3	0		0		0
131	1	37	1	2	3	0		0		0
131	1	38	1	2	3	0		0		0
131	1	39	1	2	3	0		0		0
131	1	40	1	2	3	0		0		0
131	1	41	1	2	3	0		0		0
131	1	42	1	2	3	0		0		0
131	1	43	1	2	3	0		0		0
131	1	44	1	2	3	0		0		0
131	1	45	1	2	3	0		0		0
131	1	46	1	2	3	0		0		0
131	1	47	1	2	3	0		0		0
#######################################################################
# FBT2-UX1
#######################################################################
132	0	0	0	2	3	0		0		0
132	0	1	0	2	3	0		0		0
132	0	2	0	2	3	0		0		0
132	0	3	0	2	3	0		0		0
132	0	4	0	2	3	0		0		0
132	0	5	0	2	3	0		0		0
132	0	6	0	2	3	0		0		0
132	0	7	0	2	3	0		0		0
132	0	8	0	2	3	0		0		0
132	0	9	0	2	3	0		0		0
132	0	10	0	2	3	0		0		0
132	0	11	0	2	3	0		0		0
132	0	12	0	2	3	0		0		0
132	0	13	0	2	3	0		0		0
132	0	14	0	2	3	0		0		0
132	0	15	0	2	3	0		0		0
132	0	16	0	2	3	0		0		0
132	0	17	0	2	3	0		0		0
132	0	18	0	2	3	0		0		0
132	0	19	0	2	3	0		0		0
132	0	20	0	2	3	0		0		0
132	0	21	0	2	3	0		0		0
132	0	22	0	2	3	0		0		0
132	0	23	0	2	3	0		0		0
132	0	24	0	2	3	0		0		0
132	0	25	0	2	3	0		0		0
132	0	26	0	2	3	0		0		0
132	0	27	0	2	3	0		0		0
132	0	28	0	2	3	0		0		0
132	0	29	0	2	3	0		0		0
132	0	30	0	2	3	0		0		0
132	0	31	0	2	3	0		0		0
132	0	32	0	2	3	0		0		0
132	0	33	0	2	3	0		0		0
132	0	34	0	2	3	0		0		0
132	0	35	0	2	3	0		0		0
132	0	36	0	2	3	0		0		0
132	0	37	0	2	3	0		0		0
132	0	38	0	2	3	0		0		0
132	0	39	0	2	3	0		0		0
132	0	40	0	2	3	0		0		0
132	0	41	0	2	3	0		0		0
132	0	42	0	2	3	0		0		0
132	0	43	0	2	3	0		0		0
132	0	44	0	2	3	0		0		0
132	0	45	0	2	3	0		0		0
132	0	46	0	2	3	0		0		0
132	0	47	0	2	3	0		0		0
132	0	48	0	2	3	0		0		0
132	0	49	0	2	3	0		0		0
132	0	50	0	2	3	0		0		0
132	0	51	0	2	3	0		0		0
132	0	52	0	2	3	0		0		0
132	0	53	0	2	3	0		0		0
132	0	54	0	2	3	0		0		0
132	0	55	0	2	3	0		0		0
132	0	56	0	2	3	0		0		0
132	0	57	0	2	3	0		0		0
132	0	58	0	2	3	0		0		0
132	0	59	0	2	3	0		0		0
132	0	60	0	2	3	0		0		0
132	0	61	0	2	3	0		0		0
132	0	62	0	2	3	0		0		0
132	0	63	0	2	3	0		0		0
#######################################################################
# FBT2-DX1
#######################################################################
132	0	0	1	2	3	0		0		0
132	0	1	1	2	3	0		0		0
132	0	2	1	2	3	0		0		0
132	0	3	1	2	3	0		0		0
132	0	4	1	2	3	0		0		0
132	0	5	1	2	3	0		0		0
132	0	6	1	2	3	0		0		0
132	0	7	1	2	3	0		0		0
132	0	8	1	2	3	0		0		0
132	0	9	1	2	3	0		0		0
132	0	10	1	2	3	0		0		0
132	0	11	1	2	3	0		0		0
132	0	12	1	2	3	0		0		0
132	0	13	1	2	3	0		0		0
132	0	14	1	2	3	0		0		0
132	0	15	1	2	3	0		0		0
132	0	16	1	2	3	0		0		0
132	0	17	1	2	3	0		0		0
132	0	18	1	2	3	0		0		0
132	0	19	1	2	3	0		0		0
132	0	20	1	2	3	0		0		0
132	0	21	1	2	3	0		0		0
132	0	22	1	2	3	0		0		0
132	0	23	1	2	3	0		0		0
132	0	24	1	2	3	0		0		0
132	0	25	1	2	3	0		0		0
132	0	26	1	2	3	0		0		0
132	0	27	1	2	3	0		0		0
132	0	28	1	2	3	0		0		0
132	0	29	1	2	3	0		0		0
132	0	30	1	2	3	0		0		0
132	0	31	1	2	3	0		0		0
132	0	32	1	2	3	0		0		0
132	0	33	1	2	3	0		0		0
132	0	34	1	2	3	0		0		0
132	0	35	1	2	3	0		0		0
132	0	36	1	2	3	0		0		0
132	0	37	1	2	3	0		0		0
132	0	38	1	2	3	0		0		0
132	0	39	1	2	3	0		0		0
132	0	40	1	2	3	0		0		0
132	0	41	1	2	3	0		0		0
132	0	42	1	2	3	0		0		0
132	0	43	1	2	3	0		0		0
132	0	44	1	2	3	0		0		0
132	0	45	1	2	3	0		0		0
132	0	46	1	2	3	0		0		0
132	0	47	1	2	3	0		0		0
132	0	48	1	2	3	0		0		0
132	0	49	1	2	3	0		0		0
132	0	50	1	2	3	0		0		0
132	0	51	1	2	3	0		0		0
132	0	52	1	2	3	0		0		0
132	0	53	1	2	3	0		0		0
132	0	54	1	2	3	0		0		0
132	0	55	1	2	3	0		0		0
132	0	56	1	2	3	0		0		0
132	0	57	1	2	3	0		0		0
132	0	58	1	2	3	0		0		0
132	0	59	1	2	3	0		0		0
132	0	60	1	2	3	0		0		0
132	0	61	1	2	3	0		0		0
132	0	62	1	2	3	0		0		0
132	0	63	1	2	3	0		0		0
#######################################################################
# FBT2-UX2
#######################################################################
132	1	0	0	2	3	0		0		0
132	1	1	0	2	3	0		0		0
132	1	2	0	2	3	0		0		0
132	1	3	0	2	3	0		0		0
132	1	4	0	2	3	0		0		0
132	1	5	0	2	3	0		0		0
132	1	6	0	2	3	0		0		0
132	1	7	0	2	3	0		0		0
132	1	8	0	2	3	0		0		0
132	1	9	0	2	3	0		0		0
132	1	10	0	2	3	0		0		0
132	1	11	0	2	3	0		0		0
132	1	12	0	2	3	0		0		0
132	1	13	0	2	3	0		0		0
132	1	14	0	2	3	0		0		0
132	1	15	0	2	3	0		0		0
132	1	16	0	2	3	0		0		0
132	1	17	0	2	3	0		0		0
132	1	18	0	2	3	0		0		0
132	1	19	0	2	3	0		0		0
132	1	20	0	2	3	0		0		0
132	1	21	0	2	3	0		0		0
132	1	22	0	2	3	0		0		0
132	1	23	0	2	3	0		0		0
132	1	24	0	2	3	0		0		0
132	1	25	0	2	3	0		0		0
132	1	26	0	2	3	0		0		0
132	1	27	0	2	3	0		0		0
132	1	28	0	2	3	0		0		0
132	1	29	0	2	3	0		0		0
132	1	30	0	2	3	0		0		0
132	1	31	0	2	3	0		0		0
132	1	32	0	2	3	0		0		0
132	1	33	0	2	3	0		0		0
132	1	34	0	2	3	0		0		0
132	1	35	0	2	3	0		0		0
132	1	36	0	2	3	0		0		0
132	1	37	0	2	3	0		0		0
132	1	38	0	2	3	0		0		0
132	1	39	0	2	3	0		0		0
132	1	40	0	2	3	0		0		0
132	1	41	0	2	3	0		0		0
132	1	42	0	2	3	0		0		0
132	1	43	0	2	3	0		0		0
132	1	44	0	2	3	0		0		0
132	1	45	0	2	3	0		0		0
132	1	46	0	2	3	0		0		0
132	1	47	0	2	3	0		0		0
132	1	48	0	2	3	0		0		0
132	1	49	0	2	3	0		0		0
132	1	50	0	2	3	0		0		0
132	1	51	0	2	3	0		0		0
132	1	52	0	2	3	0		0		0
132	1	53	0	2	3	0		0		0
132	1	54	0	2	3	0		0		0
132	1	55	0	2	3	0		0		0
132	1	56	0	2	3	0		0		0
132	1	57	0	2	3	0		0		0
132	1	58	0	2	3	0		0		0
132	1	59	0	2	3	0		0		0
132	1	60	0	2	3	0		0		0
132	1	61	0	2	3	0		0		0
132	1	62	0	2	3	0		0		0
132	1	63	0	2	3	0		0		0
#######################################################################
# FBT2-DX2
#######################################################################
132	1	0	1	2	3	0		0		0
132	1	1	1	2	3	0		0		0
132	1	2	1	2	3	0		0		0
132	1	3	1	2	3	0		0		0
132	1	4	1	2	3	0		0		0
132	1	5	1	2	3	0		0		0
132	1	6	1	2	3	0		0		0
132	1	7	1	2	3	0		0		0
132	1	8	1	2	3	0		0		0
132	1	9	1	2	3	0		0		0
132	1	10	1	2	3	0		0		0
132	1	11	1	2	3	0		0		0
132	1	12	1	2	3	0		0		0
132	1	13	1	2	3	0		0		0
132	1	14	1	2	3	0		0		0
132	1	15	1	2	3	0		0		0
132	1	16	1	2	3	0		0		0
132	1	17	1	2	3	0		0		0
132	1	18	1	2	3	0		0		0
132	1	19	1	2	3	0		0		0
132	1	20	1	2	3	0		0		0
132	1	21	1	2	3	0		0		0
132	1	22	1	2	3	0		0		0
132	1	23	1	2	3	0		0		0
132	1	24	1	2	3	0		0		0
132	1	25	1	2	3	0		0		0
132	1	26	1	2	3	0		0		0
132	1	27	1	2	3	0		0		0
132	1	28	1	2	3	0		0		0
132	1	29	1	2	3	0		0		0
132	1	30	1	2	3	0		0		0
132	1	31	1	2	3	0		0		0
132	1	32	1	2	3	0		0		0
132	1	33	1	2	3	0		0		0
132	1	34	1	2	3	0		0		0
132	1	35	1	2	3	0		0		0
132	1	36	1	2	3	0		0		0
132	1	37	1	2	3	0		0		0
132	1	38	1	2	3	0		0		0
132	1	39	1	2	3	0		0		0
132	1	40	1	2	3	0		0		0
132	1	41	1	2	3	0		0		0
132	1	42	1	2	3	0		0		0
132	1	43	1	2	3	0		0		0
132	1	44	1	2	3	0		0		0
132	1	45	1	2	3	0		0		0
132	1	46	1	2	3	0		0		0
132	1	47	1	2	3	0		0		0
132	1	48	1	2	3	0		0		0
132	1	49	1	2	3	0		0		0
132	1	50	1	2	3	0		0		0
132	1	51	1	2	3	0		0		0
132	1	52	1	2	3	0		0		0
132	1	53	1	2	3	0		0		0
132	1	54	1	2	3	0		0		0
132	1	55	1	2	3	0		0		0
132	1	56	1	2	3	0		0		0
132	1	57	1	2	3	0		0		0
132	1	58	1	2	3	0		0		0
132	1	59	1	2	3	0		0		0
132	1	60	1	2	3	0		0		0
132	1	61	1	2	3	0		0		0
132	1	62	1	2	3	0		0		0
132	1	63	1	2	3	0		0		0
