# HodoPHCParam
#devid	plid	seg	UorD	type	Nparam	p0	p1	p2
3	0	0	0	1	3	-2.00132	0.000	-2.09204	
3	0	1	0	1	3	0	0.000	0	
3	0	2	0	1	3	-0.0217284	0.000	0.00762985	
3	0	3	0	1	3	0.598633	0.000	0.742296	
3	0	4	0	1	3	2.10031	0.000	1.9016	
3	0	5	0	1	3	0.678561	0.000	0.754499	
3	0	6	0	1	3	0.976984	0.000	1.07196	
3	0	7	0	1	3	1.52027	0.000	1.56707	
3	0	8	0	1	3	-1.25056	0.000	-0.716833	
3	0	9	0	1	3	0	0.000	0	
3	0	10	0	1	3	2.44723	0.000	-1.95	
3	0	0	1	1	3	0.881727	0.000	1.64348	
3	0	1	1	1	3	0.625789	0.000	1.22688	
3	0	2	1	1	3	0.99714	0.000	1.2447	
3	0	3	1	1	3	1.57699	0.000	1.94999	
3	0	4	1	1	3	2.0268	0.000	2.21615	
3	0	5	1	1	3	1.53447	0.000	1.60556	
3	0	6	1	1	3	0.0293419	0.000	0.19798	
3	0	7	1	1	3	2.2524	0.000	2.27261	
3	0	8	1	1	3	0.99188	0.000	1.14215	
3	0	9	1	1	3	1.6125	0.000	0.115229	
3	0	10	1	1	3	1.55226	0.000	4.4688	
4	0	0	0	0	3	0.256385	0.000	0.182381	
4	0	1	0	0	3	0.672079	0.000	0.615249	
4	0	2	0	0	3	0.580033	0.000	0.445963	
4	0	3	0	0	3	0.102717	0.000	0.114449	
4	0	4	0	0	3	0.229896	0.000	0.0584366	
4	0	5	0	0	3	0.620025	0.000	0.483559	
4	0	6	0	0	3	0.525234	0.000	0.378395	
4	0	0	1	0	3	0.782789	0.000	0.747135	
4	0	1	1	0	3	1.37489	0.000	1.26201	
4	0	2	1	0	3	2.01687	0.000	1.93041	
4	0	3	1	0	3	0.427314	0.000	0.438317	
4	0	4	1	0	3	1.76051	0.000	1.61174	
4	0	5	1	0	3	1.29212	0.000	0.978861	
4	0	6	1	0	3	-0.247065	0.000	-0.287145	














