##
#  file: HodoPHCParam_Dummy
#  date: 2016.06.15
#  note: first version
#
#
#######################################################################
# CId	PlId	Seg	UorD	Type	nParam	p0	p1	...
#
#	Type=0 no correction will be performed
#	Type=1 ct=t-p[0]/sqrt(a-p[1])+p[2]
#	Type=2 ct=p[0]*a*a + p[1]*a + p[2] for Fiber
#
#######################################################################
# BH1 Up                                                              #
#######################################################################
1	0	0	0	1	3	0.0000000	0.0000000	0.0000000
1	0	1	0	1	3	0.0000000	0.0000000	0.0000000
1	0	2	0	1	3	0.9449768	0.0010000	0.9999996
1	0	3	0	1	3	0.7427834	-0.0009974	0.9933258
1	0	4	0	1	3	0.8219747	0.0009995	0.9999984
1	0	5	0	1	3	0.7232135	0.0010000	0.9999996
1	0	6	0	1	3	0.8453099	0.0009995	0.9999998
1	0	7	0	1	3	0.6857167	0.0009998	0.9999977
1	0	8	0	1	3	0.6460871	0.0009997	0.7747605
1	0	9	0	1	3	0.0000000	0.0000000	0.0000000
1	0	10	0	1	3	0.0000000	0.0000000	0.0000000
#######################################################################
# BH1 Down                                                            #
#######################################################################
1	0	0	1	1	3	0.0000000	0.0000000	0.0000000
1	0	1	1	1	3	0.0000000	0.0000000	0.0000000
1	0	2	1	1	3	1.0012134	0.0009998	0.9999982
1	0	3	1	1	3	0.6586957	0.0010000	0.9999991
1	0	4	1	1	3	0.7770022	0.0009996	0.9999984
1	0	5	1	1	3	0.7244691	0.0009996	0.9999999
1	0	6	1	1	3	0.8485166	0.0009997	1.0000000
1	0	7	1	1	3	0.7068835	0.0009999	1.0000000
1	0	8	1	1	3	0.7963089	0.0009994	0.8432055
1	0	9	1	1	3	0.0000000	0.0000000	0.0000000
1	0	10	1	1	3	0.0000000	0.0000000	0.0000000
#######################################################################
# BH2 Up                                                              #
#######################################################################
2	0	0	0	1	3	1.6168685	-0.0009660	1.8120087
#######################################################################
# BH2 Down                                                            #
#######################################################################
2	0	0	1	1	3	1.5384588	0.0009330	1.7414464
#######################################################################
# BAC                                                                 #
#######################################################################
3	0	0	0	1	3	0.000	0.000	0.000
3	0	1	0	1	3	0.000	0.000	0.000
#######################################################################
# FBH Up                                                              #
#######################################################################
4	0	0	0	2	3	-0.00562952	0.896903	-35.327275
4	0	1	0	2	3	-0.00429399	0.737975	-30.004854
4	0	2	0	2	3	-0.00526894	0.867305	-33.899206
4	0	3	0	2	3	-0.00380183	0.669237	-27.226045
4	0	4	0	2	3	-0.00435014	0.735785	-29.200769
4	0	5	0	2	3	-0.00402541	0.686907	-27.031160
4	0	6	0	2	3	-0.00416660	0.708229	-28.151202
4	0	7	0	2	3	-0.00393117	0.684759	-26.910142
4	0	8	0	2	3	-0.00414423	0.696902	-26.588315
4	0	9	0	2	3	-0.00283372	0.562925	-22.078731
4	0	10	0	2	3	-0.00407944	0.709420	-27.560267
4	0	11	0	2	3	-0.00350961	0.650113	-26.416670
4	0	12	0	2	3	-0.00352415	0.649734	-26.723172
4	0	13	0	2	3	-0.00413420	0.726957	-29.967550
4	0	14	0	2	3	-0.00490315	0.827563	-33.563002
4	0	15	0	2	3	-0.00473048	0.813189	-33.190118
#######################################################################
# FBH Down                                                            #
#######################################################################
4	0	0	1	2	3	-0.00562952	0.896903	-35.327275
4	0	1	1	2	3	-0.00429399	0.737975	-30.004854
4	0	2	1	2	3	-0.00526894	0.867305	-33.899206
4	0	3	1	2	3	-0.00380183	0.669237	-27.226045
4	0	4	1	2	3	-0.00435014	0.735785	-29.200769
4	0	5	1	2	3	-0.00402541	0.686907	-27.031160
4	0	6	1	2	3	-0.00416660	0.708229	-28.151202
4	0	7	1	2	3	-0.00393117	0.684759	-26.910142
4	0	8	1	2	3	-0.00414423	0.696902	-26.588315
4	0	9	1	2	3	-0.00283372	0.562925	-22.078731
4	0	10	1	2	3	-0.00407944	0.709420	-27.560267
4	0	11	1	2	3	-0.00350961	0.650113	-26.416670
4	0	12	1	2	3	-0.00352415	0.649734	-26.723172
4	0	13	1	2	3	-0.00413420	0.726957	-29.967550
4	0	14	1	2	3	-0.00490315	0.827563	-33.563002
4	0	15	1	2	3	-0.00473048	0.813189	-33.190118
#######################################################################
# PVAC                                                                #
#######################################################################
5	0	0	0	1	3	0.000	0.000	0.000
#######################################################################
# FAC                                                                 #
#######################################################################
6	0	0	0	1	3	0.000	0.000	0.000
#######################################################################
# SCH                                                                 #
#######################################################################
7	0	0	0	2	3	-0.00500000	0.821213	-32.185321
7	0	1	0	2	3	-0.00500000	0.830248	-32.269563
7	0	2	0	2	3	-0.00500000	0.793073	-29.315934
7	0	3	0	2	3	-0.00500000	0.772144	-28.276705
7	0	4	0	2	3	-0.00500000	0.801968	-30.687167
7	0	5	0	2	3	-0.00500000	0.778300	-28.439251
7	0	6	0	2	3	-0.00500000	0.765872	-27.918181
7	0	7	0	2	3	-0.00500000	0.738459	-26.016797
7	0	8	0	2	3	-0.00500000	0.778318	-28.676371
7	0	9	0	2	3	-0.00500000	0.776670	-28.892887
7	0	10	0	2	3	-0.00500000	0.764278	-28.122474
7	0	11	0	2	3	-0.00500000	0.790742	-29.423647
7	0	12	0	2	3	-0.00500000	0.811330	-30.487019
7	0	13	0	2	3	-0.00500000	0.818750	-30.891512
7	0	14	0	2	3	-0.00500000	0.802541	-30.009136
7	0	15	0	2	3	-0.00500000	0.809525	-30.751746
7	0	16	0	2	3	-0.00500000	0.802597	-30.845509
7	0	17	0	2	3	-0.00500000	0.835028	-32.780792
7	0	18	0	2	3	-0.00500000	0.859176	-33.938731
7	0	19	0	2	3	-0.00500000	0.814851	-31.445396
7	0	20	0	2	3	-0.00500000	0.809426	-30.781087
7	0	21	0	2	3	-0.00500000	0.780678	-28.888756
7	0	22	0	2	3	-0.00500000	0.808206	-30.719604
7	0	23	0	2	3	-0.00500000	0.774024	-27.858339
7	0	24	0	2	3	-0.00500000	0.794308	-29.022101
7	0	25	0	2	3	-0.00500000	0.775649	-27.980186
7	0	26	0	2	3	-0.00500000	0.788483	-28.687567
7	0	27	0	2	3	-0.00466315	0.771386	-29.253260
7	0	28	0	2	3	-0.00483132	0.790854	-28.637741
7	0	29	0	2	3	-0.00497049	0.812994	-30.786914
7	0	30	0	2	3	-0.00500000	0.787793	-28.362716
7	0	31	0	2	3	-0.00500000	0.790759	-28.876812
7	0	32	0	2	3	-0.00500000	0.824826	-31.655285
7	0	33	0	2	3	-0.00500000	0.845304	-33.407765
7	0	34	0	2	3	-0.00500000	0.832263	-32.939799
7	0	35	0	2	3	-0.00500000	0.820631	-31.695372
7	0	36	0	2	3	-0.00500000	0.836997	-33.200590
7	0	37	0	2	3	-0.00500000	0.819690	-32.097193
7	0	38	0	2	3	-0.00500000	0.808109	-31.263214
7	0	39	0	2	3	-0.00500000	0.815224	-31.135523
7	0	40	0	2	3	-0.00500000	0.803398	-29.897923
7	0	41	0	2	3	-0.00500000	0.815685	-31.165519
7	0	42	0	2	3	-0.00500000	0.812980	-30.737261
7	0	43	0	2	3	-0.00500000	0.829418	-32.693307
7	0	44	0	2	3	-0.00500000	0.789530	-29.464920
7	0	45	0	2	3	-0.00500000	0.804789	-31.208151
7	0	46	0	2	3	-0.00500000	0.830106	-32.806514
7	0	47	0	2	3	-0.00500000	0.819206	-31.373242
7	0	48	0	2	3	-0.00500000	0.816165	-31.709319
7	0	49	0	2	3	-0.00500000	0.798496	-30.201709
7	0	50	0	2	3	-0.00500000	0.812167	-31.795745
7	0	51	0	2	3	-0.00500000	0.810749	-31.375226
7	0	52	0	2	3	-0.00500000	0.803385	-31.372512
7	0	53	0	2	3	-0.00500000	0.777405	-29.262831
7	0	54	0	2	3	-0.00500000	0.783954	-29.763410
7	0	55	0	2	3	-0.00500000	0.789443	-29.976449
7	0	56	0	2	3	-0.00500000	0.838828	-33.261086
7	0	57	0	2	3	-0.00500000	0.804421	-30.573195
7	0	58	0	2	3	-0.00500000	0.773283	-29.111048
7	0	59	0	2	3	-0.00500000	0.811789	-31.449459
7	0	60	0	2	3	-0.00500000	0.759724	-28.110014
7	0	61	0	2	3	-0.00500000	0.810884	-31.379063
7	0	62	0	2	3	-0.00500000	0.771910	-28.435006
7	0	63	0	2	3	-0.00500000	0.796658	-30.511906
#######################################################################
# TOF Up                                                              #
#######################################################################
8	0	0	0	1	3	0.5918625000	-0.0014645000	0.5485107000
8	0	1	0	1	3	1.1375538000	0.0019690000	0.9999996000
8	0	2	0	1	3	0.8563064000	0.0019847000	0.7531257000
8	0	3	0	1	3	0.9101054000	0.0019997000	0.8037249000
8	0	4	0	1	3	1.0766999000	0.0019995000	0.9438542000
8	0	5	0	1	3	0.9230141000	0.0019989000	0.7702783000
8	0	6	0	1	3	0.4540021000	-0.0019082000	0.3708940000
8	0	7	0	1	3	0.8017253000	0.0019915000	0.6711183000
8	0	8	0	1	3	0.3268195000	-0.0019972000	0.2563612000
8	0	9	0	1	3	0.2550645000	-0.0016248000	0.1911810000
8	0	10	0	1	3	0.3873301000	-0.0019991000	0.2980796000
8	0	11	0	1	3	0.5174798000	0.0019921000	0.4067743000
8	0	12	0	1	3	0.4265733000	0.0017649000	0.3368771000
8	0	13	0	1	3	0.6768126000	0.0019907000	0.5362682000
8	0	14	0	1	3	0.5152718000	0.0019866000	0.4353503000
8	0	15	0	1	3	0.5269793000	-0.0018747000	0.4440967000
8	0	16	0	1	3	0.5786120000	0.0012614000	0.4762022000
8	0	17	0	1	3	0.6920594000	0.0019111000	0.5641988000
8	0	18	0	1	3	0.6656803000	0.0019989000	0.5358639000
8	0	19	0	1	3	0.7114914000	0.0018518000	0.5824019000
8	0	20	0	1	3	0.5594040000	-0.0017381000	0.4507162000
8	0	21	0	1	3	0.8924988000	0.0019990000	0.7373644000
8	0	22	0	1	3	0.6375529000	0.0019996000	0.5454487000
8	0	23	0	1	3	1.1920992000	0.0019892000	0.9999937000
#######################################################################
# TOF Down                                                            #
#######################################################################
8	0	0	1	1	3	0.6748904000	-0.0003875000	0.6344526000
8	0	1	1	1	3	1.1347037000	0.0019998000	0.9999768000
8	0	2	1	1	3	0.7378101000	0.0019752000	0.6452375000
8	0	3	1	1	3	0.7062657000	0.0019506000	0.6275713000
8	0	4	1	1	3	0.9224007000	0.0019992000	0.7966608000
8	0	5	1	1	3	0.9497391000	0.0019987000	0.7916955000
8	0	6	1	1	3	0.4856645000	0.0019852000	0.3867092000
8	0	7	1	1	3	0.7823660000	0.0019966000	0.6589197000
8	0	8	1	1	3	0.3613458000	-0.0019990000	0.2900678000
8	0	9	1	1	3	0.2622450000	-0.0018143000	0.1998500000
8	0	10	1	1	3	0.3198154000	-0.0019572000	0.2393374000
8	0	11	1	1	3	0.4761734000	-0.0016275000	0.3777880000
8	0	12	1	1	3	0.4507447000	-0.0013800000	0.3590243000
8	0	13	1	1	3	0.5047003000	0.0016554000	0.3886403000
8	0	14	1	1	3	0.5282479000	0.0018444000	0.4454710000
8	0	15	1	1	3	0.4647118000	-0.0011638000	0.3963824000
8	0	16	1	1	3	0.5195732000	-0.0018842000	0.4320114000
8	0	17	1	1	3	0.5745021000	0.0019951000	0.4553644000
8	0	18	1	1	3	0.6514904000	0.0016129000	0.5507963000
8	0	19	1	1	3	0.6187408000	0.0019986000	0.4908311000
8	0	20	1	1	3	0.5759006000	0.0010421000	0.4725088000
8	0	21	1	1	3	0.9410461000	0.0019989000	0.7793573000
8	0	22	1	1	3	0.4842658000	-0.0019559000	0.3997862000
8	0	23	1	1	3	0.8977137000	0.0019986000	0.7562997000
#######################################################################
# BFT U                                                               #
#######################################################################
110	0	0	0	2	3	-0.00207009	0.585355	-22.000000
110	0	1	0	2	3	-0.00600000	0.696489	-18.000000
110	0	2	0	2	3	-0.00200000	0.533908	-22.000000
110	0	3	0	2	3	-0.00600000	0.724947	-18.000000
110	0	4	0	2	3	-0.00560806	0.717512	-22.000000
110	0	5	0	2	3	-0.00600000	0.691908	-18.000000
110	0	6	0	2	3	-0.00554989	0.665737	-18.000000
110	0	7	0	2	3	-0.00514338	0.639530	-18.000001
110	0	8	0	2	3	-0.00483323	0.630424	-18.000001
110	0	9	0	2	3	-0.00600000	0.742543	-21.609485
110	0	10	0	2	3	-0.00485543	0.649176	-18.000000
110	0	11	0	2	3	-0.00599999	0.711180	-20.116162
110	0	12	0	2	3	-0.00514350	0.655490	-18.000009
110	0	13	0	2	3	-0.00566335	0.737759	-21.999998
110	0	14	0	2	3	-0.00483414	0.625091	-18.000003
110	0	15	0	2	3	-0.00581812	0.703130	-19.951182
110	0	16	0	2	3	-0.00494188	0.653696	-18.000214
110	0	17	0	2	3	-0.00489023	0.624778	-18.000006
110	0	18	0	2	3	-0.00504662	0.637499	-18.000008
110	0	19	0	2	3	-0.00600000	0.725647	-21.016710
110	0	20	0	2	3	-0.00539519	0.661526	-18.000002
110	0	21	0	2	3	-0.00600000	0.742247	-21.268808
110	0	22	0	2	3	-0.00599999	0.745982	-20.374048
110	0	23	0	2	3	-0.00476803	0.615713	-18.000028
110	0	24	0	2	3	-0.00523739	0.645536	-18.000015
110	0	25	0	2	3	-0.00472057	0.600830	-18.000000
110	0	26	0	2	3	-0.00525243	0.689561	-20.367417
110	0	27	0	2	3	-0.00476949	0.617048	-18.000003
110	0	28	0	2	3	-0.00600000	0.739367	-19.763844
110	0	29	0	2	3	-0.00599997	0.740640	-21.579411
110	0	30	0	2	3	-0.00599992	0.746523	-20.736284
110	0	31	0	2	3	-0.00452873	0.594048	-18.000104
110	0	32	0	2	3	-0.00460249	0.629507	-18.000026
110	0	33	0	2	3	-0.00594730	0.698783	-18.000900
110	0	34	0	2	3	-0.00441784	0.599342	-18.000000
110	0	35	0	2	3	-0.00554603	0.685123	-19.310408
110	0	36	0	2	3	-0.00535218	0.683310	-18.821679
110	0	37	0	2	3	-0.00535192	0.672926	-20.233922
110	0	38	0	2	3	-0.00472662	0.626753	-18.000002
110	0	39	0	2	3	-0.00600000	0.727338	-21.105817
110	0	40	0	2	3	-0.00503218	0.656501	-18.000000
110	0	41	0	2	3	-0.00467767	0.597181	-18.000001
110	0	42	0	2	3	-0.00473585	0.627043	-18.000010
110	0	43	0	2	3	-0.00450080	0.599026	-18.000000
110	0	44	0	2	3	-0.00534866	0.665846	-18.000005
110	0	45	0	2	3	-0.00599999	0.719458	-20.479463
110	0	46	0	2	3	-0.00414987	0.590156	-18.000000
110	0	47	0	2	3	-0.00466269	0.673071	-22.000000
110	0	48	0	2	3	-0.00527194	0.661332	-18.000011
110	0	49	0	2	3	-0.00574183	0.734730	-22.000000
110	0	50	0	2	3	-0.00522502	0.650201	-18.000002
110	0	51	0	2	3	-0.00454209	0.617424	-19.135090
110	0	52	0	2	3	-0.00464403	0.620411	-18.000149
110	0	53	0	2	3	-0.00553387	0.685078	-19.118098
110	0	54	0	2	3	-0.00416114	0.590983	-18.000005
110	0	55	0	2	3	-0.00600000	0.734523	-21.358664
110	0	56	0	2	3	-0.00599991	0.747086	-21.095401
110	0	57	0	2	3	-0.00479791	0.625759	-18.554788
110	0	58	0	2	3	-0.00514524	0.688073	-20.418664
110	0	59	0	2	3	-0.00369075	0.562582	-18.004020
110	0	60	0	2	3	-0.00517996	0.670118	-18.000006
110	0	61	0	2	3	-0.00498554	0.630124	-18.000012
110	0	62	0	2	3	-0.00513727	0.655890	-18.000007
110	0	63	0	2	3	-0.00461116	0.617140	-19.018177
110	0	64	0	2	3	-0.00599999	0.759039	-21.780792
110	0	65	0	2	3	-0.00469005	0.604623	-18.000000
110	0	66	0	2	3	-0.00600000	0.757243	-21.258063
110	0	67	0	2	3	-0.00600000	0.736224	-20.971007
110	0	68	0	2	3	-0.00413158	0.595288	-18.000000
110	0	69	0	2	3	-0.00440989	0.590118	-18.000104
110	0	70	0	2	3	-0.00439391	0.617000	-18.401118
110	0	71	0	2	3	-0.00599995	0.748675	-21.183810
110	0	72	0	2	3	-0.00467681	0.640155	-18.892468
110	0	73	0	2	3	-0.00499615	0.650679	-19.273553
110	0	74	0	2	3	-0.00600000	0.750457	-21.169367
110	0	75	0	2	3	-0.00489919	0.634452	-18.000000
110	0	76	0	2	3	-0.00467180	0.615574	-18.000009
110	0	77	0	2	3	-0.00497016	0.650566	-18.930972
110	0	78	0	2	3	-0.00402407	0.581015	-18.000001
110	0	79	0	2	3	-0.00599999	0.719972	-19.602711
110	0	80	0	2	3	-0.00406483	0.587376	-18.000432
110	0	81	0	2	3	-0.00501289	0.636496	-18.043235
110	0	82	0	2	3	-0.00546673	0.653845	-18.000004
110	0	83	0	2	3	-0.00600000	0.747475	-21.530134
110	0	84	0	2	3	-0.00505437	0.664360	-19.048247
110	0	85	0	2	3	-0.00599999	0.727029	-20.254547
110	0	86	0	2	3	-0.00599999	0.761334	-21.837999
110	0	87	0	2	3	-0.00536999	0.712322	-21.999998
110	0	88	0	2	3	-0.00482582	0.622718	-18.000000
110	0	89	0	2	3	-0.00598610	0.745833	-20.667443
110	0	90	0	2	3	-0.00422768	0.594508	-18.000004
110	0	91	0	2	3	-0.00408039	0.590920	-18.000111
110	0	92	0	2	3	-0.00551884	0.711456	-20.302418
110	0	93	0	2	3	-0.00443493	0.597843	-18.000000
110	0	94	0	2	3	-0.00450611	0.636799	-19.221692
110	0	95	0	2	3	-0.00409236	0.583600	-18.000004
110	0	96	0	2	3	-0.00575985	0.746965	-22.000000
110	0	97	0	2	3	-0.00507398	0.673052	-19.710109
110	0	98	0	2	3	-0.00387746	0.579847	-18.191867
110	0	99	0	2	3	-0.00600000	0.753645	-21.208578
110	0	100	0	2	3	-0.00560518	0.706549	-20.204289
110	0	101	0	2	3	-0.00491259	0.640555	-18.538541
110	0	102	0	2	3	-0.00441425	0.600345	-18.000000
110	0	103	0	2	3	-0.00439046	0.593254	-18.000165
110	0	104	0	2	3	-0.00478910	0.640620	-18.000175
110	0	105	0	2	3	-0.00524373	0.660579	-19.166098
110	0	106	0	2	3	-0.00446742	0.604533	-18.000003
110	0	107	0	2	3	-0.00484956	0.625237	-18.000642
110	0	108	0	2	3	-0.00599851	0.752329	-21.253874
110	0	109	0	2	3	-0.00448438	0.606051	-18.169219
110	0	110	0	2	3	-0.00420158	0.597642	-18.000023
110	0	111	0	2	3	-0.00566730	0.709669	-20.420121
110	0	112	0	2	3	-0.00565143	0.688099	-19.144487
110	0	113	0	2	3	-0.00600000	0.726435	-20.655659
110	0	114	0	2	3	-0.00496944	0.643402	-18.646260
110	0	115	0	2	3	-0.00435428	0.594049	-18.000018
110	0	116	0	2	3	-0.00472369	0.643025	-18.748088
110	0	117	0	2	3	-0.00435902	0.604112	-18.359837
110	0	118	0	2	3	-0.00417100	0.608308	-18.765349
110	0	119	0	2	3	-0.00498248	0.639643	-18.000054
110	0	120	0	2	3	-0.00458968	0.621345	-18.000023
110	0	121	0	2	3	-0.00533828	0.698099	-19.274477
110	0	122	0	2	3	-0.00386609	0.584814	-19.019398
110	0	123	0	2	3	-0.00503496	0.639427	-18.000001
110	0	124	0	2	3	-0.00466775	0.604434	-18.000001
110	0	125	0	2	3	-0.00529142	0.675558	-18.000001
110	0	126	0	2	3	-0.00416171	0.601711	-18.000075
110	0	127	0	2	3	-0.00559949	0.673229	-18.000000
110	0	128	0	2	3	-0.00532065	0.717867	-21.999999
110	0	129	0	2	3	-0.00389546	0.588785	-18.000023
110	0	130	0	2	3	-0.00294995	0.527538	-18.000010
110	0	131	0	2	3	-0.00459583	0.595348	-18.000001
110	0	132	0	2	3	-0.00516520	0.721719	-22.000000
110	0	133	0	2	3	-0.00451409	0.605193	-18.000007
110	0	134	0	2	3	-0.00517137	0.712412	-22.000000
110	0	135	0	2	3	-0.00597846	0.753197	-21.999999
110	0	136	0	2	3	-0.00405787	0.582306	-18.000000
110	0	137	0	2	3	-0.00599999	0.752426	-21.954512
110	0	138	0	2	3	-0.00480709	0.687110	-22.000000
110	0	139	0	2	3	-0.00396225	0.604347	-18.733359
110	0	140	0	2	3	-0.00546590	0.737122	-22.000000
110	0	141	0	2	3	-0.00583731	0.753241	-22.000000
110	0	142	0	2	3	-0.00420705	0.577870	-18.000001
110	0	143	0	2	3	-0.00361649	0.556572	-18.000000
110	0	144	0	2	3	-0.00600000	0.762141	-21.631377
110	0	145	0	2	3	-0.00600000	0.728527	-20.634061
110	0	146	0	2	3	-0.00600000	0.737137	-21.328965
110	0	147	0	2	3	-0.00599980	0.717119	-20.160820
110	0	148	0	2	3	-0.00467947	0.697720	-21.518541
110	0	149	0	2	3	-0.00499860	0.628148	-18.000007
110	0	150	0	2	3	-0.00389750	0.580541	-18.000020
110	0	151	0	2	3	-0.00489708	0.661095	-19.165705
110	0	152	0	2	3	-0.00466244	0.697578	-22.000000
110	0	153	0	2	3	-0.00560349	0.748198	-22.000000
110	0	154	0	2	3	-0.00410116	0.624529	-19.735399
110	0	155	0	2	3	-0.00344090	0.557010	-18.000001
110	0	156	0	2	3	-0.00524765	0.736874	-22.000000
110	0	157	0	2	3	-0.00326144	0.550097	-18.000002
110	0	158	0	2	3	-0.00600000	0.662374	-18.000000
110	0	159	0	2	3	-0.00200000	0.524981	-21.999999
#######################################################################
# BFT D                                                               #
#######################################################################
110	1	0	0	2	3	-0.00600000	0.635653	-18.000000
110	1	1	0	2	3	-0.00474783	0.742841	-22.000000
110	1	2	0	2	3	-0.00600000	0.643357	-18.000000
110	1	3	0	2	3	-0.00402123	0.643389	-22.000000
110	1	4	0	2	3	-0.00600000	0.757087	-22.000000
110	1	5	0	2	3	-0.00381752	0.641028	-21.999999
110	1	6	0	2	3	-0.00599998	0.759036	-21.568737
110	1	7	0	2	3	-0.00599999	0.747325	-21.583207
110	1	8	0	2	3	-0.00311346	0.531182	-18.000121
110	1	9	0	2	3	-0.00219570	0.572588	-22.000000
110	1	10	0	2	3	-0.00599998	0.741786	-20.168954
110	1	11	0	2	3	-0.00521852	0.725738	-21.999993
110	1	12	0	2	3	-0.00462544	0.626052	-18.000006
110	1	13	0	2	3	-0.00475653	0.600005	-18.000004
110	1	14	0	2	3	-0.00387475	0.575322	-18.000000
110	1	15	0	2	3	-0.00520594	0.709396	-22.000000
110	1	16	0	2	3	-0.00493834	0.637277	-18.000006
110	1	17	0	2	3	-0.00497601	0.628136	-18.000178
110	1	18	0	2	3	-0.00382340	0.578835	-18.003020
110	1	19	0	2	3	-0.00600000	0.737457	-21.165096
110	1	20	0	2	3	-0.00497843	0.633232	-18.000000
110	1	21	0	2	3	-0.00430979	0.651768	-21.766999
110	1	22	0	2	3	-0.00507754	0.641917	-18.000001
110	1	23	0	2	3	-0.00570349	0.704191	-20.618918
110	1	24	0	2	3	-0.00404925	0.574786	-18.000020
110	1	25	0	2	3	-0.00467438	0.622228	-19.166417
110	1	26	0	2	3	-0.00542078	0.706730	-20.839335
110	1	27	0	2	3	-0.00596650	0.750214	-22.000000
110	1	28	0	2	3	-0.00586657	0.751834	-21.999988
110	1	29	0	2	3	-0.00416661	0.593509	-18.000004
110	1	30	0	2	3	-0.00600000	0.751475	-21.725024
110	1	31	0	2	3	-0.00448035	0.595023	-18.000000
110	1	32	0	2	3	-0.00472642	0.639659	-18.000003
110	1	33	0	2	3	-0.00600000	0.770189	-21.973784
110	1	34	0	2	3	-0.00561499	0.701398	-19.345585
110	1	35	0	2	3	-0.00364349	0.547637	-18.000002
110	1	36	0	2	3	-0.00425631	0.590576	-18.321155
110	1	37	0	2	3	-0.00462734	0.609971	-18.000000
110	1	38	0	2	3	-0.00453196	0.607492	-18.694944
110	1	39	0	2	3	-0.00600000	0.751968	-21.580148
110	1	40	0	2	3	-0.00442411	0.607019	-18.613925
110	1	41	0	2	3	-0.00412775	0.576194	-18.000001
110	1	42	0	2	3	-0.00493080	0.642388	-18.722521
110	1	43	0	2	3	-0.00600000	0.749594	-21.693292
110	1	44	0	2	3	-0.00599994	0.731654	-20.992426
110	1	45	0	2	3	-0.00600000	0.745592	-21.893961
110	1	46	0	2	3	-0.00487328	0.635108	-18.000000
110	1	47	0	2	3	-0.00341628	0.528154	-18.000001
110	1	48	0	2	3	-0.00599709	0.749119	-21.542249
110	1	49	0	2	3	-0.00531860	0.671227	-19.294690
110	1	50	0	2	3	-0.00442403	0.601477	-18.000000
110	1	51	0	2	3	-0.00568808	0.731055	-21.999995
110	1	52	0	2	3	-0.00366273	0.561613	-18.000001
110	1	53	0	2	3	-0.00565027	0.708537	-21.267620
110	1	54	0	2	3	-0.00496212	0.624393	-18.000000
110	1	55	0	2	3	-0.00518885	0.676710	-20.508650
110	1	56	0	2	3	-0.00403946	0.595186	-18.640573
110	1	57	0	2	3	-0.00600000	0.739349	-21.423409
110	1	58	0	2	3	-0.00385002	0.575206	-18.000004
110	1	59	0	2	3	-0.00289080	0.519053	-18.000012
110	1	60	0	2	3	-0.00595177	0.759493	-22.000000
110	1	61	0	2	3	-0.00487434	0.617333	-18.000001
110	1	62	0	2	3	-0.00483710	0.648173	-19.258304
110	1	63	0	2	3	-0.00600000	0.737557	-21.643751
110	1	64	0	2	3	-0.00583967	0.744798	-21.646472
110	1	65	0	2	3	-0.00515225	0.668828	-19.335477
110	1	66	0	2	3	-0.00449172	0.624131	-18.000004
110	1	67	0	2	3	-0.00599580	0.756181	-20.955443
110	1	68	0	2	3	-0.00503576	0.645111	-18.000016
110	1	69	0	2	3	-0.00425751	0.585208	-18.000002
110	1	70	0	2	3	-0.00600000	0.758022	-21.248974
110	1	71	0	2	3	-0.00410172	0.578821	-18.000000
110	1	72	0	2	3	-0.00490716	0.655646	-19.415230
110	1	73	0	2	3	-0.00520133	0.683431	-21.104978
110	1	74	0	2	3	-0.00434042	0.615749	-18.000017
110	1	75	0	2	3	-0.00600000	0.754760	-21.563693
110	1	76	0	2	3	-0.00491046	0.638969	-18.563680
110	1	77	0	2	3	-0.00406341	0.585889	-18.000076
110	1	78	0	2	3	-0.00547517	0.705319	-19.669111
110	1	79	0	2	3	-0.00600000	0.759664	-21.796919
110	1	80	0	2	3	-0.00501007	0.645797	-18.660286
110	1	81	0	2	3	-0.00509254	0.658409	-18.533024
110	1	82	0	2	3	-0.00531430	0.716717	-21.999999
110	1	83	0	2	3	-0.00497029	0.630547	-18.000072
110	1	84	0	2	3	-0.00527302	0.652330	-18.000000
110	1	85	0	2	3	-0.00491383	0.632244	-18.000003
110	1	86	0	2	3	-0.00436557	0.590775	-18.000019
110	1	87	0	2	3	-0.00555879	0.689328	-18.000005
110	1	88	0	2	3	-0.00515927	0.681011	-20.260537
110	1	89	0	2	3	-0.00600000	0.759237	-21.999971
110	1	90	0	2	3	-0.00467646	0.630494	-18.000011
110	1	91	0	2	3	-0.00538636	0.672763	-19.407960
110	1	92	0	2	3	-0.00492747	0.627454	-18.000000
110	1	93	0	2	3	-0.00458680	0.618780	-18.208651
110	1	94	0	2	3	-0.00599989	0.742284	-21.053171
110	1	95	0	2	3	-0.00472801	0.619536	-18.000000
110	1	96	0	2	3	-0.00559011	0.728260	-20.788048
110	1	97	0	2	3	-0.00435325	0.594460	-18.000032
110	1	98	0	2	3	-0.00433099	0.614510	-19.130530
110	1	99	0	2	3	-0.00495506	0.636557	-18.000000
110	1	100	0	2	3	-0.00444885	0.599872	-18.000445
110	1	101	0	2	3	-0.00427608	0.604864	-18.559871
110	1	102	0	2	3	-0.00445888	0.609416	-18.000004
110	1	103	0	2	3	-0.00599996	0.721911	-19.678884
110	1	104	0	2	3	-0.00532359	0.685080	-19.801854
110	1	105	0	2	3	-0.00432899	0.602390	-18.001125
110	1	106	0	2	3	-0.00577744	0.740390	-21.999997
110	1	107	0	2	3	-0.00479300	0.627904	-18.004797
110	1	108	0	2	3	-0.00596825	0.746220	-21.999983
110	1	109	0	2	3	-0.00388855	0.572219	-18.000013
110	1	110	0	2	3	-0.00515326	0.683521	-19.944118
110	1	111	0	2	3	-0.00525151	0.711657	-21.999996
110	1	112	0	2	3	-0.00564152	0.721109	-20.596874
110	1	113	0	2	3	-0.00600000	0.748296	-21.228030
110	1	114	0	2	3	-0.00425704	0.607110	-18.107464
110	1	115	0	2	3	-0.00571402	0.713901	-19.879982
110	1	116	0	2	3	-0.00599999	0.741003	-20.897735
110	1	117	0	2	3	-0.00398261	0.589850	-18.000005
110	1	118	0	2	3	-0.00443822	0.626025	-18.000000
110	1	119	0	2	3	-0.00424466	0.594539	-18.000266
110	1	120	0	2	3	-0.00599997	0.744528	-20.828860
110	1	121	0	2	3	-0.00516559	0.641743	-18.000000
110	1	122	0	2	3	-0.00599998	0.741905	-21.900245
110	1	123	0	2	3	-0.00479291	0.651951	-20.494789
110	1	124	0	2	3	-0.00475625	0.629881	-18.000000
110	1	125	0	2	3	-0.00440870	0.604960	-18.000044
110	1	126	0	2	3	-0.00496952	0.624957	-18.000000
110	1	127	0	2	3	-0.00599999	0.736862	-20.648006
110	1	128	0	2	3	-0.00413299	0.622432	-19.455673
110	1	129	0	2	3	-0.00314772	0.520338	-18.000035
110	1	130	0	2	3	-0.00574905	0.750751	-21.999996
110	1	131	0	2	3	-0.00412997	0.591929	-18.000001
110	1	132	0	2	3	-0.00412287	0.585593	-18.000000
110	1	133	0	2	3	-0.00584449	0.747461	-21.264875
110	1	134	0	2	3	-0.00531637	0.730034	-22.000000
110	1	135	0	2	3	-0.00558990	0.741207	-22.000000
110	1	136	0	2	3	-0.00373687	0.561524	-18.000002
110	1	137	0	2	3	-0.00449527	0.606346	-18.000009
110	1	138	0	2	3	-0.00591660	0.767167	-21.999992
110	1	139	0	2	3	-0.00462582	0.605055	-18.000002
110	1	140	0	2	3	-0.00456255	0.620607	-18.000175
110	1	141	0	2	3	-0.00577087	0.763219	-21.999976
110	1	142	0	2	3	-0.00560234	0.740747	-22.000000
110	1	143	0	2	3	-0.00385334	0.568527	-18.000002
110	1	144	0	2	3	-0.00562540	0.733150	-21.999969
110	1	145	0	2	3	-0.00600000	0.760639	-21.756145
110	1	146	0	2	3	-0.00578909	0.745100	-22.000000
110	1	147	0	2	3	-0.00408470	0.584625	-18.000000
110	1	148	0	2	3	-0.00449131	0.605321	-18.000003
110	1	149	0	2	3	-0.00488979	0.612893	-18.000002
110	1	150	0	2	3	-0.00599998	0.759767	-21.896479
110	1	151	0	2	3	-0.00488058	0.630102	-18.000014
110	1	152	0	2	3	-0.00306334	0.528450	-18.000535
110	1	153	0	2	3	-0.00356752	0.559859	-18.471219
110	1	154	0	2	3	-0.00353820	0.575273	-18.374138
110	1	155	0	2	3	-0.00502214	0.686837	-20.092501
110	1	156	0	2	3	-0.00575965	0.730627	-21.999999
110	1	157	0	2	3	-0.00324640	0.624850	-22.000000
110	1	158	0	2	3	-0.00503266	0.678341	-22.000000
110	1	159	0	2	3	-0.00600000	0.696019	-18.000000
