#
#
# segID layerID	min	max
#
#
# BC3 X
0	113	-60	4
1	113	-43	8
2	113	-34	15
3	113	-30	22
4	113	-25	32
5	113	-22	37
6	113	-20 	47
7	113	-18	80
#
# BC3 X'
0	114	-60	10
1	114	-50	12
2	114	-35	15
3	114	-32	25
4	114	-23	34
5	114	-20	39
6	114	-24	45
7	114	-17	80
#
# BC3 U
0	115	-70	8
1	115	-53	10
2	115	-37	11
3	115	-31	20
4	115	-25	26
5	115	-22	35
6	115	-21	48
7	115	-16	75
#
# BC3 U'
0	116	-65	10
1	116	-52	10
2	116	-35	13
3	116	-35	19
4	116	-22	27
5	116	-20	37
6	116	-23	47
7	116	-23	80
#
# BC3 V
0	117	-62	14
1	117	-46	15
2	117	-35	14
3	117	-32	25
4	117	-20	31
5	117	-20	40
6	117	-22	45
7	117	-17	75
#
# BC3 V'
0	118	-60	10
1	118	-45	13
2	118	-33	16
3	118	-35	25
4	118	-27	33
5	118	-22	39
6	118	-16	47
7	118	-15	72
#
#
# BC4 U
0	119     -62	-12
1	119	-43	3
2	119	-24	4
3	119	-16	10
4	119	-8	19
5	119	-2	24
6	119	-2	38
7	119	2	65
#
# BC4 U'
0	120	-55	-13
1	120	-38	-8
2	120	-22	4
3	120	-16	11
4	120	-10	17
5	120	-4	25
6	120	-2	34
7	120	5	66
#
# BC4 V
0	121	-58	-13
1	121	-38	0
2	121	-30	2
3	121	-19	8
4	121	-10	15
5	121	-5	24
6	121	-4	38
7	121	10	70
#
# BC4 V'
0	122	-60	-14
1	122	-43	-0
2	122	-25	4
3	122	-23	11
4	122	-11	16
5	122	-4	23
6	122	-8	38
7	122	11	68
#
# BC4 X
0	123	-61	-13
1	123	-40	1
2	123	-23	0
3	123	-16	6
4	123	-11	13
5	123	-1	21
6	123	0	30
7	123	15	65
#
# BC4 X'
0	124     -58	-16
1	124	-33	-2
2	124	-21	-2
3	124	-14	7
4	124	-4	14
5	124	-1	23
6	124	2	38
7	124	13	67
