offset 325.7
#num     spill time       feild 
0         0.500000      1.000008      
1         1.500000      1.000006      
2         2.500000      1.000008      
3         3.500000      1.000010      
4         4.500000      1.000009      
5         5.500000      1.000007      
6         6.500000      1.000007      
7         7.500000      1.000008      
8         8.500000      1.000009      
9         9.500000      1.000013      
10         10.500000      1.000010      
11         11.500000      1.000002      
12         12.500000      1.000013      
13         13.500000      1.000011      
14         14.500000      0.999995      
15         15.500000      0.999988      
16         16.500000      0.999972      
17         17.500000      0.999963      
18         18.500000      0.999942      
19         19.500000      0.999926      
20         20.500000      0.999887      
21         21.500000      0.999858      
22         22.500000      0.999841      
23         23.500000      0.999842      
24         24.500000      0.999836      
25         25.500000      0.999839      
26         26.500000      0.999833      
27         27.500000      0.999822      
28         28.500000      0.999825      
29         29.500000      0.999841      
30         30.500000      0.999842      
31         31.500000      0.999830      
32         32.500000      0.999822      
33         33.500000      0.999823      
34         34.500000      0.999840      
35         35.500000      0.999857      
36         36.500000      0.999910      
37         37.500000      0.999912      
38         38.500000      0.999900      
39         39.500000      0.999929      
40         40.500000      0.999953      
41         41.500000      0.999957      
42         42.500000      1.000017      
43         43.500000      1.000042      
44         44.500000      1.000040      
45         45.500000      1.000030      
46         46.500000      1.000001      
47         47.500000      0.999989      
48         48.500000      0.999999      
49         49.500000      1.000011      
50         50.500000      1.000011      
51         51.500000      1.000010      
52         52.500000      1.000005      
53         53.500000      1.000012      
54         54.500000      1.000030      
55         55.500000      1.000046      
56         56.500000      1.000047      
57         57.500000      1.000048      
58         58.500000      1.000063      
59         59.500000      1.000068      
60         60.500000      1.000078      
61         61.500000      1.000067      
62         62.500000      1.000063      
63         63.500000      1.000083      
64         64.500000      1.000109      
65         65.500000      1.000104      
66         66.500000      1.000084      
67         67.500000      1.000096      
68         68.500000      1.000102      
69         69.500000      1.000099      
70         70.500000      1.000098      
71         71.500000      1.000099      
72         72.500000      1.000110      
73         73.500000      1.000102      
74         74.500000      1.000115      
75         75.500000      1.000124      
76         76.500000      1.000127      
77         77.500000      1.000121      
78         78.500000      1.000117      
79         79.500000      1.000133      
80         80.500000      1.000141      
81         81.500000      1.000154      
82         82.500000      1.000182      
83         83.500000      1.000177      
84         84.500000      1.000175      
85         85.500000      1.000167      
86         86.500000      1.000186      
87         87.500000      1.000194      
88         88.500000      1.000206      
89         89.500000      1.000218      
90         90.500000      1.000207      
91         91.500000      1.000203      
92         92.500000      1.000217      
93         93.500000      1.000210      
94         94.500000      1.000207      
95         95.500000      1.000215      
96         96.500000      1.000196      
97         97.500000      1.000181      
98         98.500000      1.000183      
99         99.500000      1.000184      
100         100.500000      1.000195      
101         101.500000      1.000195      
102         102.500000      1.000170      
103         103.500000      1.000174      
104         104.500000      1.000165      
105         105.500000      1.000155      
106         106.500000      1.000152      
107         107.500000      1.000127      
108         108.500000      1.000112      
109         109.500000      1.000118      
110         110.500000      1.000069      
111         111.500000      1.000067      
112         112.500000      1.000010      
113         113.500000      1.000007      
114         114.500000      1.000027      
115         115.500000      0.999993      
116         116.500000      0.999979      
117         117.500000      0.999986      
118         118.500000      0.999977      
119         119.500000      0.999987      
120         120.500000      0.999982      
121         121.500000      0.999977      
122         122.500000      0.999973      
123         123.500000      0.999984      
124         124.500000      0.999989      
125         125.500000      0.999989      
126         126.500000      0.999993      
127         127.500000      0.999986      
128         128.500000      0.999994      
129         129.500000      1.000008      
130         130.500000      1.000005      
131         131.500000      0.999994      
132         132.500000      0.999997      
133         133.500000      1.000010      
134         134.500000      1.000013      
135         135.500000      1.000010      
136         136.500000      1.000018      
137         137.500000      1.000020      
138         138.500000      1.000021      
139         139.500000      1.000026      
140         140.500000      1.000022      
141         141.500000      1.000015      
142         142.500000      1.000023      
143         143.500000      1.000026      
144         144.500000      1.000018      
145         145.500000      1.000019      
146         146.500000      1.000021      
147         147.500000      1.000023      
148         148.500000      1.000019      
149         149.500000      1.000022      
150         150.500000      1.000017      
151         151.500000      1.000003      
152         152.500000      1.000007      
153         153.500000      1.000015      
154         154.500000      1.000006      
155         155.500000      1.000003      
156         156.500000      1.000012      
157         157.500000      0.999986      
158         158.500000      0.999984      
159         159.500000      0.999993      
160         160.500000      0.999999      
161         161.500000      1.000001      
162         162.500000      0.999988      
163         163.500000      0.999990      
164         164.500000      0.999988      
165         165.500000      0.999981      
166         166.500000      0.999980      
167         167.500000      0.999988      
168         168.500000      0.999993      
169         169.500000      0.999997      
170         170.500000      0.999995      
171         171.500000      0.999988      
172         172.500000      0.999984      
173         173.500000      0.999987      
174         174.500000      0.999989      
175         175.500000      0.999991      
176         176.500000      1.000001      
177         177.500000      1.000004      
178         178.500000      1.000002      
179         179.500000      1.000010      
180         180.500000      1.000015      
181         181.500000      1.000008      
182         182.500000      1.000015      
183         183.500000      1.000017      
184         184.500000      1.000023      
185         185.500000      1.000020      
186         186.500000      1.000020      
187         187.500000      1.000034      
188         188.500000      1.000044      
189         189.500000      1.000033      
190         190.500000      1.000025      
191         191.500000      1.000030      
192         192.500000      1.000039      
193         193.500000      1.000036      
194         194.500000      1.000023      
195         195.500000      1.000025      
196         196.500000      1.000033      
197         197.500000      1.000035      
198         198.500000      1.000034      
199         199.500000      1.000032      
200         200.500000      1.000032      
201         201.500000      1.000032      
202         202.500000      1.000027      
203         203.500000      1.000028      
204         204.500000      1.000029      
205         205.500000      1.000026      
206         206.500000      1.000027      
207         207.500000      1.000030      
208         208.500000      1.000034      
209         209.500000      1.000031      
210         210.500000      1.000031      
211         211.500000      1.000031      
212         212.500000      1.000025      
213         213.500000      1.000023      
214         214.500000      1.000022      
215         215.500000      1.000021      
216         216.500000      1.000033      
217         217.500000      1.000039      
218         218.500000      1.000040      
219         219.500000      1.000044      
220         220.500000      1.000064      
221         221.500000      1.000065      
222         222.500000      1.000069      
223         223.500000      1.000077      
224         224.500000      1.000080      
225         225.500000      1.000082      
226         226.500000      1.000086      
227         227.500000      1.000097      
228         228.500000      1.000121      
229         229.500000      1.000125      
230         230.500000      1.000124      
231         231.500000      1.000125      
232         232.500000      1.000127      
233         233.500000      1.000131      
234         234.500000      1.000130      
235         235.500000      1.000129      
236         236.500000      1.000138      
237         237.500000      1.000142      
238         238.500000      1.000137      
239         239.500000      1.000138      
240         240.500000      1.000140      
241         241.500000      1.000145      
242         242.500000      1.000152      
243         243.500000      1.000142      
244         244.500000      1.000143      
245         245.500000      1.000148      
246         246.500000      1.000149      
247         247.500000      1.000148      
248         248.500000      1.000143      
249         249.500000      1.000142      
250         250.500000      1.000138      
251         251.500000      1.000138      
252         252.500000      1.000139      
253         253.500000      1.000142      
254         254.500000      1.000132      
255         255.500000      1.000121      
256         256.500000      1.000123      
257         257.500000      1.000127      
258         258.500000      1.000125      
259         259.500000      1.000122      
260         260.500000      1.000122      
261         261.500000      1.000116      
262         262.500000      1.000113      
263         263.500000      1.000115      
264         264.500000      1.000097      
265         265.500000      1.000092      
266         266.500000      1.000095      
267         267.500000      1.000090      
268         268.500000      1.000085      
269         269.500000      1.000084      
270         270.500000      1.000082      
271         271.500000      1.000072      
272         272.500000      1.000073      
273         273.500000      1.000072      
274         274.500000      1.000055      
275         275.500000      1.000055      
276         276.500000      1.000056      
277         277.500000      1.000053      
278         278.500000      1.000032      
279         279.500000      1.000032      
280         280.500000      1.000036      
281         281.500000      1.000027      
282         282.500000      1.000024      
283         283.500000      1.000019      
284         284.500000      1.000003      
285         285.500000      1.000004      
286         286.500000      1.000005      
287         287.500000      1.000004      
288         288.500000      0.999990      
289         289.500000      0.999980      
290         290.500000      0.999973      
291         291.500000      0.999977      
292         292.500000      0.999949      
293         293.500000      0.999932      
294         294.500000      0.999922      
295         295.500000      0.999917      
296         296.500000      0.999913      
297         297.500000      0.999885      
298         298.500000      0.999858      
299         299.500000      0.999878      
300         300.500000      0.999876      
301         301.500000      0.999853      
302         302.500000      0.999845      
303         303.500000      0.999864      
304         304.500000      0.999846      
305         305.500000      0.999845      
306         306.500000      0.999862      
307         307.500000      0.999840      
308         308.500000      0.999833      
309         309.500000      0.999864      
310         310.500000      0.999888      
311         311.500000      0.999890      
312         312.500000      0.999886      
313         313.500000      0.999880      
314         314.500000      0.999913      
315         315.500000      0.999924      
316         316.500000      0.999881      
317         317.500000      0.999889      
318         318.500000      0.999890      
319         319.500000      0.999860      
320         320.500000      0.999803      
321         321.500000      0.999800      
322         322.500000      0.999758      
323         323.500000      0.999689      
324         324.500000      0.999700      
325         325.500000      0.999673      
326         326.500000      0.999594      
327         327.500000      0.999607      
328         328.500000      0.999560      
329         329.500000      0.999520      
330         330.500000      0.999528      
331         331.500000      0.999561      
332         332.500000      0.999605      
333         333.500000      0.999596      
334         334.500000      0.999643      
335         335.500000      0.999723      
336         336.500000      0.999803      
337         337.500000      0.999831      
338         338.500000      0.999894      
339         339.500000      0.999945      
340         340.500000      1.000052      
341         341.500000      1.000126      
342         342.500000      1.000189      
343         343.500000      1.000212      
344         344.500000      1.000281      
345         345.500000      1.000313      
346         346.500000      1.000313      
347         347.500000      1.000323      
348         348.500000      1.000351      
349         349.500000      1.000361      
350         350.500000      1.000369      
351         351.500000      1.000363      
352         352.500000      1.000355      
353         353.500000      1.000342      
354         354.500000      1.000338      
355         355.500000      1.000359      
356         356.500000      1.000363      
357         357.500000      1.000356      
358         358.500000      1.000324      
359         359.500000      1.000313      
360         360.500000      1.000311      
361         361.500000      1.000298      
362         362.500000      1.000273      
363         363.500000      1.000274      
364         364.500000      1.000259      
365         365.500000      1.000215      
366         366.500000      1.000225      
367         367.500000      1.000226      
368         368.500000      1.000220      
369         369.500000      1.000219      
370         370.500000      1.000194      
371         371.500000      1.000169      
372         372.500000      1.000160      
373         373.500000      1.000173      
374         374.500000      1.000176      
375         375.500000      1.000173      
376         376.500000      1.000172      
377         377.500000      1.000157      
378         378.500000      1.000138      
379         379.500000      1.000132      
380         380.500000      1.000103      
381         381.500000      1.000102      
382         382.500000      1.000108      
383         383.500000      1.000092      
384         384.500000      1.000086      
385         385.500000      1.000087      
386         386.500000      1.000066      
387         387.500000      1.000074      
388         388.500000      1.000055      
389         389.500000      1.000042      
390         390.500000      1.000036      
391         391.500000      1.000042      
392         392.500000      1.000022      
393         393.500000      1.000023      
394         394.500000      1.000032      
395         395.500000      1.000018      
396         396.500000      1.000031      
397         397.500000      1.000019      
398         398.500000      1.000006      
399         399.500000      1.000004      
400         400.500000      0.999997      
401         401.500000      0.999998      
402         402.500000      0.999985      
403         403.500000      0.999978      
404         404.500000      0.999990      
405         405.500000      0.999985      
406         406.500000      0.999985      
407         407.500000      0.999988      
408         408.500000      0.999979      
409         409.500000      0.999975      
410         410.500000      0.999974      
411         411.500000      0.999978      
412         412.500000      0.999983      
413         413.500000      0.999979      
414         414.500000      0.999977      
415         415.500000      0.999981      
416         416.500000      0.999982      
417         417.500000      0.999973      
418         418.500000      0.999970      
419         419.500000      0.999969      
420         420.500000      0.999961      
421         421.500000      0.999968      
422         422.500000      0.999980      
423         423.500000      0.999979      
424         424.500000      0.999975      
425         425.500000      0.999978      
426         426.500000      0.999980      
427         427.500000      0.999979      
428         428.500000      0.999982      
429         429.500000      0.999980      
430         430.500000      0.999978      
431         431.500000      0.999982      
432         432.500000      0.999984      
433         433.500000      0.999983      
434         434.500000      0.999986      
435         435.500000      0.999986      
436         436.500000      0.999984      
437         437.500000      0.999983      
438         438.500000      0.999983      
439         439.500000      0.999985      
440         440.500000      0.999986      
441         441.500000      0.999987      
442         442.500000      0.999989      
443         443.500000      0.999989      
444         444.500000      0.999989      
445         445.500000      0.999989      
446         446.500000      0.999989      
447         447.500000      0.999989      
448         448.500000      0.999985      
449         449.500000      0.999987      
450         450.500000      0.999988      
451         451.500000      0.999988      
452         452.500000      0.999990      
453         453.500000      0.999990      
454         454.500000      0.999990      
455         455.500000      0.999990      
456         456.500000      0.999991      
457         457.500000      0.999991      
458         458.500000      0.999990      
459         459.500000      0.999992      
460         460.500000      0.999990      
461         461.500000      0.999991      
462         462.500000      0.999994      
463         463.500000      0.999990      
464         464.500000      0.999989      
465         465.500000      0.999989      
466         466.500000      0.999991      
467         467.500000      0.999992      
468         468.500000      0.999990      
469         469.500000      0.999992      
470         470.500000      0.999991      
471         471.500000      0.999991      
472         472.500000      0.999995      
473         473.500000      0.999995      
474         474.500000      1.000000      
475         475.500000      1.000000      
476         476.500000      0.999994      
477         477.500000      0.999992      
478         478.500000      0.999992      
479         479.500000      0.999994      
480         480.500000      0.999994      
481         481.500000      0.999994      
482         482.500000      0.999993      
483         483.500000      0.999994      
484         484.500000      0.999996      
485         485.500000      0.999996      
486         486.500000      0.999995      
487         487.500000      0.999994      
488         488.500000      0.999994      
489         489.500000      0.999995      
490         490.500000      0.999992      
491         491.500000      0.999994      
492         492.500000      0.999994      
493         493.500000      0.999993      
494         494.500000      0.999994      
495         495.500000      0.999995      
496         496.500000      0.999997      
497         497.500000      0.999995      
498         498.500000      0.999993      
499         499.500000      0.999995      
500         500.500000      0.999993      
501         501.500000      0.999993      
502         502.500000      0.999994      
503         503.500000      0.999993      
504         504.500000      0.999993      
505         505.500000      0.999991      
506         506.500000      0.999990      
507         507.500000      0.999991      
508         508.500000      0.999993      
509         509.500000      0.999995      
510         510.500000      0.999995      
511         511.500000      0.999995      
512         512.500000      0.999993      
513         513.500000      0.999992      
514         514.500000      0.999992      
515         515.500000      0.999993      
516         516.500000      0.999988      
517         517.500000      0.999986      
518         518.500000      0.999994      
519         519.500000      0.999992      
520         520.500000      0.999993      
521         521.500000      0.999995      
522         522.500000      0.999993      
523         523.500000      0.999992      
524         524.500000      0.999994      
525         525.500000      0.999994      
526         526.500000      0.999994      
527         527.500000      0.999996      
528         528.500000      0.999997      
529         529.500000      0.999996      
530         530.500000      0.999998      
531         531.500000      0.999998      
532         532.500000      1.000000      
533         533.500000      1.000003      
534         534.500000      1.000005      
535         535.500000      1.000003      
536         536.500000      1.000007      
537         537.500000      1.000009      
538         538.500000      1.000006      
539         539.500000      1.000010      
540         540.500000      1.000015      
541         541.500000      1.000015      
542         542.500000      1.000012      
543         543.500000      1.000010      
544         544.500000      1.000015      
545         545.500000      1.000016      
546         546.500000      1.000016      
547         547.500000      1.000020      
548         548.500000      1.000019      
549         549.500000      1.000016      
550         550.500000      1.000016      
551         551.500000      1.000013      
552         552.500000      1.000011      
553         553.500000      1.000012      
554         554.500000      1.000012      
555         555.500000      1.000014      
556         556.500000      1.000015      
557         557.500000      1.000013      
558         558.500000      1.000013      
559         559.500000      1.000012      
560         560.500000      1.000010      
561         561.500000      1.000013      
562         562.500000      1.000013      
563         563.500000      1.000010      
564         564.500000      1.000016      
565         565.500000      1.000015      
566         566.500000      1.000009      
567         567.500000      1.000008      
568         568.500000      1.000010      
569         569.500000      1.000009      
570         570.500000      1.000007      
571         571.500000      1.000008      
572         572.500000      1.000009      
573         573.500000      1.000009      
574         574.500000      1.000009      
575         575.500000      1.000007      
576         576.500000      1.000006      
577         577.500000      1.000006      
578         578.500000      1.000010      
579         579.500000      1.000010      
580         580.500000      1.000013      
581         581.500000      1.000012      
582         582.500000      1.000007      
583         583.500000      1.000011      
584         584.500000      1.000009      
585         585.500000      1.000005      
586         586.500000      1.000008      
587         587.500000      1.000010      
588         588.500000      1.000013      
589         589.500000      1.000011      
590         590.500000      1.000006      
591         591.500000      1.000009      
592         592.500000      1.000009      
593         593.500000      1.000008      
594         594.500000      1.000008      
595         595.500000      1.000007      
596         596.500000      1.000008      
597         597.500000      1.000007      
598         598.500000      1.000001      
599         599.500000      1.000006      
