offset 305.7
#num     spill time       feild 
0         0.500000      0.999876      
1         1.500000      0.999867      
2         2.500000      0.999869      
3         3.500000      0.999858      
4         4.500000      0.999841      
5         5.500000      0.999847      
6         6.500000      0.999852      
7         7.500000      0.999882      
8         8.500000      0.999888      
9         9.500000      0.999871      
10         10.500000      0.999892      
11         11.500000      0.999928      
12         12.500000      0.999945      
13         13.500000      0.999967      
14         14.500000      0.999961      
15         15.500000      0.999936      
16         16.500000      0.999944      
17         17.500000      0.999956      
18         18.500000      0.999984      
19         19.500000      0.999988      
20         20.500000      0.999987      
21         21.500000      0.999988      
22         22.500000      0.999945      
23         23.500000      0.999945      
24         24.500000      0.999950      
25         25.500000      0.999953      
26         26.500000      0.999964      
27         27.500000      0.999948      
28         28.500000      0.999927      
29         29.500000      0.999931      
30         30.500000      0.999961      
31         31.500000      0.999964      
32         32.500000      0.999947      
33         33.500000      0.999958      
34         34.500000      0.999948      
35         35.500000      1.000002      
36         36.500000      1.000033      
37         37.500000      1.000044      
38         38.500000      1.000070      
39         39.500000      1.000075      
40         40.500000      1.000080      
41         41.500000      1.000118      
42         42.500000      1.000124      
43         43.500000      1.000100      
44         44.500000      1.000106      
45         45.500000      1.000122      
46         46.500000      1.000104      
47         47.500000      1.000069      
48         48.500000      1.000059      
49         49.500000      1.000043      
50         50.500000      1.000025      
51         51.500000      1.000025      
52         52.500000      1.000001      
53         53.500000      0.999979      
54         54.500000      0.999957      
55         55.500000      0.999970      
56         56.500000      0.999944      
57         57.500000      0.999923      
58         58.500000      0.999927      
59         59.500000      0.999940      
60         60.500000      0.999936      
61         61.500000      0.999918      
62         62.500000      0.999966      
63         63.500000      0.999992      
64         64.500000      1.000001      
65         65.500000      1.000008      
66         66.500000      1.000031      
67         67.500000      1.000054      
68         68.500000      1.000074      
69         69.500000      1.000086      
70         70.500000      1.000104      
71         71.500000      1.000101      
72         72.500000      1.000105      
73         73.500000      1.000109      
74         74.500000      1.000110      
75         75.500000      1.000116      
76         76.500000      1.000109      
77         77.500000      1.000106      
78         78.500000      1.000115      
79         79.500000      1.000112      
80         80.500000      1.000113      
81         81.500000      1.000109      
82         82.500000      1.000099      
83         83.500000      1.000100      
84         84.500000      1.000104      
85         85.500000      1.000112      
86         86.500000      1.000109      
87         87.500000      1.000109      
88         88.500000      1.000105      
89         89.500000      1.000105      
90         90.500000      1.000102      
91         91.500000      1.000098      
92         92.500000      1.000101      
93         93.500000      1.000098      
94         94.500000      1.000085      
95         95.500000      1.000087      
96         96.500000      1.000098      
97         97.500000      1.000090      
98         98.500000      1.000097      
99         99.500000      1.000097      
100         100.500000      1.000077      
101         101.500000      1.000076      
102         102.500000      1.000074      
103         103.500000      1.000071      
104         104.500000      1.000073      
105         105.500000      1.000066      
106         106.500000      1.000063      
107         107.500000      1.000061      
108         108.500000      1.000058      
109         109.500000      1.000057      
110         110.500000      1.000045      
111         111.500000      1.000048      
112         112.500000      1.000051      
113         113.500000      1.000050      
114         114.500000      1.000050      
115         115.500000      1.000040      
116         116.500000      1.000045      
117         117.500000      1.000057      
118         118.500000      1.000050      
119         119.500000      1.000040      
120         120.500000      1.000036      
121         121.500000      1.000035      
122         122.500000      1.000030      
123         123.500000      1.000038      
124         124.500000      1.000043      
125         125.500000      1.000031      
126         126.500000      1.000035      
127         127.500000      1.000039      
128         128.500000      1.000035      
129         129.500000      1.000032      
130         130.500000      1.000035      
131         131.500000      1.000039      
132         132.500000      1.000037      
133         133.500000      1.000034      
134         134.500000      1.000033      
135         135.500000      1.000025      
136         136.500000      1.000038      
137         137.500000      1.000046      
138         138.500000      1.000033      
139         139.500000      1.000041      
140         140.500000      1.000025      
141         141.500000      1.000009      
142         142.500000      0.999977      
143         143.500000      0.999970      
144         144.500000      0.999998      
145         145.500000      0.999976      
146         146.500000      0.999950      
147         147.500000      0.999933      
148         148.500000      0.999936      
149         149.500000      0.999948      
150         150.500000      0.999943      
151         151.500000      0.999943      
152         152.500000      0.999933      
153         153.500000      0.999940      
154         154.500000      0.999944      
155         155.500000      0.999935      
156         156.500000      0.999923      
157         157.500000      0.999929      
158         158.500000      0.999923      
159         159.500000      0.999921      
160         160.500000      0.999908      
161         161.500000      0.999902      
162         162.500000      0.999916      
163         163.500000      0.999916      
164         164.500000      0.999917      
165         165.500000      0.999930      
166         166.500000      0.999929      
167         167.500000      0.999914      
168         168.500000      0.999911      
169         169.500000      0.999903      
170         170.500000      0.999901      
171         171.500000      0.999909      
172         172.500000      0.999911      
173         173.500000      0.999920      
174         174.500000      0.999922      
175         175.500000      0.999919      
176         176.500000      0.999917      
177         177.500000      0.999928      
178         178.500000      0.999933      
179         179.500000      0.999929      
180         180.500000      0.999941      
181         181.500000      0.999950      
182         182.500000      0.999947      
183         183.500000      0.999936      
184         184.500000      0.999939      
185         185.500000      0.999948      
186         186.500000      0.999950      
187         187.500000      0.999963      
188         188.500000      0.999967      
189         189.500000      0.999969      
190         190.500000      0.999980      
191         191.500000      0.999975      
192         192.500000      0.999981      
193         193.500000      0.999982      
194         194.500000      0.999993      
195         195.500000      0.999993      
196         196.500000      0.999994      
197         197.500000      1.000012      
198         198.500000      1.000011      
199         199.500000      1.000007      
200         200.500000      0.999999      
201         201.500000      0.999996      
202         202.500000      1.000004      
203         203.500000      1.000015      
204         204.500000      1.000019      
205         205.500000      1.000009      
206         206.500000      1.000008      
207         207.500000      1.000015      
208         208.500000      1.000015      
209         209.500000      1.000015      
210         210.500000      1.000021      
211         211.500000      1.000013      
212         212.500000      1.000009      
213         213.500000      1.000012      
214         214.500000      1.000007      
215         215.500000      1.000007      
216         216.500000      1.000007      
217         217.500000      1.000003      
218         218.500000      1.000004      
219         219.500000      1.000012      
220         220.500000      1.000015      
221         221.500000      1.000008      
222         222.500000      1.000002      
223         223.500000      1.000001      
224         224.500000      1.000006      
225         225.500000      1.000012      
226         226.500000      1.000012      
227         227.500000      1.000009      
228         228.500000      1.000008      
229         229.500000      1.000011      
230         230.500000      1.000013      
231         231.500000      1.000009      
232         232.500000      1.000012      
233         233.500000      1.000011      
234         234.500000      1.000009      
235         235.500000      1.000011      
236         236.500000      1.000013      
237         237.500000      1.000012      
238         238.500000      1.000011      
239         239.500000      1.000011      
240         240.500000      1.000002      
241         241.500000      1.000003      
242         242.500000      1.000009      
243         243.500000      1.000006      
244         244.500000      1.000006      
245         245.500000      1.000006      
246         246.500000      1.000010      
247         247.500000      1.000009      
248         248.500000      1.000005      
249         249.500000      1.000005      
250         250.500000      1.000009      
251         251.500000      1.000008      
252         252.500000      1.000010      
253         253.500000      1.000009      
254         254.500000      1.000005      
255         255.500000      1.000008      
256         256.500000      1.000006      
257         257.500000      1.000003      
258         258.500000      1.000005      
259         259.500000      1.000007      
260         260.500000      1.000005      
261         261.500000      1.000009      
262         262.500000      1.000010      
263         263.500000      1.000002      
264         264.500000      1.000013      
265         265.500000      1.000011      
266         266.500000      1.000002      
267         267.500000      1.000010      
268         268.500000      1.000024      
269         269.500000      1.000020      
270         270.500000      1.000019      
271         271.500000      1.000016      
272         272.500000      1.000020      
273         273.500000      1.000024      
274         274.500000      1.000019      
275         275.500000      1.000017      
276         276.500000      1.000017      
277         277.500000      1.000019      
278         278.500000      1.000024      
279         279.500000      1.000025      
280         280.500000      1.000021      
281         281.500000      1.000023      
282         282.500000      1.000025      
283         283.500000      1.000021      
284         284.500000      1.000020      
285         285.500000      1.000026      
286         286.500000      1.000027      
287         287.500000      1.000020      
288         288.500000      1.000011      
289         289.500000      1.000016      
290         290.500000      1.000018      
291         291.500000      1.000016      
292         292.500000      1.000021      
293         293.500000      1.000020      
294         294.500000      1.000017      
295         295.500000      1.000017      
296         296.500000      1.000016      
297         297.500000      1.000018      
298         298.500000      1.000014      
299         299.500000      1.000011      
300         300.500000      1.000009      
301         301.500000      1.000015      
302         302.500000      1.000020      
303         303.500000      1.000022      
304         304.500000      1.000018      
305         305.500000      1.000015      
306         306.500000      1.000019      
307         307.500000      1.000013      
308         308.500000      1.000010      
309         309.500000      1.000007      
310         310.500000      0.999995      
311         311.500000      0.999993      
312         312.500000      0.999954      
313         313.500000      0.999918      
314         314.500000      0.999901      
315         315.500000      0.999788      
316         316.500000      0.999729      
317         317.500000      0.999721      
318         318.500000      0.999670      
319         319.500000      0.999615      
320         320.500000      0.999534      
321         321.500000      0.999485      
322         322.500000      0.999404      
323         323.500000      0.999378      
324         324.500000      0.999415      
325         325.500000      0.999412      
326         326.500000      0.999393      
327         327.500000      0.999380      
328         328.500000      0.999366      
329         329.500000      0.999399      
330         330.500000      0.999436      
331         331.500000      0.999425      
332         332.500000      0.999475      
333         333.500000      0.999535      
334         334.500000      0.999607      
335         335.500000      0.999681      
336         336.500000      0.999695      
337         337.500000      0.999724      
338         338.500000      0.999797      
339         339.500000      0.999848      
340         340.500000      0.999937      
341         341.500000      0.999969      
342         342.500000      1.000079      
343         343.500000      1.000118      
344         344.500000      1.000164      
345         345.500000      1.000171      
346         346.500000      1.000205      
347         347.500000      1.000227      
348         348.500000      1.000296      
349         349.500000      1.000328      
350         350.500000      1.000330      
351         351.500000      1.000367      
352         352.500000      1.000373      
353         353.500000      1.000353      
354         354.500000      1.000366      
355         355.500000      1.000390      
356         356.500000      1.000398      
357         357.500000      1.000428      
358         358.500000      1.000435      
359         359.500000      1.000425      
360         360.500000      1.000411      
361         361.500000      1.000419      
362         362.500000      1.000429      
363         363.500000      1.000424      
364         364.500000      1.000427      
365         365.500000      1.000407      
366         366.500000      1.000386      
367         367.500000      1.000402      
368         368.500000      1.000381      
369         369.500000      1.000366      
370         370.500000      1.000347      
371         371.500000      1.000315      
372         372.500000      1.000287      
373         373.500000      1.000272      
374         374.500000      1.000238      
375         375.500000      1.000208      
376         376.500000      1.000184      
377         377.500000      1.000168      
378         378.500000      1.000140      
379         379.500000      1.000112      
380         380.500000      1.000074      
381         381.500000      1.000053      
382         382.500000      1.000039      
383         383.500000      1.000044      
384         384.500000      1.000027      
385         385.500000      1.000003      
386         386.500000      1.000004      
387         387.500000      1.000007      
388         388.500000      0.999970      
389         389.500000      0.999946      
390         390.500000      0.999955      
391         391.500000      0.999953      
392         392.500000      0.999942      
393         393.500000      0.999940      
394         394.500000      0.999943      
395         395.500000      0.999945      
396         396.500000      0.999945      
397         397.500000      0.999934      
398         398.500000      0.999935      
399         399.500000      0.999941      
400         400.500000      0.999937      
401         401.500000      0.999928      
402         402.500000      0.999924      
403         403.500000      0.999923      
404         404.500000      0.999922      
405         405.500000      0.999923      
406         406.500000      0.999925      
407         407.500000      0.999925      
408         408.500000      0.999907      
409         409.500000      0.999906      
410         410.500000      0.999913      
411         411.500000      0.999908      
412         412.500000      0.999905      
413         413.500000      0.999903      
414         414.500000      0.999901      
415         415.500000      0.999897      
416         416.500000      0.999900      
417         417.500000      0.999901      
418         418.500000      0.999904      
419         419.500000      0.999904      
420         420.500000      0.999899      
421         421.500000      0.999897      
422         422.500000      0.999898      
423         423.500000      0.999897      
424         424.500000      0.999896      
425         425.500000      0.999910      
426         426.500000      0.999906      
427         427.500000      0.999896      
428         428.500000      0.999905      
429         429.500000      0.999922      
430         430.500000      0.999929      
431         431.500000      0.999927      
432         432.500000      0.999925      
433         433.500000      0.999931      
434         434.500000      0.999941      
435         435.500000      0.999949      
436         436.500000      0.999948      
437         437.500000      0.999955      
438         438.500000      0.999961      
439         439.500000      0.999966      
440         440.500000      0.999972      
441         441.500000      0.999978      
442         442.500000      0.999982      
443         443.500000      0.999980      
444         444.500000      0.999977      
445         445.500000      0.999979      
446         446.500000      0.999986      
447         447.500000      0.999992      
448         448.500000      0.999993      
449         449.500000      0.999992      
450         450.500000      0.999995      
451         451.500000      0.999996      
452         452.500000      0.999997      
453         453.500000      0.999998      
454         454.500000      0.999997      
455         455.500000      0.999999      
456         456.500000      1.000000      
457         457.500000      0.999999      
458         458.500000      0.999997      
459         459.500000      0.999997      
460         460.500000      1.000001      
461         461.500000      1.000001      
462         462.500000      1.000002      
463         463.500000      1.000002      
464         464.500000      1.000000      
465         465.500000      1.000000      
466         466.500000      1.000000      
467         467.500000      1.000000      
468         468.500000      0.999999      
469         469.500000      1.000000      
470         470.500000      1.000000      
471         471.500000      1.000000      
472         472.500000      1.000000      
473         473.500000      0.999999      
474         474.500000      0.999999      
475         475.500000      0.999999      
476         476.500000      1.000000      
477         477.500000      1.000001      
478         478.500000      0.999999      
479         479.500000      0.999999      
480         480.500000      1.000000      
481         481.500000      0.999999      
482         482.500000      0.999998      
483         483.500000      0.999997      
484         484.500000      0.999998      
485         485.500000      0.999999      
486         486.500000      0.999999      
487         487.500000      0.999999      
488         488.500000      0.999998      
489         489.500000      0.999997      
490         490.500000      0.999998      
491         491.500000      0.999997      
492         492.500000      0.999999      
493         493.500000      0.999999      
494         494.500000      1.000000      
495         495.500000      1.000000      
496         496.500000      1.000000      
497         497.500000      1.000001      
498         498.500000      1.000002      
499         499.500000      1.000001      
500         500.500000      1.000001      
501         501.500000      1.000001      
502         502.500000      1.000001      
503         503.500000      1.000000      
504         504.500000      0.999999      
505         505.500000      0.999999      
506         506.500000      0.999999      
507         507.500000      0.999999      
508         508.500000      0.999999      
509         509.500000      1.000000      
510         510.500000      1.000000      
511         511.500000      0.999999      
512         512.500000      0.999999      
513         513.500000      0.999998      
514         514.500000      0.999998      
515         515.500000      0.999999      
516         516.500000      0.999999      
517         517.500000      0.999997      
518         518.500000      0.999997      
519         519.500000      0.999997      
520         520.500000      0.999997      
521         521.500000      0.999998      
522         522.500000      0.999997      
523         523.500000      0.999998      
524         524.500000      0.999998      
525         525.500000      0.999997      
526         526.500000      0.999997      
527         527.500000      0.999997      
528         528.500000      0.999997      
529         529.500000      0.999997      
530         530.500000      0.999998      
531         531.500000      0.999998      
532         532.500000      0.999998      
533         533.500000      0.999998      
534         534.500000      0.999999      
535         535.500000      1.000001      
536         536.500000      1.000002      
537         537.500000      1.000002      
538         538.500000      1.000001      
539         539.500000      1.000001      
540         540.500000      1.000001      
541         541.500000      1.000001      
542         542.500000      1.000001      
543         543.500000      1.000000      
544         544.500000      1.000000      
545         545.500000      1.000000      
546         546.500000      1.000000      
547         547.500000      1.000001      
548         548.500000      0.999999      
549         549.500000      1.000000      
550         550.500000      1.000001      
551         551.500000      1.000000      
552         552.500000      1.000000      
553         553.500000      1.000000      
554         554.500000      0.999999      
555         555.500000      0.999999      
556         556.500000      1.000001      
557         557.500000      1.000002      
558         558.500000      1.000002      
559         559.500000      1.000000      
560         560.500000      1.000003      
561         561.500000      1.000004      
562         562.500000      1.000002      
563         563.500000      1.000002      
564         564.500000      1.000002      
565         565.500000      1.000002      
566         566.500000      1.000003      
567         567.500000      1.000004      
568         568.500000      1.000002      
569         569.500000      1.000001      
570         570.500000      1.000002      
571         571.500000      1.000004      
572         572.500000      1.000004      
573         573.500000      1.000002      
574         574.500000      1.000002      
575         575.500000      1.000004      
576         576.500000      1.000003      
577         577.500000      1.000003      
578         578.500000      1.000004      
579         579.500000      1.000004      
580         580.500000      1.000003      
581         581.500000      1.000003      
582         582.500000      1.000003      
583         583.500000      1.000001      
584         584.500000      1.000001      
585         585.500000      0.999997      
586         586.500000      0.999981      
587         587.500000      0.999975      
588         588.500000      0.999948      
589         589.500000      0.999937      
590         590.500000      0.999929      
591         591.500000      0.999929      
592         592.500000      0.999907      
593         593.500000      0.999876      
594         594.500000      0.999871      
595         595.500000      0.999858      
596         596.500000      0.999852      
597         597.500000      0.999856      
598         598.500000      0.999850      
599         599.500000      0.999847      
