offset 325.7
#num     spill time       feild 
0         0.500000      0.999998      
1         1.500000      0.999999      
2         2.500000      1.000001      
3         3.500000      0.999999      
4         4.500000      0.999997      
5         5.500000      1.000002      
6         6.500000      1.000005      
7         7.500000      1.000001      
8         8.500000      0.999997      
9         9.500000      0.999995      
10         10.500000      0.999993      
11         11.500000      0.999993      
12         12.500000      0.999988      
13         13.500000      0.999974      
14         14.500000      0.999975      
15         15.500000      0.999960      
16         16.500000      0.999943      
17         17.500000      0.999941      
18         18.500000      0.999908      
19         19.500000      0.999874      
20         20.500000      0.999869      
21         21.500000      0.999834      
22         22.500000      0.999811      
23         23.500000      0.999763      
24         24.500000      0.999747      
25         25.500000      0.999725      
26         26.500000      0.999722      
27         27.500000      0.999732      
28         28.500000      0.999737      
29         29.500000      0.999742      
30         30.500000      0.999774      
31         31.500000      0.999813      
32         32.500000      0.999850      
33         33.500000      0.999944      
34         34.500000      0.999969      
35         35.500000      1.000024      
36         36.500000      1.000054      
37         37.500000      1.000085      
38         38.500000      1.000116      
39         39.500000      1.000130      
40         40.500000      1.000144      
41         41.500000      1.000142      
42         42.500000      1.000137      
43         43.500000      1.000117      
44         44.500000      1.000116      
45         45.500000      1.000094      
46         46.500000      1.000059      
47         47.500000      1.000012      
48         48.500000      0.999973      
49         49.500000      0.999957      
50         50.500000      0.999904      
51         51.500000      0.999843      
52         52.500000      0.999819      
53         53.500000      0.999804      
54         54.500000      0.999801      
55         55.500000      0.999813      
56         56.500000      0.999821      
57         57.500000      0.999811      
58         58.500000      0.999872      
59         59.500000      0.999892      
60         60.500000      0.999922      
61         61.500000      0.999967      
62         62.500000      0.999966      
63         63.500000      1.000036      
64         64.500000      1.000066      
65         65.500000      1.000105      
66         66.500000      1.000128      
67         67.500000      1.000130      
68         68.500000      1.000153      
69         69.500000      1.000169      
70         70.500000      1.000172      
71         71.500000      1.000168      
72         72.500000      1.000169      
73         73.500000      1.000158      
74         74.500000      1.000153      
75         75.500000      1.000150      
76         76.500000      1.000148      
77         77.500000      1.000126      
78         78.500000      1.000106      
79         79.500000      1.000093      
80         80.500000      1.000072      
81         81.500000      1.000059      
82         82.500000      1.000061      
83         83.500000      1.000051      
84         84.500000      1.000045      
85         85.500000      1.000039      
86         86.500000      1.000038      
87         87.500000      1.000036      
88         88.500000      1.000034      
89         89.500000      1.000034      
90         90.500000      1.000037      
91         91.500000      1.000035      
92         92.500000      1.000033      
93         93.500000      1.000032      
94         94.500000      1.000030      
95         95.500000      1.000035      
96         96.500000      1.000036      
97         97.500000      1.000039      
98         98.500000      1.000042      
99         99.500000      1.000031      
100         100.500000      1.000034      
101         101.500000      1.000040      
102         102.500000      1.000041      
103         103.500000      1.000050      
104         104.500000      1.000046      
105         105.500000      1.000037      
106         106.500000      1.000038      
107         107.500000      1.000042      
108         108.500000      1.000040      
109         109.500000      1.000034      
110         110.500000      1.000037      
111         111.500000      1.000039      
112         112.500000      1.000040      
113         113.500000      1.000041      
114         114.500000      1.000040      
115         115.500000      1.000042      
116         116.500000      1.000044      
117         117.500000      1.000045      
118         118.500000      1.000045      
119         119.500000      1.000038      
120         120.500000      1.000034      
121         121.500000      1.000038      
122         122.500000      1.000040      
123         123.500000      1.000043      
124         124.500000      1.000041      
125         125.500000      1.000035      
126         126.500000      1.000037      
127         127.500000      1.000039      
128         128.500000      1.000039      
129         129.500000      1.000038      
130         130.500000      1.000038      
131         131.500000      1.000039      
132         132.500000      1.000036      
133         133.500000      1.000026      
134         134.500000      1.000022      
135         135.500000      1.000022      
136         136.500000      1.000019      
137         137.500000      1.000014      
138         138.500000      1.000010      
139         139.500000      1.000014      
140         140.500000      1.000013      
141         141.500000      1.000004      
142         142.500000      0.999998      
143         143.500000      0.999997      
144         144.500000      0.999999      
145         145.500000      1.000000      
146         146.500000      1.000000      
147         147.500000      0.999995      
148         148.500000      0.999993      
149         149.500000      0.999996      
150         150.500000      0.999993      
151         151.500000      0.999991      
152         152.500000      0.999989      
153         153.500000      0.999983      
154         154.500000      0.999982      
155         155.500000      0.999979      
156         156.500000      0.999978      
157         157.500000      0.999979      
158         158.500000      0.999983      
159         159.500000      0.999981      
160         160.500000      0.999978      
161         161.500000      0.999978      
162         162.500000      0.999979      
163         163.500000      0.999982      
164         164.500000      0.999974      
165         165.500000      0.999969      
166         166.500000      0.999972      
167         167.500000      0.999969      
168         168.500000      0.999970      
169         169.500000      0.999978      
170         170.500000      0.999977      
171         171.500000      0.999975      
172         172.500000      0.999974      
173         173.500000      0.999972      
174         174.500000      0.999972      
175         175.500000      0.999976      
176         176.500000      0.999975      
177         177.500000      0.999974      
178         178.500000      0.999976      
179         179.500000      0.999977      
180         180.500000      0.999975      
181         181.500000      0.999975      
182         182.500000      0.999973      
183         183.500000      0.999973      
184         184.500000      0.999979      
185         185.500000      0.999982      
186         186.500000      0.999984      
187         187.500000      0.999981      
188         188.500000      0.999977      
189         189.500000      0.999974      
190         190.500000      0.999976      
191         191.500000      0.999976      
192         192.500000      0.999977      
193         193.500000      0.999980      
194         194.500000      0.999981      
195         195.500000      0.999980      
196         196.500000      0.999980      
197         197.500000      0.999980      
198         198.500000      0.999978      
199         199.500000      0.999978      
200         200.500000      0.999976      
201         201.500000      0.999976      
202         202.500000      0.999981      
203         203.500000      0.999982      
204         204.500000      0.999978      
205         205.500000      0.999978      
206         206.500000      0.999980      
207         207.500000      0.999978      
208         208.500000      0.999979      
209         209.500000      0.999981      
210         210.500000      0.999981      
211         211.500000      0.999980      
212         212.500000      0.999980      
213         213.500000      0.999981      
214         214.500000      0.999979      
215         215.500000      0.999977      
216         216.500000      0.999978      
217         217.500000      0.999980      
218         218.500000      0.999977      
219         219.500000      0.999979      
220         220.500000      0.999983      
221         221.500000      0.999981      
222         222.500000      0.999979      
223         223.500000      0.999978      
224         224.500000      0.999977      
225         225.500000      0.999979      
226         226.500000      0.999984      
227         227.500000      0.999982      
228         228.500000      0.999978      
229         229.500000      0.999975      
230         230.500000      0.999977      
231         231.500000      0.999980      
232         232.500000      0.999979      
233         233.500000      0.999976      
234         234.500000      0.999977      
235         235.500000      0.999980      
236         236.500000      0.999981      
237         237.500000      0.999982      
238         238.500000      0.999982      
239         239.500000      0.999981      
240         240.500000      0.999980      
241         241.500000      0.999979      
242         242.500000      0.999980      
243         243.500000      0.999982      
244         244.500000      0.999980      
245         245.500000      0.999984      
246         246.500000      0.999988      
247         247.500000      0.999983      
248         248.500000      0.999985      
249         249.500000      0.999988      
250         250.500000      0.999988      
251         251.500000      0.999990      
252         252.500000      0.999988      
253         253.500000      0.999997      
254         254.500000      0.999999      
255         255.500000      0.999998      
256         256.500000      0.999999      
257         257.500000      0.999998      
258         258.500000      1.000005      
259         259.500000      1.000012      
260         260.500000      1.000010      
261         261.500000      1.000008      
262         262.500000      1.000010      
263         263.500000      1.000014      
264         264.500000      1.000016      
265         265.500000      1.000020      
266         266.500000      1.000019      
267         267.500000      1.000019      
268         268.500000      1.000021      
269         269.500000      1.000016      
270         270.500000      1.000019      
271         271.500000      1.000023      
272         272.500000      1.000019      
273         273.500000      1.000018      
274         274.500000      1.000020      
275         275.500000      1.000018      
276         276.500000      1.000014      
277         277.500000      1.000017      
278         278.500000      1.000021      
279         279.500000      1.000020      
280         280.500000      1.000020      
281         281.500000      1.000023      
282         282.500000      1.000024      
283         283.500000      1.000020      
284         284.500000      1.000019      
285         285.500000      1.000021      
286         286.500000      1.000023      
287         287.500000      1.000021      
288         288.500000      1.000024      
289         289.500000      1.000026      
290         290.500000      1.000024      
291         291.500000      1.000028      
292         292.500000      1.000030      
293         293.500000      1.000030      
294         294.500000      1.000028      
295         295.500000      1.000024      
296         296.500000      1.000028      
297         297.500000      1.000030      
298         298.500000      1.000028      
299         299.500000      1.000028      
300         300.500000      1.000027      
301         301.500000      1.000026      
302         302.500000      1.000030      
303         303.500000      1.000029      
304         304.500000      1.000028      
305         305.500000      1.000028      
306         306.500000      1.000031      
307         307.500000      1.000029      
308         308.500000      1.000014      
309         309.500000      1.000002      
310         310.500000      0.999988      
311         311.500000      0.999961      
312         312.500000      0.999936      
313         313.500000      0.999852      
314         314.500000      0.999836      
315         315.500000      0.999790      
316         316.500000      0.999750      
317         317.500000      0.999716      
318         318.500000      0.999623      
319         319.500000      0.999557      
320         320.500000      0.999506      
321         321.500000      0.999468      
322         322.500000      0.999439      
323         323.500000      0.999440      
324         324.500000      0.999435      
325         325.500000      0.999447      
326         326.500000      0.999480      
327         327.500000      0.999514      
328         328.500000      0.999584      
329         329.500000      0.999615      
330         330.500000      0.999642      
331         331.500000      0.999732      
332         332.500000      0.999744      
333         333.500000      0.999801      
334         334.500000      0.999836      
335         335.500000      0.999883      
336         336.500000      0.999909      
337         337.500000      0.999934      
338         338.500000      0.999958      
339         339.500000      0.999975      
340         340.500000      1.000000      
341         341.500000      1.000009      
342         342.500000      1.000015      
343         343.500000      1.000014      
344         344.500000      1.000015      
345         345.500000      1.000025      
346         346.500000      1.000030      
347         347.500000      1.000038      
348         348.500000      1.000034      
349         349.500000      1.000027      
350         350.500000      1.000031      
351         351.500000      1.000033      
352         352.500000      1.000035      
353         353.500000      1.000044      
354         354.500000      1.000049      
355         355.500000      1.000051      
356         356.500000      1.000053      
357         357.500000      1.000062      
358         358.500000      1.000065      
359         359.500000      1.000063      
360         360.500000      1.000066      
361         361.500000      1.000065      
362         362.500000      1.000061      
363         363.500000      1.000067      
364         364.500000      1.000069      
365         365.500000      1.000070      
366         366.500000      1.000072      
367         367.500000      1.000068      
368         368.500000      1.000071      
369         369.500000      1.000082      
370         370.500000      1.000079      
371         371.500000      1.000069      
372         372.500000      1.000072      
373         373.500000      1.000073      
374         374.500000      1.000073      
375         375.500000      1.000076      
376         376.500000      1.000074      
377         377.500000      1.000070      
378         378.500000      1.000066      
379         379.500000      1.000065      
380         380.500000      1.000070      
381         381.500000      1.000069      
382         382.500000      1.000059      
383         383.500000      1.000064      
384         384.500000      1.000069      
385         385.500000      1.000066      
386         386.500000      1.000066      
387         387.500000      1.000064      
388         388.500000      1.000064      
389         389.500000      1.000063      
390         390.500000      1.000061      
391         391.500000      1.000062      
392         392.500000      1.000062      
393         393.500000      1.000060      
394         394.500000      1.000058      
395         395.500000      1.000060      
396         396.500000      1.000062      
397         397.500000      1.000057      
398         398.500000      1.000053      
399         399.500000      1.000060      
400         400.500000      1.000061      
401         401.500000      1.000055      
402         402.500000      1.000054      
403         403.500000      1.000057      
404         404.500000      1.000059      
405         405.500000      1.000053      
406         406.500000      1.000050      
407         407.500000      1.000053      
408         408.500000      1.000055      
409         409.500000      1.000049      
410         410.500000      1.000045      
411         411.500000      1.000047      
412         412.500000      1.000046      
413         413.500000      1.000043      
414         414.500000      1.000045      
415         415.500000      1.000044      
416         416.500000      1.000040      
417         417.500000      1.000035      
418         418.500000      1.000032      
419         419.500000      1.000037      
420         420.500000      1.000034      
421         421.500000      1.000023      
422         422.500000      1.000024      
423         423.500000      1.000025      
424         424.500000      1.000027      
425         425.500000      1.000030      
426         426.500000      1.000028      
427         427.500000      1.000026      
428         428.500000      1.000024      
429         429.500000      1.000023      
430         430.500000      1.000023      
431         431.500000      1.000024      
432         432.500000      1.000025      
433         433.500000      1.000021      
434         434.500000      1.000019      
435         435.500000      1.000017      
436         436.500000      1.000015      
437         437.500000      1.000015      
438         438.500000      1.000017      
439         439.500000      1.000015      
440         440.500000      1.000014      
441         441.500000      1.000016      
442         442.500000      1.000017      
443         443.500000      1.000016      
444         444.500000      1.000013      
445         445.500000      1.000009      
446         446.500000      1.000012      
447         447.500000      1.000012      
448         448.500000      1.000010      
449         449.500000      1.000008      
450         450.500000      1.000006      
451         451.500000      1.000007      
452         452.500000      1.000008      
453         453.500000      1.000005      
454         454.500000      1.000003      
455         455.500000      1.000005      
456         456.500000      1.000005      
457         457.500000      1.000005      
458         458.500000      1.000005      
459         459.500000      1.000004      
460         460.500000      1.000005      
461         461.500000      1.000006      
462         462.500000      1.000005      
463         463.500000      1.000005      
464         464.500000      1.000004      
465         465.500000      1.000005      
466         466.500000      1.000004      
467         467.500000      1.000004      
468         468.500000      1.000005      
469         469.500000      1.000004      
470         470.500000      1.000003      
471         471.500000      1.000003      
472         472.500000      1.000003      
473         473.500000      1.000003      
474         474.500000      1.000003      
475         475.500000      1.000002      
476         476.500000      1.000002      
477         477.500000      1.000002      
478         478.500000      1.000002      
479         479.500000      1.000002      
480         480.500000      1.000002      
481         481.500000      1.000001      
482         482.500000      1.000001      
483         483.500000      1.000002      
484         484.500000      1.000001      
485         485.500000      1.000000      
486         486.500000      1.000000      
487         487.500000      1.000000      
488         488.500000      1.000000      
489         489.500000      1.000000      
490         490.500000      1.000000      
491         491.500000      1.000000      
492         492.500000      1.000003      
493         493.500000      1.000002      
494         494.500000      0.999999      
495         495.500000      0.999999      
496         496.500000      0.999999      
497         497.500000      0.999999      
498         498.500000      0.999999      
499         499.500000      0.999999      
500         500.500000      0.999999      
501         501.500000      0.999999      
502         502.500000      0.999999      
503         503.500000      0.999999      
504         504.500000      1.000000      
505         505.500000      0.999999      
506         506.500000      0.999999      
507         507.500000      0.999999      
508         508.500000      0.999999      
509         509.500000      0.999999      
510         510.500000      0.999999      
511         511.500000      0.999999      
512         512.500000      0.999999      
513         513.500000      0.999999      
514         514.500000      0.999999      
515         515.500000      0.999999      
516         516.500000      0.999999      
517         517.500000      0.999999      
518         518.500000      0.999998      
519         519.500000      0.999998      
520         520.500000      0.999998      
521         521.500000      0.999997      
522         522.500000      0.999998      
523         523.500000      0.999999      
524         524.500000      0.999998      
525         525.500000      0.999998      
526         526.500000      0.999998      
527         527.500000      0.999997      
528         528.500000      0.999998      
529         529.500000      0.999999      
530         530.500000      0.999998      
531         531.500000      0.999997      
532         532.500000      0.999999      
533         533.500000      0.999998      
534         534.500000      0.999998      
535         535.500000      0.999999      
536         536.500000      0.999998      
537         537.500000      0.999998      
538         538.500000      0.999999      
539         539.500000      0.999999      
540         540.500000      0.999999      
541         541.500000      0.999999      
542         542.500000      0.999999      
543         543.500000      0.999998      
544         544.500000      0.999999      
545         545.500000      0.999999      
546         546.500000      0.999999      
547         547.500000      0.999999      
548         548.500000      0.999999      
549         549.500000      0.999999      
550         550.500000      0.999999      
551         551.500000      0.999998      
552         552.500000      0.999999      
553         553.500000      0.999999      
554         554.500000      0.999998      
555         555.500000      0.999998      
556         556.500000      0.999998      
557         557.500000      0.999998      
558         558.500000      0.999998      
559         559.500000      0.999998      
560         560.500000      0.999997      
561         561.500000      0.999997      
562         562.500000      0.999997      
563         563.500000      0.999997      
564         564.500000      0.999998      
565         565.500000      0.999998      
566         566.500000      0.999997      
567         567.500000      0.999997      
568         568.500000      0.999999      
569         569.500000      0.999998      
570         570.500000      0.999997      
571         571.500000      0.999997      
572         572.500000      0.999997      
573         573.500000      0.999998      
574         574.500000      0.999998      
575         575.500000      0.999998      
576         576.500000      0.999999      
577         577.500000      0.999998      
578         578.500000      1.000000      
579         579.500000      0.999999      
580         580.500000      0.999999      
581         581.500000      0.999999      
582         582.500000      0.999998      
583         583.500000      0.999998      
584         584.500000      0.999998      
585         585.500000      1.000000      
586         586.500000      1.000001      
587         587.500000      0.999999      
588         588.500000      0.999998      
589         589.500000      0.999999      
590         590.500000      1.000000      
591         591.500000      0.999999      
592         592.500000      1.000000      
593         593.500000      1.000000      
594         594.500000      0.999999      
595         595.500000      0.999999      
596         596.500000      0.999998      
597         597.500000      1.000001      
598         598.500000      1.000001      
599         599.500000      0.999999      
