offset 325.7
#num     spill time       feild 
0         0.500000      1.000007      
1         1.500000      1.000005      
2         2.500000      1.000003      
3         3.500000      1.000004      
4         4.500000      1.000000      
5         5.500000      1.000000      
6         6.500000      1.000005      
7         7.500000      1.000005      
8         8.500000      1.000001      
9         9.500000      0.999999      
10         10.500000      0.999999      
11         11.500000      0.999993      
12         12.500000      0.999981      
13         13.500000      0.999974      
14         14.500000      0.999965      
15         15.500000      0.999966      
16         16.500000      0.999959      
17         17.500000      0.999931      
18         18.500000      0.999911      
19         19.500000      0.999891      
20         20.500000      0.999877      
21         21.500000      0.999853      
22         22.500000      0.999809      
23         23.500000      0.999803      
24         24.500000      0.999758      
25         25.500000      0.999727      
26         26.500000      0.999709      
27         27.500000      0.999686      
28         28.500000      0.999691      
29         29.500000      0.999704      
30         30.500000      0.999707      
31         31.500000      0.999723      
32         32.500000      0.999772      
33         33.500000      0.999808      
34         34.500000      0.999839      
35         35.500000      0.999895      
36         36.500000      0.999930      
37         37.500000      0.999990      
38         38.500000      1.000025      
39         39.500000      1.000042      
40         40.500000      1.000094      
41         41.500000      1.000122      
42         42.500000      1.000143      
43         43.500000      1.000157      
44         44.500000      1.000166      
45         45.500000      1.000156      
46         46.500000      1.000139      
47         47.500000      1.000119      
48         48.500000      1.000113      
49         49.500000      1.000100      
50         50.500000      1.000069      
51         51.500000      1.000056      
52         52.500000      1.000036      
53         53.500000      1.000015      
54         54.500000      1.000006      
55         55.500000      0.999995      
56         56.500000      0.999989      
57         57.500000      0.999993      
58         58.500000      0.999996      
59         59.500000      0.999998      
60         60.500000      1.000008      
61         61.500000      1.000022      
62         62.500000      1.000020      
63         63.500000      1.000019      
64         64.500000      1.000052      
65         65.500000      1.000069      
66         66.500000      1.000081      
67         67.500000      1.000105      
68         68.500000      1.000117      
69         69.500000      1.000133      
70         70.500000      1.000147      
71         71.500000      1.000160      
72         72.500000      1.000167      
73         73.500000      1.000167      
74         74.500000      1.000169      
75         75.500000      1.000172      
76         76.500000      1.000175      
77         77.500000      1.000177      
78         78.500000      1.000173      
79         79.500000      1.000167      
80         80.500000      1.000171      
81         81.500000      1.000174      
82         82.500000      1.000166      
83         83.500000      1.000162      
84         84.500000      1.000166      
85         85.500000      1.000164      
86         86.500000      1.000162      
87         87.500000      1.000157      
88         88.500000      1.000155      
89         89.500000      1.000157      
90         90.500000      1.000150      
91         91.500000      1.000144      
92         92.500000      1.000144      
93         93.500000      1.000142      
94         94.500000      1.000140      
95         95.500000      1.000137      
96         96.500000      1.000129      
97         97.500000      1.000125      
98         98.500000      1.000114      
99         99.500000      1.000110      
100         100.500000      1.000108      
101         101.500000      1.000096      
102         102.500000      1.000092      
103         103.500000      1.000092      
104         104.500000      1.000079      
105         105.500000      1.000073      
106         106.500000      1.000070      
107         107.500000      1.000054      
108         108.500000      1.000053      
109         109.500000      1.000058      
110         110.500000      1.000057      
111         111.500000      1.000051      
112         112.500000      1.000039      
113         113.500000      1.000034      
114         114.500000      1.000035      
115         115.500000      1.000039      
116         116.500000      1.000040      
117         117.500000      1.000036      
118         118.500000      1.000036      
119         119.500000      1.000041      
120         120.500000      1.000037      
121         121.500000      1.000032      
122         122.500000      1.000035      
123         123.500000      1.000037      
124         124.500000      1.000033      
125         125.500000      1.000033      
126         126.500000      1.000038      
127         127.500000      1.000038      
128         128.500000      1.000037      
129         129.500000      1.000035      
130         130.500000      1.000040      
131         131.500000      1.000039      
132         132.500000      1.000033      
133         133.500000      1.000036      
134         134.500000      1.000033      
135         135.500000      1.000027      
136         136.500000      1.000020      
137         137.500000      1.000007      
138         138.500000      0.999998      
139         139.500000      0.999978      
140         140.500000      0.999958      
141         141.500000      0.999949      
142         142.500000      0.999942      
143         143.500000      0.999933      
144         144.500000      0.999921      
145         145.500000      0.999916      
146         146.500000      0.999915      
147         147.500000      0.999913      
148         148.500000      0.999905      
149         149.500000      0.999899      
150         150.500000      0.999900      
151         151.500000      0.999902      
152         152.500000      0.999897      
153         153.500000      0.999896      
154         154.500000      0.999896      
155         155.500000      0.999892      
156         156.500000      0.999891      
157         157.500000      0.999891      
158         158.500000      0.999892      
159         159.500000      0.999893      
160         160.500000      0.999891      
161         161.500000      0.999891      
162         162.500000      0.999891      
163         163.500000      0.999890      
164         164.500000      0.999889      
165         165.500000      0.999886      
166         166.500000      0.999889      
167         167.500000      0.999892      
168         168.500000      0.999886      
169         169.500000      0.999886      
170         170.500000      0.999889      
171         171.500000      0.999890      
172         172.500000      0.999898      
173         173.500000      0.999901      
174         174.500000      0.999906      
175         175.500000      0.999908      
176         176.500000      0.999918      
177         177.500000      0.999931      
178         178.500000      0.999936      
179         179.500000      0.999939      
180         180.500000      0.999946      
181         181.500000      0.999957      
182         182.500000      0.999957      
183         183.500000      0.999967      
184         184.500000      0.999978      
185         185.500000      0.999971      
186         186.500000      0.999973      
187         187.500000      0.999979      
188         188.500000      0.999988      
189         189.500000      0.999995      
190         190.500000      0.999996      
191         191.500000      0.999993      
192         192.500000      0.999999      
193         193.500000      1.000002      
194         194.500000      1.000002      
195         195.500000      1.000007      
196         196.500000      1.000014      
197         197.500000      1.000017      
198         198.500000      1.000019      
199         199.500000      1.000021      
200         200.500000      1.000025      
201         201.500000      1.000029      
202         202.500000      1.000029      
203         203.500000      1.000027      
204         204.500000      1.000027      
205         205.500000      1.000030      
206         206.500000      1.000032      
207         207.500000      1.000032      
208         208.500000      1.000029      
209         209.500000      1.000032      
210         210.500000      1.000035      
211         211.500000      1.000030      
212         212.500000      1.000025      
213         213.500000      1.000027      
214         214.500000      1.000023      
215         215.500000      1.000019      
216         216.500000      1.000019      
217         217.500000      1.000013      
218         218.500000      1.000008      
219         219.500000      1.000006      
220         220.500000      1.000002      
221         221.500000      0.999995      
222         222.500000      0.999993      
223         223.500000      0.999993      
224         224.500000      0.999988      
225         225.500000      0.999989      
226         226.500000      0.999990      
227         227.500000      0.999987      
228         228.500000      0.999984      
229         229.500000      0.999985      
230         230.500000      0.999989      
231         231.500000      0.999988      
232         232.500000      0.999988      
233         233.500000      0.999987      
234         234.500000      0.999985      
235         235.500000      0.999988      
236         236.500000      0.999988      
237         237.500000      0.999986      
238         238.500000      0.999986      
239         239.500000      0.999988      
240         240.500000      0.999991      
241         241.500000      0.999990      
242         242.500000      0.999992      
243         243.500000      0.999996      
244         244.500000      0.999995      
245         245.500000      0.999999      
246         246.500000      1.000003      
247         247.500000      1.000008      
248         248.500000      1.000013      
249         249.500000      1.000012      
250         250.500000      1.000010      
251         251.500000      1.000016      
252         252.500000      1.000024      
253         253.500000      1.000027      
254         254.500000      1.000027      
255         255.500000      1.000030      
256         256.500000      1.000032      
257         257.500000      1.000033      
258         258.500000      1.000039      
259         259.500000      1.000042      
260         260.500000      1.000042      
261         261.500000      1.000043      
262         262.500000      1.000046      
263         263.500000      1.000045      
264         264.500000      1.000041      
265         265.500000      1.000044      
266         266.500000      1.000049      
267         267.500000      1.000050      
268         268.500000      1.000050      
269         269.500000      1.000049      
270         270.500000      1.000050      
271         271.500000      1.000053      
272         272.500000      1.000053      
273         273.500000      1.000050      
274         274.500000      1.000051      
275         275.500000      1.000052      
276         276.500000      1.000052      
277         277.500000      1.000048      
278         278.500000      1.000045      
279         279.500000      1.000047      
280         280.500000      1.000048      
281         281.500000      1.000047      
282         282.500000      1.000049      
283         283.500000      1.000052      
284         284.500000      1.000047      
285         285.500000      1.000046      
286         286.500000      1.000045      
287         287.500000      1.000042      
288         288.500000      1.000042      
289         289.500000      1.000038      
290         290.500000      1.000039      
291         291.500000      1.000040      
292         292.500000      1.000038      
293         293.500000      1.000040      
294         294.500000      1.000040      
295         295.500000      1.000041      
296         296.500000      1.000037      
297         297.500000      1.000035      
298         298.500000      1.000040      
299         299.500000      1.000041      
300         300.500000      1.000038      
301         301.500000      1.000036      
302         302.500000      1.000038      
303         303.500000      1.000036      
304         304.500000      1.000037      
305         305.500000      1.000035      
306         306.500000      1.000028      
307         307.500000      1.000027      
308         308.500000      1.000024      
309         309.500000      1.000014      
310         310.500000      0.999990      
311         311.500000      0.999964      
312         312.500000      0.999943      
313         313.500000      0.999921      
314         314.500000      0.999862      
315         315.500000      0.999826      
316         316.500000      0.999797      
317         317.500000      0.999726      
318         318.500000      0.999625      
319         319.500000      0.999573      
320         320.500000      0.999517      
321         321.500000      0.999458      
322         322.500000      0.999416      
323         323.500000      0.999387      
324         324.500000      0.999354      
325         325.500000      0.999346      
326         326.500000      0.999340      
327         327.500000      0.999343      
328         328.500000      0.999358      
329         329.500000      0.999386      
330         330.500000      0.999405      
331         331.500000      0.999431      
332         332.500000      0.999491      
333         333.500000      0.999523      
334         334.500000      0.999569      
335         335.500000      0.999605      
336         336.500000      0.999668      
337         337.500000      0.999746      
338         338.500000      0.999798      
339         339.500000      0.999867      
340         340.500000      0.999891      
341         341.500000      0.999930      
342         342.500000      1.000005      
343         343.500000      1.000046      
344         344.500000      1.000109      
345         345.500000      1.000150      
346         346.500000      1.000184      
347         347.500000      1.000227      
348         348.500000      1.000247      
349         349.500000      1.000279      
350         350.500000      1.000307      
351         351.500000      1.000330      
352         352.500000      1.000362      
353         353.500000      1.000383      
354         354.500000      1.000398      
355         355.500000      1.000417      
356         356.500000      1.000432      
357         357.500000      1.000435      
358         358.500000      1.000441      
359         359.500000      1.000448      
360         360.500000      1.000446      
361         361.500000      1.000446      
362         362.500000      1.000453      
363         363.500000      1.000446      
364         364.500000      1.000439      
365         365.500000      1.000433      
366         366.500000      1.000419      
367         367.500000      1.000411      
368         368.500000      1.000402      
369         369.500000      1.000382      
370         370.500000      1.000356      
371         371.500000      1.000332      
372         372.500000      1.000307      
373         373.500000      1.000289      
374         374.500000      1.000255      
375         375.500000      1.000235      
376         376.500000      1.000216      
377         377.500000      1.000189      
378         378.500000      1.000159      
379         379.500000      1.000142      
380         380.500000      1.000122      
381         381.500000      1.000095      
382         382.500000      1.000079      
383         383.500000      1.000065      
384         384.500000      1.000047      
385         385.500000      1.000031      
386         386.500000      1.000014      
387         387.500000      1.000000      
388         388.500000      0.999984      
389         389.500000      0.999979      
390         390.500000      0.999978      
391         391.500000      0.999976      
392         392.500000      0.999971      
393         393.500000      0.999960      
394         394.500000      0.999953      
395         395.500000      0.999952      
396         396.500000      0.999948      
397         397.500000      0.999943      
398         398.500000      0.999935      
399         399.500000      0.999930      
400         400.500000      0.999928      
401         401.500000      0.999921      
402         402.500000      0.999917      
403         403.500000      0.999915      
404         404.500000      0.999909      
405         405.500000      0.999908      
406         406.500000      0.999906      
407         407.500000      0.999905      
408         408.500000      0.999900      
409         409.500000      0.999896      
410         410.500000      0.999897      
411         411.500000      0.999893      
412         412.500000      0.999889      
413         413.500000      0.999893      
414         414.500000      0.999896      
415         415.500000      0.999896      
416         416.500000      0.999891      
417         417.500000      0.999892      
418         418.500000      0.999892      
419         419.500000      0.999892      
420         420.500000      0.999893      
421         421.500000      0.999895      
422         422.500000      0.999898      
423         423.500000      0.999895      
424         424.500000      0.999892      
425         425.500000      0.999897      
426         426.500000      0.999905      
427         427.500000      0.999912      
428         428.500000      0.999913      
429         429.500000      0.999918      
430         430.500000      0.999924      
431         431.500000      0.999928      
432         432.500000      0.999934      
433         433.500000      0.999937      
434         434.500000      0.999942      
435         435.500000      0.999950      
436         436.500000      0.999958      
437         437.500000      0.999963      
438         438.500000      0.999963      
439         439.500000      0.999968      
440         440.500000      0.999968      
441         441.500000      0.999974      
442         442.500000      0.999978      
443         443.500000      0.999973      
444         444.500000      0.999976      
445         445.500000      0.999981      
446         446.500000      0.999984      
447         447.500000      0.999988      
448         448.500000      0.999992      
449         449.500000      0.999995      
450         450.500000      0.999996      
451         451.500000      0.999996      
452         452.500000      0.999997      
453         453.500000      1.000000      
454         454.500000      1.000001      
455         455.500000      1.000001      
456         456.500000      1.000003      
457         457.500000      1.000003      
458         458.500000      1.000003      
459         459.500000      1.000002      
460         460.500000      1.000002      
461         461.500000      1.000002      
462         462.500000      1.000002      
463         463.500000      1.000001      
464         464.500000      1.000002      
465         465.500000      1.000003      
466         466.500000      1.000003      
467         467.500000      1.000003      
468         468.500000      1.000003      
469         469.500000      1.000003      
470         470.500000      1.000003      
471         471.500000      1.000004      
472         472.500000      1.000003      
473         473.500000      1.000002      
474         474.500000      1.000002      
475         475.500000      1.000002      
476         476.500000      1.000002      
477         477.500000      1.000001      
478         478.500000      1.000000      
479         479.500000      1.000000      
480         480.500000      1.000000      
481         481.500000      1.000000      
482         482.500000      1.000000      
483         483.500000      1.000001      
484         484.500000      1.000001      
485         485.500000      1.000001      
486         486.500000      1.000000      
487         487.500000      1.000000      
488         488.500000      1.000000      
489         489.500000      1.000000      
490         490.500000      1.000001      
491         491.500000      1.000001      
492         492.500000      1.000001      
493         493.500000      1.000001      
494         494.500000      1.000001      
495         495.500000      1.000001      
496         496.500000      1.000000      
497         497.500000      1.000000      
498         498.500000      1.000000      
499         499.500000      0.999999      
500         500.500000      0.999999      
501         501.500000      0.999999      
502         502.500000      0.999999      
503         503.500000      1.000000      
504         504.500000      1.000000      
505         505.500000      0.999999      
506         506.500000      0.999999      
507         507.500000      0.999999      
508         508.500000      0.999999      
509         509.500000      0.999998      
510         510.500000      0.999997      
511         511.500000      0.999997      
512         512.500000      0.999997      
513         513.500000      0.999997      
514         514.500000      0.999997      
515         515.500000      0.999997      
516         516.500000      0.999998      
517         517.500000      0.999998      
518         518.500000      0.999998      
519         519.500000      0.999998      
520         520.500000      0.999998      
521         521.500000      0.999998      
522         522.500000      0.999998      
523         523.500000      0.999998      
524         524.500000      0.999998      
525         525.500000      0.999998      
526         526.500000      0.999998      
527         527.500000      0.999998      
528         528.500000      0.999999      
529         529.500000      0.999999      
530         530.500000      0.999998      
531         531.500000      0.999999      
532         532.500000      0.999999      
533         533.500000      0.999999      
534         534.500000      0.999997      
535         535.500000      0.999999      
536         536.500000      1.000000      
537         537.500000      1.000000      
538         538.500000      0.999999      
539         539.500000      0.999999      
540         540.500000      0.999999      
541         541.500000      0.999998      
542         542.500000      0.999999      
543         543.500000      0.999999      
544         544.500000      0.999999      
545         545.500000      0.999999      
546         546.500000      1.000000      
547         547.500000      1.000000      
548         548.500000      0.999999      
549         549.500000      0.999998      
550         550.500000      0.999999      
551         551.500000      0.999998      
552         552.500000      0.999999      
553         553.500000      1.000000      
554         554.500000      0.999999      
555         555.500000      0.999998      
556         556.500000      0.999999      
557         557.500000      1.000001      
558         558.500000      1.000001      
559         559.500000      1.000000      
560         560.500000      1.000000      
561         561.500000      1.000000      
562         562.500000      0.999999      
563         563.500000      1.000000      
564         564.500000      1.000000      
565         565.500000      1.000000      
566         566.500000      1.000000      
567         567.500000      1.000000      
568         568.500000      1.000001      
569         569.500000      1.000001      
570         570.500000      1.000001      
571         571.500000      1.000001      
572         572.500000      1.000001      
573         573.500000      1.000000      
574         574.500000      1.000001      
575         575.500000      1.000001      
576         576.500000      1.000001      
577         577.500000      1.000002      
578         578.500000      1.000001      
579         579.500000      1.000000      
580         580.500000      1.000001      
581         581.500000      1.000002      
582         582.500000      1.000001      
583         583.500000      1.000000      
584         584.500000      1.000001      
585         585.500000      1.000001      
586         586.500000      1.000001      
587         587.500000      1.000002      
588         588.500000      1.000002      
589         589.500000      1.000001      
590         590.500000      1.000001      
591         591.500000      1.000001      
592         592.500000      1.000001      
593         593.500000      1.000001      
594         594.500000      1.000002      
595         595.500000      1.000002      
596         596.500000      1.000002      
597         597.500000      1.000002      
598         598.500000      1.000002      
599         599.500000      1.000003      
