offset 325.7
#num     spill time       feild 
0         0.500000      1.000012      
1         1.500000      1.000007      
2         2.500000      1.000004      
3         3.500000      1.000005      
4         4.500000      1.000008      
5         5.500000      1.000016      
6         6.500000      1.000014      
7         7.500000      1.000009      
8         8.500000      1.000014      
9         9.500000      1.000014      
10         10.500000      1.000010      
11         11.500000      1.000001      
12         12.500000      1.000002      
13         13.500000      1.000006      
14         14.500000      1.000001      
15         15.500000      1.000005      
16         16.500000      0.999973      
17         17.500000      0.999940      
18         18.500000      0.999925      
19         19.500000      0.999908      
20         20.500000      0.999891      
21         21.500000      0.999862      
22         22.500000      0.999850      
23         23.500000      0.999847      
24         24.500000      0.999838      
25         25.500000      0.999848      
26         26.500000      0.999846      
27         27.500000      0.999833      
28         28.500000      0.999838      
29         29.500000      0.999841      
30         30.500000      0.999835      
31         31.500000      0.999838      
32         32.500000      0.999851      
33         33.500000      0.999844      
34         34.500000      0.999851      
35         35.500000      0.999860      
36         36.500000      0.999870      
37         37.500000      0.999887      
38         38.500000      0.999905      
39         39.500000      0.999941      
40         40.500000      0.999957      
41         41.500000      0.999988      
42         42.500000      1.000025      
43         43.500000      1.000018      
44         44.500000      1.000019      
45         45.500000      1.000019      
46         46.500000      1.000016      
47         47.500000      1.000015      
48         48.500000      0.999996      
49         49.500000      0.999988      
50         50.500000      1.000002      
51         51.500000      1.000016      
52         52.500000      1.000018      
53         53.500000      1.000019      
54         54.500000      1.000041      
55         55.500000      1.000058      
56         56.500000      1.000061      
57         57.500000      1.000070      
58         58.500000      1.000085      
59         59.500000      1.000104      
60         60.500000      1.000083      
61         61.500000      1.000064      
62         62.500000      1.000092      
63         63.500000      1.000104      
64         64.500000      1.000085      
65         65.500000      1.000083      
66         66.500000      1.000089      
67         67.500000      1.000097      
68         68.500000      1.000105      
69         69.500000      1.000115      
70         70.500000      1.000101      
71         71.500000      1.000085      
72         72.500000      1.000098      
73         73.500000      1.000102      
74         74.500000      1.000114      
75         75.500000      1.000117      
76         76.500000      1.000128      
77         77.500000      1.000148      
78         78.500000      1.000135      
79         79.500000      1.000120      
80         80.500000      1.000116      
81         81.500000      1.000138      
82         82.500000      1.000170      
83         83.500000      1.000157      
84         84.500000      1.000159      
85         85.500000      1.000180      
86         86.500000      1.000184      
87         87.500000      1.000179      
88         88.500000      1.000179      
89         89.500000      1.000184      
90         90.500000      1.000187      
91         91.500000      1.000203      
92         92.500000      1.000200      
93         93.500000      1.000198      
94         94.500000      1.000210      
95         95.500000      1.000203      
96         96.500000      1.000184      
97         97.500000      1.000169      
98         98.500000      1.000186      
99         99.500000      1.000192      
100         100.500000      1.000190      
101         101.500000      1.000177      
102         102.500000      1.000165      
103         103.500000      1.000177      
104         104.500000      1.000155      
105         105.500000      1.000146      
106         106.500000      1.000130      
107         107.500000      1.000107      
108         108.500000      1.000106      
109         109.500000      1.000091      
110         110.500000      1.000076      
111         111.500000      1.000079      
112         112.500000      1.000047      
113         113.500000      1.000014      
114         114.500000      0.999987      
115         115.500000      0.999999      
116         116.500000      0.999998      
117         117.500000      0.999987      
118         118.500000      0.999981      
119         119.500000      0.999979      
120         120.500000      0.999977      
121         121.500000      0.999983      
122         122.500000      0.999990      
123         123.500000      0.999992      
124         124.500000      0.999987      
125         125.500000      0.999979      
126         126.500000      0.999982      
127         127.500000      0.999982      
128         128.500000      0.999981      
129         129.500000      0.999972      
130         130.500000      0.999970      
131         131.500000      0.999991      
132         132.500000      0.999991      
133         133.500000      0.999990      
134         134.500000      0.999994      
135         135.500000      1.000002      
136         136.500000      1.000014      
137         137.500000      1.000010      
138         138.500000      1.000004      
139         139.500000      1.000009      
140         140.500000      1.000013      
141         141.500000      1.000019      
142         142.500000      1.000013      
143         143.500000      1.000018      
144         144.500000      1.000027      
145         145.500000      1.000020      
146         146.500000      1.000020      
147         147.500000      1.000017      
148         148.500000      1.000011      
149         149.500000      1.000006      
150         150.500000      0.999999      
151         151.500000      1.000003      
152         152.500000      1.000012      
153         153.500000      1.000010      
154         154.500000      1.000001      
155         155.500000      0.999993      
156         156.500000      0.999988      
157         157.500000      0.999989      
158         158.500000      0.999991      
159         159.500000      0.999987      
160         160.500000      0.999986      
161         161.500000      0.999990      
162         162.500000      0.999995      
163         163.500000      0.999990      
164         164.500000      0.999981      
165         165.500000      0.999982      
166         166.500000      0.999979      
167         167.500000      0.999983      
168         168.500000      0.999982      
169         169.500000      0.999981      
170         170.500000      0.999990      
171         171.500000      0.999991      
172         172.500000      0.999988      
173         173.500000      0.999985      
174         174.500000      0.999983      
175         175.500000      0.999988      
176         176.500000      0.999996      
177         177.500000      1.000003      
178         178.500000      1.000000      
179         179.500000      0.999996      
180         180.500000      1.000004      
181         181.500000      1.000012      
182         182.500000      1.000008      
183         183.500000      1.000010      
184         184.500000      1.000017      
185         185.500000      1.000014      
186         186.500000      1.000019      
187         187.500000      1.000020      
188         188.500000      1.000023      
189         189.500000      1.000028      
190         190.500000      1.000022      
191         191.500000      1.000018      
192         192.500000      1.000020      
193         193.500000      1.000022      
194         194.500000      1.000021      
195         195.500000      1.000020      
196         196.500000      1.000020      
197         197.500000      1.000025      
198         198.500000      1.000023      
199         199.500000      1.000021      
200         200.500000      1.000028      
201         201.500000      1.000029      
202         202.500000      1.000028      
203         203.500000      1.000029      
204         204.500000      1.000029      
205         205.500000      1.000023      
206         206.500000      1.000022      
207         207.500000      1.000021      
208         208.500000      1.000017      
209         209.500000      1.000017      
210         210.500000      1.000021      
211         211.500000      1.000024      
212         212.500000      1.000030      
213         213.500000      1.000031      
214         214.500000      1.000023      
215         215.500000      1.000018      
216         216.500000      1.000019      
217         217.500000      1.000023      
218         218.500000      1.000024      
219         219.500000      1.000028      
220         220.500000      1.000035      
221         221.500000      1.000040      
222         222.500000      1.000051      
223         223.500000      1.000058      
224         224.500000      1.000071      
225         225.500000      1.000075      
226         226.500000      1.000077      
227         227.500000      1.000083      
228         228.500000      1.000085      
229         229.500000      1.000097      
230         230.500000      1.000099      
231         231.500000      1.000101      
232         232.500000      1.000115      
233         233.500000      1.000132      
234         234.500000      1.000118      
235         235.500000      1.000116      
236         236.500000      1.000134      
237         237.500000      1.000129      
238         238.500000      1.000127      
239         239.500000      1.000131      
240         240.500000      1.000132      
241         241.500000      1.000127      
242         242.500000      1.000123      
243         243.500000      1.000125      
244         244.500000      1.000135      
245         245.500000      1.000143      
246         246.500000      1.000137      
247         247.500000      1.000131      
248         248.500000      1.000136      
249         249.500000      1.000141      
250         250.500000      1.000132      
251         251.500000      1.000125      
252         252.500000      1.000140      
253         253.500000      1.000134      
254         254.500000      1.000124      
255         255.500000      1.000122      
256         256.500000      1.000118      
257         257.500000      1.000119      
258         258.500000      1.000117      
259         259.500000      1.000108      
260         260.500000      1.000112      
261         261.500000      1.000116      
262         262.500000      1.000107      
263         263.500000      1.000108      
264         264.500000      1.000117      
265         265.500000      1.000107      
266         266.500000      1.000101      
267         267.500000      1.000105      
268         268.500000      1.000089      
269         269.500000      1.000071      
270         270.500000      1.000078      
271         271.500000      1.000073      
272         272.500000      1.000065      
273         273.500000      1.000062      
274         274.500000      1.000058      
275         275.500000      1.000065      
276         276.500000      1.000060      
277         277.500000      1.000049      
278         278.500000      1.000037      
279         279.500000      1.000026      
280         280.500000      1.000032      
281         281.500000      1.000023      
282         282.500000      1.000019      
283         283.500000      1.000029      
284         284.500000      1.000017      
285         285.500000      1.000006      
286         286.500000      1.000004      
287         287.500000      0.999998      
288         288.500000      0.999985      
289         289.500000      0.999985      
290         290.500000      0.999989      
291         291.500000      0.999982      
292         292.500000      0.999954      
293         293.500000      0.999936      
294         294.500000      0.999950      
295         295.500000      0.999921      
296         296.500000      0.999903      
297         297.500000      0.999905      
298         298.500000      0.999888      
299         299.500000      0.999866      
300         300.500000      0.999850      
301         301.500000      0.999840      
302         302.500000      0.999834      
303         303.500000      0.999841      
304         304.500000      0.999857      
305         305.500000      0.999852      
306         306.500000      0.999847      
307         307.500000      0.999859      
308         308.500000      0.999864      
309         309.500000      0.999849      
310         310.500000      0.999856      
311         311.500000      0.999875      
312         312.500000      0.999851      
313         313.500000      0.999858      
314         314.500000      0.999926      
315         315.500000      0.999938      
316         316.500000      0.999902      
317         317.500000      0.999901      
318         318.500000      0.999935      
319         319.500000      0.999902      
320         320.500000      0.999843      
321         321.500000      0.999776      
322         322.500000      0.999732      
323         323.500000      0.999725      
324         324.500000      0.999671      
325         325.500000      0.999622      
326         326.500000      0.999564      
327         327.500000      0.999551      
328         328.500000      0.999521      
329         329.500000      0.999502      
330         330.500000      0.999537      
331         331.500000      0.999550      
332         332.500000      0.999595      
333         333.500000      0.999641      
334         334.500000      0.999679      
335         335.500000      0.999693      
336         336.500000      0.999781      
337         337.500000      0.999840      
338         338.500000      0.999852      
339         339.500000      1.000002      
340         340.500000      1.000059      
341         341.500000      1.000131      
342         342.500000      1.000230      
343         343.500000      1.000263      
344         344.500000      1.000279      
345         345.500000      1.000295      
346         346.500000      1.000319      
347         347.500000      1.000339      
348         348.500000      1.000345      
349         349.500000      1.000355      
350         350.500000      1.000356      
351         351.500000      1.000357      
352         352.500000      1.000359      
353         353.500000      1.000364      
354         354.500000      1.000352      
355         355.500000      1.000352      
356         356.500000      1.000351      
357         357.500000      1.000347      
358         358.500000      1.000334      
359         359.500000      1.000316      
360         360.500000      1.000279      
361         361.500000      1.000277      
362         362.500000      1.000300      
363         363.500000      1.000279      
364         364.500000      1.000274      
365         365.500000      1.000273      
366         366.500000      1.000258      
367         367.500000      1.000241      
368         368.500000      1.000228      
369         369.500000      1.000228      
370         370.500000      1.000218      
371         371.500000      1.000207      
372         372.500000      1.000209      
373         373.500000      1.000202      
374         374.500000      1.000184      
375         375.500000      1.000162      
376         376.500000      1.000151      
377         377.500000      1.000156      
378         378.500000      1.000151      
379         379.500000      1.000127      
380         380.500000      1.000135      
381         381.500000      1.000130      
382         382.500000      1.000101      
383         383.500000      1.000088      
384         384.500000      1.000072      
385         385.500000      1.000065      
386         386.500000      1.000058      
387         387.500000      1.000050      
388         388.500000      1.000057      
389         389.500000      1.000051      
390         390.500000      1.000033      
391         391.500000      1.000025      
392         392.500000      1.000029      
393         393.500000      1.000010      
394         394.500000      0.999997      
395         395.500000      1.000012      
396         396.500000      1.000012      
397         397.500000      1.000012      
398         398.500000      1.000016      
399         399.500000      1.000008      
400         400.500000      0.999989      
401         401.500000      0.999984      
402         402.500000      0.999991      
403         403.500000      1.000002      
404         404.500000      0.999986      
405         405.500000      0.999973      
406         406.500000      0.999976      
407         407.500000      0.999978      
408         408.500000      0.999980      
409         409.500000      0.999977      
410         410.500000      0.999979      
411         411.500000      0.999982      
412         412.500000      0.999978      
413         413.500000      0.999976      
414         414.500000      0.999978      
415         415.500000      0.999980      
416         416.500000      0.999984      
417         417.500000      0.999985      
418         418.500000      0.999977      
419         419.500000      0.999975      
420         420.500000      0.999974      
421         421.500000      0.999977      
422         422.500000      0.999977      
423         423.500000      0.999979      
424         424.500000      0.999982      
425         425.500000      0.999968      
426         426.500000      0.999973      
427         427.500000      0.999977      
428         428.500000      0.999971      
429         429.500000      0.999978      
430         430.500000      0.999980      
431         431.500000      0.999983      
432         432.500000      0.999985      
433         433.500000      0.999986      
434         434.500000      0.999984      
435         435.500000      0.999980      
436         436.500000      0.999985      
437         437.500000      0.999991      
438         438.500000      0.999984      
439         439.500000      0.999984      
440         440.500000      0.999989      
441         441.500000      0.999989      
442         442.500000      0.999988      
443         443.500000      0.999986      
444         444.500000      0.999986      
445         445.500000      0.999988      
446         446.500000      0.999990      
447         447.500000      0.999987      
448         448.500000      0.999987      
449         449.500000      0.999990      
450         450.500000      0.999992      
451         451.500000      0.999993      
452         452.500000      0.999992      
453         453.500000      0.999991      
454         454.500000      0.999990      
455         455.500000      0.999990      
456         456.500000      0.999992      
457         457.500000      0.999991      
458         458.500000      0.999990      
459         459.500000      0.999990      
460         460.500000      0.999991      
461         461.500000      0.999990      
462         462.500000      0.999986      
463         463.500000      0.999988      
464         464.500000      0.999990      
465         465.500000      0.999990      
466         466.500000      0.999992      
467         467.500000      0.999991      
468         468.500000      0.999989      
469         469.500000      0.999988      
470         470.500000      0.999990      
471         471.500000      0.999990      
472         472.500000      0.999992      
473         473.500000      0.999996      
474         474.500000      0.999993      
475         475.500000      0.999993      
476         476.500000      0.999993      
477         477.500000      0.999989      
478         478.500000      0.999989      
479         479.500000      0.999995      
480         480.500000      0.999995      
481         481.500000      0.999994      
482         482.500000      0.999995      
483         483.500000      0.999995      
484         484.500000      0.999993      
485         485.500000      0.999994      
486         486.500000      0.999995      
487         487.500000      0.999992      
488         488.500000      0.999994      
489         489.500000      0.999995      
490         490.500000      0.999994      
491         491.500000      0.999995      
492         492.500000      0.999996      
493         493.500000      0.999996      
494         494.500000      0.999997      
495         495.500000      0.999997      
496         496.500000      0.999995      
497         497.500000      0.999993      
498         498.500000      0.999992      
499         499.500000      0.999996      
500         500.500000      0.999997      
501         501.500000      0.999995      
502         502.500000      0.999993      
503         503.500000      0.999993      
504         504.500000      0.999992      
505         505.500000      0.999991      
506         506.500000      0.999992      
507         507.500000      0.999993      
508         508.500000      0.999994      
509         509.500000      0.999993      
510         510.500000      0.999991      
511         511.500000      0.999992      
512         512.500000      0.999993      
513         513.500000      0.999995      
514         514.500000      0.999994      
515         515.500000      0.999994      
516         516.500000      0.999993      
517         517.500000      0.999992      
518         518.500000      0.999993      
519         519.500000      0.999994      
520         520.500000      0.999993      
521         521.500000      0.999996      
522         522.500000      0.999995      
523         523.500000      0.999994      
524         524.500000      0.999996      
525         525.500000      0.999996      
526         526.500000      0.999996      
527         527.500000      0.999997      
528         528.500000      0.999997      
529         529.500000      0.999998      
530         530.500000      0.999999      
531         531.500000      1.000000      
532         532.500000      1.000001      
533         533.500000      1.000001      
534         534.500000      1.000003      
535         535.500000      1.000003      
536         536.500000      1.000003      
537         537.500000      1.000006      
538         538.500000      1.000008      
539         539.500000      1.000008      
540         540.500000      1.000010      
541         541.500000      1.000014      
542         542.500000      1.000015      
543         543.500000      1.000014      
544         544.500000      1.000011      
545         545.500000      1.000015      
546         546.500000      1.000019      
547         547.500000      1.000014      
548         548.500000      1.000019      
549         549.500000      1.000016      
550         550.500000      1.000011      
551         551.500000      1.000015      
552         552.500000      1.000015      
553         553.500000      1.000014      
554         554.500000      1.000012      
555         555.500000      1.000013      
556         556.500000      1.000015      
557         557.500000      1.000013      
558         558.500000      1.000013      
559         559.500000      1.000011      
560         560.500000      1.000014      
561         561.500000      1.000018      
562         562.500000      1.000016      
563         563.500000      1.000011      
564         564.500000      1.000008      
565         565.500000      1.000007      
566         566.500000      1.000008      
567         567.500000      1.000008      
568         568.500000      1.000010      
569         569.500000      1.000011      
570         570.500000      1.000010      
571         571.500000      1.000007      
572         572.500000      1.000006      
573         573.500000      1.000008      
574         574.500000      1.000008      
575         575.500000      1.000006      
576         576.500000      1.000006      
577         577.500000      1.000005      
578         578.500000      1.000007      
579         579.500000      1.000007      
580         580.500000      1.000007      
581         581.500000      1.000008      
582         582.500000      1.000008      
583         583.500000      1.000010      
584         584.500000      1.000010      
585         585.500000      1.000010      
586         586.500000      1.000009      
587         587.500000      1.000009      
588         588.500000      1.000007      
589         589.500000      1.000007      
590         590.500000      1.000009      
591         591.500000      1.000007      
592         592.500000      1.000005      
593         593.500000      1.000007      
594         594.500000      1.000007      
595         595.500000      1.000006      
596         596.500000      1.000009      
597         597.500000      1.000009      
598         598.500000      1.000007      
599         599.500000      1.000005      
