offset 305.7
#num     spill time       feild 
0         0.500000      1.000007      
1         1.500000      1.000001      
2         2.500000      1.000004      
3         3.500000      1.000016      
4         4.500000      1.000001      
5         5.500000      0.999985      
6         6.500000      0.999991      
7         7.500000      0.999995      
8         8.500000      0.999996      
9         9.500000      0.999976      
10         10.500000      0.999975      
11         11.500000      1.000002      
12         12.500000      1.000000      
13         13.500000      0.999994      
14         14.500000      0.999997      
15         15.500000      1.000001      
16         16.500000      0.999995      
17         17.500000      0.999979      
18         18.500000      0.999981      
19         19.500000      0.999993      
20         20.500000      0.999998      
21         21.500000      0.999983      
22         22.500000      0.999984      
23         23.500000      0.999989      
24         24.500000      0.999999      
25         25.500000      1.000052      
26         26.500000      1.000055      
27         27.500000      0.999999      
28         28.500000      0.999997      
29         29.500000      0.999995      
30         30.500000      0.999988      
31         31.500000      0.999985      
32         32.500000      0.999980      
33         33.500000      1.000012      
34         34.500000      1.000110      
35         35.500000      1.000075      
36         36.500000      0.999880      
37         37.500000      0.999955      
38         38.500000      0.999967      
39         39.500000      0.999922      
40         40.500000      0.999942      
41         41.500000      0.999932      
42         42.500000      0.999845      
43         43.500000      0.999894      
44         44.500000      0.999942      
45         45.500000      0.999903      
46         46.500000      0.999921      
47         47.500000      0.999894      
48         48.500000      0.999843      
49         49.500000      0.999946      
50         50.500000      0.999961      
51         51.500000      0.999961      
52         52.500000      0.999965      
53         53.500000      0.999955      
54         54.500000      0.999919      
55         55.500000      0.999883      
56         56.500000      1.000016      
57         57.500000      0.999984      
58         58.500000      1.000028      
59         59.500000      1.000093      
60         60.500000      1.000095      
61         61.500000      1.000068      
62         62.500000      1.000041      
63         63.500000      1.000065      
64         64.500000      1.000080      
65         65.500000      1.000042      
66         66.500000      0.999979      
67         67.500000      1.000014      
68         68.500000      1.000054      
69         69.500000      1.000088      
70         70.500000      1.000106      
71         71.500000      1.000163      
72         72.500000      1.000152      
73         73.500000      1.000101      
74         74.500000      1.000090      
75         75.500000      1.000068      
76         76.500000      1.000089      
77         77.500000      1.000103      
78         78.500000      1.000042      
79         79.500000      1.000045      
80         80.500000      1.000054      
81         81.500000      1.000050      
82         82.500000      0.999965      
83         83.500000      1.000017      
84         84.500000      1.000047      
85         85.500000      1.000044      
86         86.500000      1.000074      
87         87.500000      1.000073      
88         88.500000      1.000062      
89         89.500000      1.000120      
90         90.500000      1.000100      
91         91.500000      1.000013      
92         92.500000      0.999979      
93         93.500000      1.000026      
94         94.500000      1.000052      
95         95.500000      1.000033      
96         96.500000      1.000032      
97         97.500000      1.000016      
98         98.500000      0.999987      
99         99.500000      1.000055      
100         100.500000      1.000061      
101         101.500000      1.000047      
102         102.500000      1.000057      
103         103.500000      1.000073      
104         104.500000      1.000074      
105         105.500000      1.000060      
106         106.500000      1.000039      
107         107.500000      1.000028      
108         108.500000      1.000018      
109         109.500000      1.000030      
110         110.500000      1.000028      
111         111.500000      1.000039      
112         112.500000      1.000054      
113         113.500000      1.000066      
114         114.500000      1.000060      
115         115.500000      1.000035      
116         116.500000      1.000045      
117         117.500000      1.000045      
118         118.500000      1.000017      
119         119.500000      1.000000      
120         120.500000      1.000012      
121         121.500000      0.999998      
122         122.500000      0.999984      
123         123.500000      0.999987      
124         124.500000      1.000040      
125         125.500000      1.000042      
126         126.500000      1.000021      
127         127.500000      1.000021      
128         128.500000      1.000015      
129         129.500000      1.000023      
130         130.500000      1.000000      
131         131.500000      0.999989      
132         132.500000      0.999999      
133         133.500000      0.999995      
134         134.500000      0.999984      
135         135.500000      1.000016      
136         136.500000      1.000034      
137         137.500000      1.000025      
138         138.500000      1.000038      
139         139.500000      1.000023      
140         140.500000      1.000013      
141         141.500000      1.000011      
142         142.500000      1.000025      
143         143.500000      1.000035      
144         144.500000      1.000035      
145         145.500000      1.000064      
146         146.500000      1.000068      
147         147.500000      1.000050      
148         148.500000      1.000040      
149         149.500000      1.000047      
150         150.500000      1.000025      
151         151.500000      1.000009      
152         152.500000      1.000006      
153         153.500000      1.000035      
154         154.500000      1.000050      
155         155.500000      1.000035      
156         156.500000      1.000035      
157         157.500000      1.000014      
158         158.500000      1.000014      
159         159.500000      1.000021      
160         160.500000      1.000018      
161         161.500000      1.000028      
162         162.500000      1.000018      
163         163.500000      0.999992      
164         164.500000      1.000000      
165         165.500000      1.000002      
166         166.500000      1.000001      
167         167.500000      1.000012      
168         168.500000      1.000030      
169         169.500000      1.000037      
170         170.500000      1.000021      
171         171.500000      0.999990      
172         172.500000      0.999972      
173         173.500000      0.999992      
174         174.500000      0.999993      
175         175.500000      0.999996      
176         176.500000      0.999998      
177         177.500000      0.999994      
178         178.500000      0.999995      
179         179.500000      1.000021      
180         180.500000      1.000054      
181         181.500000      1.000025      
182         182.500000      1.000012      
183         183.500000      1.000012      
184         184.500000      1.000019      
185         185.500000      1.000044      
186         186.500000      1.000044      
187         187.500000      1.000035      
188         188.500000      1.000048      
189         189.500000      1.000051      
190         190.500000      1.000026      
191         191.500000      1.000021      
192         192.500000      1.000005      
193         193.500000      1.000018      
194         194.500000      1.000035      
195         195.500000      1.000028      
196         196.500000      1.000030      
197         197.500000      1.000027      
198         198.500000      1.000019      
199         199.500000      1.000007      
200         200.500000      1.000002      
201         201.500000      1.000015      
202         202.500000      1.000023      
203         203.500000      1.000004      
204         204.500000      0.999999      
205         205.500000      1.000010      
206         206.500000      1.000017      
207         207.500000      1.000042      
208         208.500000      1.000031      
209         209.500000      1.000028      
210         210.500000      1.000028      
211         211.500000      1.000019      
212         212.500000      1.000010      
213         213.500000      1.000002      
214         214.500000      0.999999      
215         215.500000      1.000007      
216         216.500000      1.000005      
217         217.500000      1.000002      
218         218.500000      1.000009      
219         219.500000      1.000017      
220         220.500000      1.000021      
221         221.500000      1.000021      
222         222.500000      1.000032      
223         223.500000      1.000029      
224         224.500000      1.000033      
225         225.500000      1.000056      
226         226.500000      1.000052      
227         227.500000      1.000044      
228         228.500000      1.000042      
229         229.500000      1.000053      
230         230.500000      1.000050      
231         231.500000      1.000060      
232         232.500000      1.000067      
233         233.500000      1.000069      
234         234.500000      1.000061      
235         235.500000      1.000032      
236         236.500000      1.000017      
237         237.500000      1.000028      
238         238.500000      1.000044      
239         239.500000      1.000046      
240         240.500000      1.000064      
241         241.500000      1.000062      
242         242.500000      1.000053      
243         243.500000      1.000042      
244         244.500000      1.000025      
245         245.500000      1.000030      
246         246.500000      1.000057      
247         247.500000      1.000066      
248         248.500000      1.000052      
249         249.500000      1.000082      
250         250.500000      1.000059      
251         251.500000      1.000045      
252         252.500000      1.000054      
253         253.500000      1.000052      
254         254.500000      1.000058      
255         255.500000      1.000038      
256         256.500000      1.000048      
257         257.500000      1.000056      
258         258.500000      1.000023      
259         259.500000      1.000034      
260         260.500000      1.000044      
261         261.500000      1.000066      
262         262.500000      1.000089      
263         263.500000      1.000057      
264         264.500000      1.000041      
265         265.500000      1.000050      
266         266.500000      1.000059      
267         267.500000      1.000060      
268         268.500000      1.000066      
269         269.500000      1.000068      
270         270.500000      1.000058      
271         271.500000      1.000073      
272         272.500000      1.000083      
273         273.500000      1.000051      
274         274.500000      1.000037      
275         275.500000      1.000060      
276         276.500000      1.000043      
277         277.500000      1.000044      
278         278.500000      1.000047      
279         279.500000      1.000032      
280         280.500000      1.000053      
281         281.500000      1.000065      
282         282.500000      1.000053      
283         283.500000      1.000035      
284         284.500000      1.000029      
285         285.500000      1.000026      
286         286.500000      1.000040      
287         287.500000      0.999995      
288         288.500000      0.999942      
289         289.500000      0.999894      
290         290.500000      0.999928      
291         291.500000      0.999829      
292         292.500000      0.999886      
293         293.500000      0.999958      
294         294.500000      0.999781      
295         295.500000      0.999825      
296         296.500000      0.999854      
297         297.500000      0.999827      
298         298.500000      0.999866      
299         299.500000      0.999812      
300         300.500000      0.999772      
301         301.500000      0.999782      
302         302.500000      0.999830      
303         303.500000      0.999879      
304         304.500000      0.999882      
305         305.500000      0.999853      
306         306.500000      0.999836      
307         307.500000      0.999896      
308         308.500000      0.999897      
309         309.500000      0.999906      
310         310.500000      0.999900      
311         311.500000      0.999856      
312         312.500000      0.999876      
313         313.500000      0.999922      
314         314.500000      1.000061      
315         315.500000      1.000152      
316         316.500000      1.000188      
317         317.500000      1.000219      
318         318.500000      1.000197      
319         319.500000      1.000154      
320         320.500000      1.000126      
321         321.500000      1.000179      
322         322.500000      1.000231      
323         323.500000      1.000214      
324         324.500000      1.000192      
325         325.500000      1.000156      
326         326.500000      1.000068      
327         327.500000      0.999974      
328         328.500000      0.999970      
329         329.500000      0.999880      
330         330.500000      0.999882      
331         331.500000      0.999860      
332         332.500000      0.999816      
333         333.500000      0.999851      
334         334.500000      0.999837      
335         335.500000      0.999800      
336         336.500000      0.999849      
337         337.500000      0.999881      
338         338.500000      0.999880      
339         339.500000      0.999922      
340         340.500000      0.999948      
341         341.500000      1.000031      
342         342.500000      1.000035      
343         343.500000      1.000053      
344         344.500000      1.000074      
345         345.500000      1.000032      
346         346.500000      1.000009      
347         347.500000      1.000031      
348         348.500000      1.000069      
349         349.500000      1.000098      
350         350.500000      1.000170      
351         351.500000      1.000178      
352         352.500000      1.000068      
353         353.500000      1.000083      
354         354.500000      1.000124      
355         355.500000      1.000052      
356         356.500000      1.000042      
357         357.500000      1.000071      
358         358.500000      1.000064      
359         359.500000      1.000068      
360         360.500000      1.000122      
361         361.500000      1.000127      
362         362.500000      1.000087      
363         363.500000      1.000078      
364         364.500000      1.000108      
365         365.500000      1.000102      
366         366.500000      1.000110      
367         367.500000      1.000116      
368         368.500000      1.000089      
369         369.500000      1.000075      
370         370.500000      1.000078      
371         371.500000      1.000095      
372         372.500000      1.000104      
373         373.500000      1.000076      
374         374.500000      1.000058      
375         375.500000      1.000013      
376         376.500000      1.000042      
377         377.500000      1.000080      
378         378.500000      1.000065      
379         379.500000      1.000059      
380         380.500000      1.000042      
381         381.500000      1.000041      
382         382.500000      1.000038      
383         383.500000      1.000057      
384         384.500000      1.000071      
385         385.500000      1.000045      
386         386.500000      1.000041      
387         387.500000      1.000047      
388         388.500000      1.000031      
389         389.500000      1.000007      
390         390.500000      1.000050      
391         391.500000      1.000055      
392         392.500000      1.000017      
393         393.500000      1.000015      
394         394.500000      1.000004      
395         395.500000      1.000007      
396         396.500000      1.000009      
397         397.500000      1.000013      
398         398.500000      1.000021      
399         399.500000      1.000024      
400         400.500000      1.000010      
401         401.500000      1.000004      
402         402.500000      1.000038      
403         403.500000      1.000031      
404         404.500000      0.999999      
405         405.500000      0.999993      
406         406.500000      1.000007      
407         407.500000      1.000011      
408         408.500000      1.000018      
409         409.500000      1.000018      
410         410.500000      1.000016      
411         411.500000      1.000005      
412         412.500000      1.000003      
413         413.500000      1.000017      
414         414.500000      1.000023      
415         415.500000      1.000004      
416         416.500000      1.000004      
417         417.500000      1.000005      
418         418.500000      1.000012      
419         419.500000      1.000014      
420         420.500000      1.000012      
421         421.500000      1.000010      
422         422.500000      1.000011      
423         423.500000      1.000010      
424         424.500000      1.000011      
425         425.500000      1.000011      
426         426.500000      1.000007      
427         427.500000      1.000007      
428         428.500000      1.000007      
429         429.500000      1.000009      
430         430.500000      1.000004      
431         431.500000      1.000001      
432         432.500000      1.000006      
433         433.500000      1.000006      
434         434.500000      1.000004      
435         435.500000      1.000001      
436         436.500000      1.000002      
437         437.500000      1.000002      
438         438.500000      1.000004      
439         439.500000      1.000016      
440         440.500000      1.000007      
441         441.500000      1.000006      
442         442.500000      1.000004      
443         443.500000      1.000001      
444         444.500000      1.000003      
445         445.500000      1.000004      
446         446.500000      1.000000      
447         447.500000      0.999993      
448         448.500000      0.999999      
449         449.500000      1.000007      
450         450.500000      1.000008      
451         451.500000      1.000007      
452         452.500000      1.000007      
453         453.500000      1.000003      
454         454.500000      1.000001      
455         455.500000      1.000005      
456         456.500000      1.000004      
457         457.500000      0.999996      
458         458.500000      1.000000      
459         459.500000      1.000006      
460         460.500000      1.000004      
461         461.500000      1.000001      
462         462.500000      1.000005      
463         463.500000      1.000007      
464         464.500000      1.000007      
465         465.500000      1.000007      
466         466.500000      1.000005      
467         467.500000      1.000004      
468         468.500000      0.999999      
469         469.500000      1.000000      
470         470.500000      0.999998      
471         471.500000      0.999999      
472         472.500000      0.999999      
473         473.500000      0.999997      
474         474.500000      0.999999      
475         475.500000      0.999999      
476         476.500000      0.999999      
477         477.500000      1.000000      
478         478.500000      0.999998      
479         479.500000      0.999998      
480         480.500000      1.000001      
481         481.500000      1.000002      
482         482.500000      1.000000      
483         483.500000      0.999996      
484         484.500000      0.999999      
485         485.500000      1.000002      
486         486.500000      1.000000      
487         487.500000      1.000002      
488         488.500000      1.000004      
489         489.500000      0.999997      
490         490.500000      0.999996      
491         491.500000      1.000001      
492         492.500000      1.000002      
493         493.500000      0.999999      
494         494.500000      0.999999      
495         495.500000      0.999999      
496         496.500000      0.999998      
497         497.500000      0.999997      
498         498.500000      0.999999      
499         499.500000      1.000001      
500         500.500000      0.999998      
501         501.500000      0.999998      
502         502.500000      0.999997      
503         503.500000      0.999997      
504         504.500000      0.999998      
505         505.500000      0.999996      
506         506.500000      0.999998      
507         507.500000      1.000001      
508         508.500000      1.000003      
509         509.500000      0.999999      
510         510.500000      0.999999      
511         511.500000      0.999999      
512         512.500000      1.000001      
513         513.500000      1.000001      
514         514.500000      1.000000      
515         515.500000      1.000001      
516         516.500000      1.000001      
517         517.500000      1.000000      
518         518.500000      1.000001      
519         519.500000      1.000002      
520         520.500000      1.000001      
521         521.500000      1.000004      
522         522.500000      1.000006      
523         523.500000      1.000004      
524         524.500000      0.999999      
525         525.500000      0.999998      
526         526.500000      0.999996      
527         527.500000      0.999998      
528         528.500000      1.000001      
529         529.500000      1.000001      
530         530.500000      1.000001      
531         531.500000      0.999995      
532         532.500000      0.999995      
533         533.500000      0.999997      
534         534.500000      0.999995      
535         535.500000      0.999999      
536         536.500000      0.999998      
537         537.500000      0.999995      
538         538.500000      0.999997      
539         539.500000      0.999995      
540         540.500000      0.999996      
541         541.500000      0.999996      
542         542.500000      0.999993      
543         543.500000      0.999999      
544         544.500000      0.999998      
545         545.500000      0.999995      
546         546.500000      0.999994      
547         547.500000      0.999993      
548         548.500000      0.999994      
549         549.500000      0.999995      
550         550.500000      0.999993      
551         551.500000      0.999993      
552         552.500000      1.000001      
553         553.500000      1.000002      
554         554.500000      1.000002      
555         555.500000      1.000000      
556         556.500000      1.000001      
557         557.500000      1.000002      
558         558.500000      1.000000      
559         559.500000      1.000002      
560         560.500000      1.000002      
561         561.500000      1.000001      
562         562.500000      1.000000      
563         563.500000      0.999998      
564         564.500000      0.999999      
565         565.500000      1.000002      
566         566.500000      1.000001      
567         567.500000      0.999998      
568         568.500000      1.000000      
569         569.500000      1.000004      
570         570.500000      1.000000      
571         571.500000      0.999995      
572         572.500000      0.999997      
573         573.500000      0.999996      
574         574.500000      0.999997      
575         575.500000      1.000000      
576         576.500000      0.999999      
577         577.500000      0.999998      
578         578.500000      0.999998      
579         579.500000      1.000000      
580         580.500000      0.999998      
581         581.500000      0.999997      
582         582.500000      0.999998      
583         583.500000      0.999998      
584         584.500000      1.000000      
585         585.500000      1.000007      
586         586.500000      1.000009      
587         587.500000      0.999998      
588         588.500000      0.999999      
589         589.500000      0.999997      
590         590.500000      0.999995      
591         591.500000      0.999996      
592         592.500000      0.999993      
593         593.500000      0.999999      
594         594.500000      1.000007      
595         595.500000      1.000011      
596         596.500000      1.000001      
597         597.500000      0.999996      
598         598.500000      1.000002      
599         599.500000      1.000007      
