offset 325.7
#num     spill time       feild 
0         0.500000      0.999997      
1         1.500000      0.999997      
2         2.500000      0.999998      
3         3.500000      0.999997      
4         4.500000      0.999997      
5         5.500000      0.999997      
6         6.500000      0.999997      
7         7.500000      0.999997      
8         8.500000      0.999997      
9         9.500000      0.999998      
10         10.500000      0.999998      
11         11.500000      0.999994      
12         12.500000      0.999994      
13         13.500000      0.999995      
14         14.500000      0.999990      
15         15.500000      0.999981      
16         16.500000      0.999965      
17         17.500000      0.999953      
18         18.500000      0.999932      
19         19.500000      0.999907      
20         20.500000      0.999882      
21         21.500000      0.999837      
22         22.500000      0.999811      
23         23.500000      0.999781      
24         24.500000      0.999770      
25         25.500000      0.999757      
26         26.500000      0.999732      
27         27.500000      0.999719      
28         28.500000      0.999720      
29         29.500000      0.999739      
30         30.500000      0.999757      
31         31.500000      0.999779      
32         32.500000      0.999811      
33         33.500000      0.999870      
34         34.500000      0.999912      
35         35.500000      0.999945      
36         36.500000      0.999993      
37         37.500000      1.000020      
38         38.500000      1.000044      
39         39.500000      1.000063      
40         40.500000      1.000068      
41         41.500000      1.000075      
42         42.500000      1.000076      
43         43.500000      1.000073      
44         44.500000      1.000064      
45         45.500000      1.000057      
46         46.500000      1.000042      
47         47.500000      1.000024      
48         48.500000      1.000004      
49         49.500000      0.999976      
50         50.500000      0.999942      
51         51.500000      0.999913      
52         52.500000      0.999894      
53         53.500000      0.999878      
54         54.500000      0.999865      
55         55.500000      0.999857      
56         56.500000      0.999859      
57         57.500000      0.999865      
58         58.500000      0.999888      
59         59.500000      0.999914      
60         60.500000      0.999933      
61         61.500000      0.999969      
62         62.500000      0.999993      
63         63.500000      1.000020      
64         64.500000      1.000045      
65         65.500000      1.000079      
66         66.500000      1.000108      
67         67.500000      1.000119      
68         68.500000      1.000135      
69         69.500000      1.000152      
70         70.500000      1.000158      
71         71.500000      1.000161      
72         72.500000      1.000170      
73         73.500000      1.000162      
74         74.500000      1.000152      
75         75.500000      1.000143      
76         76.500000      1.000126      
77         77.500000      1.000112      
78         78.500000      1.000106      
79         79.500000      1.000087      
80         80.500000      1.000076      
81         81.500000      1.000069      
82         82.500000      1.000061      
83         83.500000      1.000048      
84         84.500000      1.000045      
85         85.500000      1.000044      
86         86.500000      1.000040      
87         87.500000      1.000038      
88         88.500000      1.000035      
89         89.500000      1.000031      
90         90.500000      1.000030      
91         91.500000      1.000031      
92         92.500000      1.000030      
93         93.500000      1.000029      
94         94.500000      1.000031      
95         95.500000      1.000034      
96         96.500000      1.000034      
97         97.500000      1.000031      
98         98.500000      1.000029      
99         99.500000      1.000031      
100         100.500000      1.000033      
101         101.500000      1.000031      
102         102.500000      1.000031      
103         103.500000      1.000034      
104         104.500000      1.000032      
105         105.500000      1.000030      
106         106.500000      1.000030      
107         107.500000      1.000033      
108         108.500000      1.000034      
109         109.500000      1.000026      
110         110.500000      1.000026      
111         111.500000      1.000029      
112         112.500000      1.000031      
113         113.500000      1.000030      
114         114.500000      1.000029      
115         115.500000      1.000029      
116         116.500000      1.000028      
117         117.500000      1.000028      
118         118.500000      1.000029      
119         119.500000      1.000030      
120         120.500000      1.000030      
121         121.500000      1.000033      
122         122.500000      1.000034      
123         123.500000      1.000032      
124         124.500000      1.000032      
125         125.500000      1.000033      
126         126.500000      1.000034      
127         127.500000      1.000033      
128         128.500000      1.000032      
129         129.500000      1.000035      
130         130.500000      1.000034      
131         131.500000      1.000029      
132         132.500000      1.000026      
133         133.500000      1.000026      
134         134.500000      1.000026      
135         135.500000      1.000021      
136         136.500000      1.000017      
137         137.500000      1.000017      
138         138.500000      1.000014      
139         139.500000      1.000011      
140         140.500000      1.000007      
141         141.500000      0.999998      
142         142.500000      0.999999      
143         143.500000      1.000002      
144         144.500000      1.000001      
145         145.500000      0.999996      
146         146.500000      0.999994      
147         147.500000      0.999992      
148         148.500000      0.999990      
149         149.500000      0.999985      
150         150.500000      0.999984      
151         151.500000      0.999987      
152         152.500000      0.999985      
153         153.500000      0.999982      
154         154.500000      0.999984      
155         155.500000      0.999984      
156         156.500000      0.999978      
157         157.500000      0.999977      
158         158.500000      0.999979      
159         159.500000      0.999977      
160         160.500000      0.999973      
161         161.500000      0.999975      
162         162.500000      0.999975      
163         163.500000      0.999972      
164         164.500000      0.999972      
165         165.500000      0.999976      
166         166.500000      0.999977      
167         167.500000      0.999975      
168         168.500000      0.999975      
169         169.500000      0.999977      
170         170.500000      0.999979      
171         171.500000      0.999979      
172         172.500000      0.999975      
173         173.500000      0.999973      
174         174.500000      0.999975      
175         175.500000      0.999974      
176         176.500000      0.999976      
177         177.500000      0.999975      
178         178.500000      0.999973      
179         179.500000      0.999976      
180         180.500000      0.999977      
181         181.500000      0.999975      
182         182.500000      0.999973      
183         183.500000      0.999975      
184         184.500000      0.999975      
185         185.500000      0.999972      
186         186.500000      0.999972      
187         187.500000      0.999974      
188         188.500000      0.999973      
189         189.500000      0.999976      
190         190.500000      0.999975      
191         191.500000      0.999973      
192         192.500000      0.999975      
193         193.500000      0.999973      
194         194.500000      0.999974      
195         195.500000      0.999977      
196         196.500000      0.999976      
197         197.500000      0.999974      
198         198.500000      0.999974      
199         199.500000      0.999976      
200         200.500000      0.999977      
201         201.500000      0.999976      
202         202.500000      0.999977      
203         203.500000      0.999977      
204         204.500000      0.999980      
205         205.500000      0.999978      
206         206.500000      0.999976      
207         207.500000      0.999976      
208         208.500000      0.999975      
209         209.500000      0.999979      
210         210.500000      0.999978      
211         211.500000      0.999977      
212         212.500000      0.999977      
213         213.500000      0.999977      
214         214.500000      0.999978      
215         215.500000      0.999978      
216         216.500000      0.999978      
217         217.500000      0.999976      
218         218.500000      0.999977      
219         219.500000      0.999978      
220         220.500000      0.999976      
221         221.500000      0.999976      
222         222.500000      0.999976      
223         223.500000      0.999977      
224         224.500000      0.999976      
225         225.500000      0.999977      
226         226.500000      0.999979      
227         227.500000      0.999977      
228         228.500000      0.999977      
229         229.500000      0.999977      
230         230.500000      0.999975      
231         231.500000      0.999974      
232         232.500000      0.999976      
233         233.500000      0.999976      
234         234.500000      0.999978      
235         235.500000      0.999976      
236         236.500000      0.999975      
237         237.500000      0.999978      
238         238.500000      0.999980      
239         239.500000      0.999979      
240         240.500000      0.999979      
241         241.500000      0.999978      
242         242.500000      0.999977      
243         243.500000      0.999979      
244         244.500000      0.999978      
245         245.500000      0.999978      
246         246.500000      0.999979      
247         247.500000      0.999979      
248         248.500000      0.999981      
249         249.500000      0.999981      
250         250.500000      0.999980      
251         251.500000      0.999983      
252         252.500000      0.999983      
253         253.500000      0.999982      
254         254.500000      0.999983      
255         255.500000      0.999982      
256         256.500000      0.999983      
257         257.500000      0.999987      
258         258.500000      0.999987      
259         259.500000      0.999987      
260         260.500000      0.999988      
261         261.500000      0.999991      
262         262.500000      0.999992      
263         263.500000      0.999992      
264         264.500000      0.999992      
265         265.500000      0.999995      
266         266.500000      0.999995      
267         267.500000      0.999994      
268         268.500000      0.999994      
269         269.500000      0.999996      
270         270.500000      0.999995      
271         271.500000      0.999996      
272         272.500000      1.000000      
273         273.500000      0.999999      
274         274.500000      0.999998      
275         275.500000      0.999997      
276         276.500000      0.999999      
277         277.500000      1.000003      
278         278.500000      1.000000      
279         279.500000      0.999997      
280         280.500000      0.999998      
281         281.500000      0.999999      
282         282.500000      1.000000      
283         283.500000      1.000003      
284         284.500000      1.000005      
285         285.500000      1.000006      
286         286.500000      1.000008      
287         287.500000      1.000011      
288         288.500000      1.000010      
289         289.500000      1.000009      
290         290.500000      1.000008      
291         291.500000      1.000010      
292         292.500000      1.000012      
293         293.500000      1.000013      
294         294.500000      1.000015      
295         295.500000      1.000018      
296         296.500000      1.000015      
297         297.500000      1.000015      
298         298.500000      1.000017      
299         299.500000      1.000019      
300         300.500000      1.000019      
301         301.500000      1.000017      
302         302.500000      1.000017      
303         303.500000      1.000017      
304         304.500000      1.000015      
305         305.500000      1.000019      
306         306.500000      1.000020      
307         307.500000      1.000015      
308         308.500000      1.000009      
309         309.500000      0.999997      
310         310.500000      0.999975      
311         311.500000      0.999955      
312         312.500000      0.999941      
313         313.500000      0.999903      
314         314.500000      0.999846      
315         315.500000      0.999783      
316         316.500000      0.999724      
317         317.500000      0.999676      
318         318.500000      0.999614      
319         319.500000      0.999547      
320         320.500000      0.999509      
321         321.500000      0.999457      
322         322.500000      0.999435      
323         323.500000      0.999429      
324         324.500000      0.999428      
325         325.500000      0.999436      
326         326.500000      0.999448      
327         327.500000      0.999475      
328         328.500000      0.999516      
329         329.500000      0.999561      
330         330.500000      0.999627      
331         331.500000      0.999670      
332         332.500000      0.999713      
333         333.500000      0.999786      
334         334.500000      0.999809      
335         335.500000      0.999851      
336         336.500000      0.999901      
337         337.500000      0.999929      
338         338.500000      0.999944      
339         339.500000      0.999980      
340         340.500000      0.999998      
341         341.500000      1.000011      
342         342.500000      1.000022      
343         343.500000      1.000028      
344         344.500000      1.000033      
345         345.500000      1.000033      
346         346.500000      1.000035      
347         347.500000      1.000035      
348         348.500000      1.000033      
349         349.500000      1.000034      
350         350.500000      1.000036      
351         351.500000      1.000037      
352         352.500000      1.000037      
353         353.500000      1.000040      
354         354.500000      1.000044      
355         355.500000      1.000050      
356         356.500000      1.000053      
357         357.500000      1.000054      
358         358.500000      1.000056      
359         359.500000      1.000056      
360         360.500000      1.000055      
361         361.500000      1.000060      
362         362.500000      1.000063      
363         363.500000      1.000062      
364         364.500000      1.000061      
365         365.500000      1.000061      
366         366.500000      1.000061      
367         367.500000      1.000063      
368         368.500000      1.000063      
369         369.500000      1.000059      
370         370.500000      1.000060      
371         371.500000      1.000065      
372         372.500000      1.000066      
373         373.500000      1.000067      
374         374.500000      1.000065      
375         375.500000      1.000066      
376         376.500000      1.000069      
377         377.500000      1.000068      
378         378.500000      1.000067      
379         379.500000      1.000063      
380         380.500000      1.000060      
381         381.500000      1.000063      
382         382.500000      1.000063      
383         383.500000      1.000060      
384         384.500000      1.000059      
385         385.500000      1.000058      
386         386.500000      1.000058      
387         387.500000      1.000057      
388         388.500000      1.000058      
389         389.500000      1.000062      
390         390.500000      1.000063      
391         391.500000      1.000062      
392         392.500000      1.000060      
393         393.500000      1.000059      
394         394.500000      1.000056      
395         395.500000      1.000057      
396         396.500000      1.000061      
397         397.500000      1.000059      
398         398.500000      1.000057      
399         399.500000      1.000059      
400         400.500000      1.000056      
401         401.500000      1.000056      
402         402.500000      1.000055      
403         403.500000      1.000052      
404         404.500000      1.000054      
405         405.500000      1.000053      
406         406.500000      1.000051      
407         407.500000      1.000052      
408         408.500000      1.000053      
409         409.500000      1.000050      
410         410.500000      1.000047      
411         411.500000      1.000044      
412         412.500000      1.000040      
413         413.500000      1.000039      
414         414.500000      1.000038      
415         415.500000      1.000037      
416         416.500000      1.000035      
417         417.500000      1.000031      
418         418.500000      1.000031      
419         419.500000      1.000032      
420         420.500000      1.000031      
421         421.500000      1.000030      
422         422.500000      1.000026      
423         423.500000      1.000026      
424         424.500000      1.000025      
425         425.500000      1.000023      
426         426.500000      1.000023      
427         427.500000      1.000023      
428         428.500000      1.000025      
429         429.500000      1.000021      
430         430.500000      1.000017      
431         431.500000      1.000017      
432         432.500000      1.000018      
433         433.500000      1.000018      
434         434.500000      1.000016      
435         435.500000      1.000014      
436         436.500000      1.000015      
437         437.500000      1.000016      
438         438.500000      1.000015      
439         439.500000      1.000013      
440         440.500000      1.000010      
441         441.500000      1.000011      
442         442.500000      1.000011      
443         443.500000      1.000010      
444         444.500000      1.000010      
445         445.500000      1.000010      
446         446.500000      1.000010      
447         447.500000      1.000009      
448         448.500000      1.000009      
449         449.500000      1.000008      
450         450.500000      1.000007      
451         451.500000      1.000007      
452         452.500000      1.000007      
453         453.500000      1.000006      
454         454.500000      1.000005      
455         455.500000      1.000005      
456         456.500000      1.000005      
457         457.500000      1.000005      
458         458.500000      1.000005      
459         459.500000      1.000005      
460         460.500000      1.000005      
461         461.500000      1.000005      
462         462.500000      1.000005      
463         463.500000      1.000004      
464         464.500000      1.000004      
465         465.500000      1.000004      
466         466.500000      1.000005      
467         467.500000      1.000005      
468         468.500000      1.000005      
469         469.500000      1.000004      
470         470.500000      1.000004      
471         471.500000      1.000005      
472         472.500000      1.000004      
473         473.500000      1.000004      
474         474.500000      1.000004      
475         475.500000      1.000003      
476         476.500000      1.000003      
477         477.500000      1.000003      
478         478.500000      1.000003      
479         479.500000      1.000002      
480         480.500000      1.000002      
481         481.500000      1.000002      
482         482.500000      1.000003      
483         483.500000      1.000002      
484         484.500000      1.000002      
485         485.500000      1.000002      
486         486.500000      1.000001      
487         487.500000      1.000001      
488         488.500000      1.000001      
489         489.500000      1.000001      
490         490.500000      1.000001      
491         491.500000      1.000001      
492         492.500000      1.000001      
493         493.500000      1.000001      
494         494.500000      1.000001      
495         495.500000      1.000001      
496         496.500000      1.000001      
497         497.500000      1.000001      
498         498.500000      1.000001      
499         499.500000      1.000001      
500         500.500000      1.000001      
501         501.500000      1.000001      
502         502.500000      1.000001      
503         503.500000      1.000001      
504         504.500000      1.000001      
505         505.500000      1.000000      
506         506.500000      1.000000      
507         507.500000      1.000000      
508         508.500000      1.000000      
509         509.500000      0.999999      
510         510.500000      0.999999      
511         511.500000      1.000000      
512         512.500000      0.999999      
513         513.500000      0.999999      
514         514.500000      0.999999      
515         515.500000      0.999999      
516         516.500000      0.999999      
517         517.500000      0.999998      
518         518.500000      0.999999      
519         519.500000      0.999999      
520         520.500000      0.999998      
521         521.500000      0.999998      
522         522.500000      0.999998      
523         523.500000      0.999998      
524         524.500000      0.999997      
525         525.500000      0.999998      
526         526.500000      0.999998      
527         527.500000      0.999998      
528         528.500000      0.999998      
529         529.500000      0.999998      
530         530.500000      0.999998      
531         531.500000      0.999998      
532         532.500000      0.999998      
533         533.500000      0.999998      
534         534.500000      0.999998      
535         535.500000      0.999998      
536         536.500000      0.999998      
537         537.500000      0.999998      
538         538.500000      0.999998      
539         539.500000      0.999998      
540         540.500000      0.999998      
541         541.500000      0.999998      
542         542.500000      0.999998      
543         543.500000      0.999998      
544         544.500000      0.999999      
545         545.500000      0.999998      
546         546.500000      0.999998      
547         547.500000      0.999998      
548         548.500000      0.999998      
549         549.500000      0.999998      
550         550.500000      0.999998      
551         551.500000      0.999998      
552         552.500000      0.999997      
553         553.500000      0.999997      
554         554.500000      0.999997      
555         555.500000      0.999997      
556         556.500000      0.999997      
557         557.500000      0.999997      
558         558.500000      0.999996      
559         559.500000      0.999996      
560         560.500000      0.999996      
561         561.500000      0.999996      
562         562.500000      0.999996      
563         563.500000      0.999997      
564         564.500000      0.999997      
565         565.500000      0.999996      
566         566.500000      0.999996      
567         567.500000      0.999996      
568         568.500000      0.999996      
569         569.500000      0.999997      
570         570.500000      0.999996      
571         571.500000      0.999997      
572         572.500000      0.999997      
573         573.500000      0.999996      
574         574.500000      0.999996      
575         575.500000      0.999997      
576         576.500000      0.999997      
577         577.500000      0.999997      
578         578.500000      0.999998      
579         579.500000      0.999997      
580         580.500000      0.999997      
581         581.500000      0.999997      
582         582.500000      0.999997      
583         583.500000      0.999997      
584         584.500000      0.999997      
585         585.500000      0.999997      
586         586.500000      0.999996      
587         587.500000      0.999997      
588         588.500000      0.999997      
589         589.500000      0.999997      
590         590.500000      0.999997      
591         591.500000      0.999997      
592         592.500000      0.999997      
593         593.500000      0.999997      
594         594.500000      0.999997      
595         595.500000      0.999997      
596         596.500000      0.999996      
597         597.500000      0.999997      
598         598.500000      0.999997      
599         599.500000      0.999997      
