#num     spill time       feild 
0         0.500000      1.000002      
1         1.500000      1.000005      
2         2.500000      1.000004      
3         3.500000      1.000002      
4         4.500000      1.000003      
5         5.500000      1.000001      
6         6.500000      1.000001      
7         7.500000      0.999999      
8         8.500000      0.999999      
9         9.500000      1.000005      
10         10.500000      0.999992      
11         11.500000      0.999983      
12         12.500000      0.999966      
13         13.500000      0.999959      
14         14.500000      0.999968      
15         15.500000      0.999957      
16         16.500000      0.999951      
17         17.500000      0.999945      
18         18.500000      0.999921      
19         19.500000      0.999884      
20         20.500000      0.999858      
21         21.500000      0.999828      
22         22.500000      0.999795      
23         23.500000      0.999752      
24         24.500000      0.999744      
25         25.500000      0.999711      
26         26.500000      0.999698      
27         27.500000      0.999670      
28         28.500000      0.999648      
29         29.500000      0.999644      
30         30.500000      0.999675      
31         31.500000      0.999704      
32         32.500000      0.999727      
33         33.500000      0.999830      
34         34.500000      0.999867      
35         35.500000      0.999889      
36         36.500000      0.999912      
37         37.500000      0.999978      
38         38.500000      1.000019      
39         39.500000      1.000053      
40         40.500000      1.000111      
41         41.500000      1.000126      
42         42.500000      1.000133      
43         43.500000      1.000154      
44         44.500000      1.000159      
45         45.500000      1.000176      
46         46.500000      1.000169      
47         47.500000      1.000152      
48         48.500000      1.000131      
49         49.500000      1.000118      
50         50.500000      1.000094      
51         51.500000      1.000071      
52         52.500000      1.000053      
53         53.500000      1.000017      
54         54.500000      1.000010      
55         55.500000      1.000008      
56         56.500000      0.999996      
57         57.500000      0.999990      
58         58.500000      0.999994      
59         59.500000      0.999990      
60         60.500000      0.999995      
61         61.500000      1.000005      
62         62.500000      1.000014      
63         63.500000      1.000035      
64         64.500000      1.000033      
65         65.500000      1.000040      
66         66.500000      1.000082      
67         67.500000      1.000108      
68         68.500000      1.000126      
69         69.500000      1.000162      
70         70.500000      1.000171      
71         71.500000      1.000187      
72         72.500000      1.000196      
73         73.500000      1.000194      
74         74.500000      1.000195      
75         75.500000      1.000205      
76         76.500000      1.000211      
77         77.500000      1.000208      
78         78.500000      1.000203      
79         79.500000      1.000201      
80         80.500000      1.000193      
81         81.500000      1.000188      
82         82.500000      1.000180      
83         83.500000      1.000163      
84         84.500000      1.000165      
85         85.500000      1.000155      
86         86.500000      1.000155      
87         87.500000      1.000167      
88         88.500000      1.000153      
89         89.500000      1.000131      
90         90.500000      1.000126      
91         91.500000      1.000130      
92         92.500000      1.000124      
93         93.500000      1.000113      
94         94.500000      1.000110      
95         95.500000      1.000106      
96         96.500000      1.000106      
97         97.500000      1.000105      
98         98.500000      1.000099      
99         99.500000      1.000090      
100         100.500000      1.000086      
101         101.500000      1.000086      
102         102.500000      1.000084      
103         103.500000      1.000076      
104         104.500000      1.000070      
105         105.500000      1.000061      
106         106.500000      1.000052      
107         107.500000      1.000050      
108         108.500000      1.000049      
109         109.500000      1.000047      
110         110.500000      1.000044      
111         111.500000      1.000037      
112         112.500000      1.000037      
113         113.500000      1.000031      
114         114.500000      1.000031      
115         115.500000      1.000034      
116         116.500000      1.000025      
117         117.500000      1.000023      
118         118.500000      1.000026      
119         119.500000      1.000025      
120         120.500000      1.000027      
121         121.500000      1.000024      
122         122.500000      1.000023      
123         123.500000      1.000029      
124         124.500000      1.000026      
125         125.500000      1.000029      
126         126.500000      1.000029      
127         127.500000      1.000023      
128         128.500000      1.000029      
129         129.500000      1.000027      
130         130.500000      1.000023      
131         131.500000      1.000025      
132         132.500000      1.000022      
133         133.500000      1.000023      
134         134.500000      1.000022      
135         135.500000      1.000013      
136         136.500000      1.000016      
137         137.500000      1.000009      
138         138.500000      1.000002      
139         139.500000      0.999983      
140         140.500000      0.999962      
141         141.500000      0.999951      
142         142.500000      0.999943      
143         143.500000      0.999933      
144         144.500000      0.999929      
145         145.500000      0.999922      
146         146.500000      0.999919      
147         147.500000      0.999922      
148         148.500000      0.999913      
149         149.500000      0.999906      
150         150.500000      0.999913      
151         151.500000      0.999912      
152         152.500000      0.999904      
153         153.500000      0.999905      
154         154.500000      0.999912      
155         155.500000      0.999915      
156         156.500000      0.999904      
157         157.500000      0.999903      
158         158.500000      0.999901      
159         159.500000      0.999902      
160         160.500000      0.999904      
161         161.500000      0.999898      
162         162.500000      0.999902      
163         163.500000      0.999904      
164         164.500000      0.999898      
165         165.500000      0.999899      
166         166.500000      0.999895      
167         167.500000      0.999895      
168         168.500000      0.999901      
169         169.500000      0.999894      
170         170.500000      0.999896      
171         171.500000      0.999897      
172         172.500000      0.999893      
173         173.500000      0.999901      
174         174.500000      0.999908      
175         175.500000      0.999904      
176         176.500000      0.999907      
177         177.500000      0.999919      
178         178.500000      0.999921      
179         179.500000      0.999925      
180         180.500000      0.999931      
181         181.500000      0.999939      
182         182.500000      0.999947      
183         183.500000      0.999953      
184         184.500000      0.999957      
185         185.500000      0.999961      
186         186.500000      0.999971      
187         187.500000      0.999981      
188         188.500000      0.999978      
189         189.500000      0.999973      
190         190.500000      0.999979      
191         191.500000      0.999988      
192         192.500000      0.999990      
193         193.500000      0.999993      
194         194.500000      0.999994      
195         195.500000      1.000004      
196         196.500000      1.000002      
197         197.500000      1.000004      
198         198.500000      1.000012      
199         199.500000      1.000015      
200         200.500000      1.000011      
201         201.500000      1.000011      
202         202.500000      1.000015      
203         203.500000      1.000010      
204         204.500000      1.000015      
205         205.500000      1.000015      
206         206.500000      1.000013      
207         207.500000      1.000019      
208         208.500000      1.000023      
209         209.500000      1.000024      
210         210.500000      1.000022      
211         211.500000      1.000019      
212         212.500000      1.000014      
213         213.500000      1.000012      
214         214.500000      1.000010      
215         215.500000      1.000006      
216         216.500000      1.000009      
217         217.500000      1.000004      
218         218.500000      1.000002      
219         219.500000      1.000001      
220         220.500000      0.999994      
221         221.500000      0.999989      
222         222.500000      0.999984      
223         223.500000      0.999978      
224         224.500000      0.999981      
225         225.500000      0.999982      
226         226.500000      0.999978      
227         227.500000      0.999981      
228         228.500000      0.999983      
229         229.500000      0.999978      
230         230.500000      0.999982      
231         231.500000      0.999986      
232         232.500000      0.999983      
233         233.500000      0.999981      
234         234.500000      0.999982      
235         235.500000      0.999980      
236         236.500000      0.999976      
237         237.500000      0.999978      
238         238.500000      0.999983      
239         239.500000      0.999985      
240         240.500000      0.999989      
241         241.500000      0.999993      
242         242.500000      0.999987      
243         243.500000      0.999989      
244         244.500000      0.999997      
245         245.500000      0.999999      
246         246.500000      1.000002      
247         247.500000      1.000004      
248         248.500000      1.000008      
249         249.500000      1.000015      
250         250.500000      1.000018      
251         251.500000      1.000022      
252         252.500000      1.000026      
253         253.500000      1.000030      
254         254.500000      1.000034      
255         255.500000      1.000040      
256         256.500000      1.000037      
257         257.500000      1.000039      
258         258.500000      1.000043      
259         259.500000      1.000044      
260         260.500000      1.000047      
261         261.500000      1.000049      
262         262.500000      1.000049      
263         263.500000      1.000050      
264         264.500000      1.000051      
265         265.500000      1.000049      
266         266.500000      1.000050      
267         267.500000      1.000054      
268         268.500000      1.000053      
269         269.500000      1.000051      
270         270.500000      1.000054      
271         271.500000      1.000050      
272         272.500000      1.000050      
273         273.500000      1.000053      
274         274.500000      1.000052      
275         275.500000      1.000055      
276         276.500000      1.000053      
277         277.500000      1.000052      
278         278.500000      1.000051      
279         279.500000      1.000051      
280         280.500000      1.000050      
281         281.500000      1.000046      
282         282.500000      1.000045      
283         283.500000      1.000046      
284         284.500000      1.000045      
285         285.500000      1.000042      
286         286.500000      1.000042      
287         287.500000      1.000046      
288         288.500000      1.000043      
289         289.500000      1.000043      
290         290.500000      1.000046      
291         291.500000      1.000039      
292         292.500000      1.000041      
293         293.500000      1.000043      
294         294.500000      1.000039      
295         295.500000      1.000041      
296         296.500000      1.000042      
297         297.500000      1.000039      
298         298.500000      1.000042      
299         299.500000      1.000040      
300         300.500000      1.000036      
301         301.500000      1.000040      
302         302.500000      1.000046      
303         303.500000      1.000041      
304         304.500000      1.000037      
305         305.500000      1.000036      
306         306.500000      1.000038      
307         307.500000      1.000036      
308         308.500000      1.000030      
309         309.500000      1.000012      
310         310.500000      0.999998      
311         311.500000      0.999971      
312         312.500000      0.999917      
313         313.500000      0.999854      
314         314.500000      0.999833      
315         315.500000      0.999763      
316         316.500000      0.999727      
317         317.500000      0.999688      
318         318.500000      0.999603      
319         319.500000      0.999519      
320         320.500000      0.999444      
321         321.500000      0.999390      
322         322.500000      0.999352      
323         323.500000      0.999267      
324         324.500000      0.999250      
325         325.500000      0.999224      
326         326.500000      0.999212      
327         327.500000      0.999215      
328         328.500000      0.999224      
329         329.500000      0.999262      
330         330.500000      0.999303      
331         331.500000      0.999327      
332         332.500000      0.999345      
333         333.500000      0.999451      
334         334.500000      0.999484      
335         335.500000      0.999556      
336         336.500000      0.999620      
337         337.500000      0.999662      
338         338.500000      0.999710      
339         339.500000      0.999777      
340         340.500000      0.999870      
341         341.500000      0.999965      
342         342.500000      1.000025      
343         343.500000      1.000051      
344         344.500000      1.000082      
345         345.500000      1.000158      
346         346.500000      1.000170      
347         347.500000      1.000219      
348         348.500000      1.000294      
349         349.500000      1.000319      
350         350.500000      1.000349      
351         351.500000      1.000395      
352         352.500000      1.000430      
353         353.500000      1.000448      
354         354.500000      1.000453      
355         355.500000      1.000487      
356         356.500000      1.000496      
357         357.500000      1.000500      
358         358.500000      1.000506      
359         359.500000      1.000509      
360         360.500000      1.000518      
361         361.500000      1.000522      
362         362.500000      1.000515      
363         363.500000      1.000508      
364         364.500000      1.000512      
365         365.500000      1.000512      
366         366.500000      1.000495      
367         367.500000      1.000482      
368         368.500000      1.000463      
369         369.500000      1.000426      
370         370.500000      1.000406      
371         371.500000      1.000364      
372         372.500000      1.000340      
373         373.500000      1.000310      
374         374.500000      1.000270      
375         375.500000      1.000245      
376         376.500000      1.000241      
377         377.500000      1.000216      
378         378.500000      1.000181      
379         379.500000      1.000158      
380         380.500000      1.000130      
381         381.500000      1.000110      
382         382.500000      1.000107      
383         383.500000      1.000075      
384         384.500000      1.000049      
385         385.500000      1.000034      
386         386.500000      1.000025      
387         387.500000      0.999994      
388         388.500000      0.999975      
389         389.500000      0.999972      
390         390.500000      0.999952      
391         391.500000      0.999945      
392         392.500000      0.999946      
393         393.500000      0.999937      
394         394.500000      0.999928      
395         395.500000      0.999918      
396         396.500000      0.999914      
397         397.500000      0.999911      
398         398.500000      0.999913      
399         399.500000      0.999903      
400         400.500000      0.999891      
401         401.500000      0.999895      
402         402.500000      0.999890      
403         403.500000      0.999884      
404         404.500000      0.999882      
405         405.500000      0.999879      
406         406.500000      0.999885      
407         407.500000      0.999881      
408         408.500000      0.999874      
409         409.500000      0.999873      
410         410.500000      0.999875      
411         411.500000      0.999875      
412         412.500000      0.999875      
413         413.500000      0.999875      
414         414.500000      0.999870      
415         415.500000      0.999871      
416         416.500000      0.999866      
417         417.500000      0.999865      
418         418.500000      0.999865      
419         419.500000      0.999866      
420         420.500000      0.999866      
421         421.500000      0.999867      
422         422.500000      0.999879      
423         423.500000      0.999879      
424         424.500000      0.999878      
425         425.500000      0.999887      
426         426.500000      0.999889      
427         427.500000      0.999893      
428         428.500000      0.999905      
429         429.500000      0.999911      
430         430.500000      0.999918      
431         431.500000      0.999912      
432         432.500000      0.999913      
433         433.500000      0.999931      
434         434.500000      0.999934      
435         435.500000      0.999942      
436         436.500000      0.999950      
437         437.500000      0.999959      
438         438.500000      0.999954      
439         439.500000      0.999960      
440         440.500000      0.999972      
441         441.500000      0.999978      
442         442.500000      0.999980      
443         443.500000      0.999975      
444         444.500000      0.999978      
445         445.500000      0.999981      
446         446.500000      0.999977      
447         447.500000      0.999984      
448         448.500000      0.999988      
449         449.500000      0.999996      
450         450.500000      1.000007      
451         451.500000      1.000004      
452         452.500000      1.000002      
453         453.500000      1.000001      
454         454.500000      1.000000      
455         455.500000      1.000003      
456         456.500000      1.000002      
457         457.500000      1.000002      
458         458.500000      1.000001      
459         459.500000      1.000000      
460         460.500000      1.000003      
461         461.500000      1.000004      
462         462.500000      1.000005      
463         463.500000      1.000005      
464         464.500000      1.000005      
465         465.500000      1.000004      
466         466.500000      1.000004      
467         467.500000      1.000007      
468         468.500000      1.000007      
469         469.500000      1.000006      
470         470.500000      1.000005      
471         471.500000      1.000003      
472         472.500000      1.000005      
473         473.500000      1.000007      
474         474.500000      1.000009      
475         475.500000      1.000008      
476         476.500000      1.000006      
477         477.500000      1.000006      
478         478.500000      1.000005      
479         479.500000      1.000003      
480         480.500000      1.000004      
481         481.500000      1.000004      
482         482.500000      1.000001      
483         483.500000      1.000002      
484         484.500000      1.000003      
485         485.500000      1.000003      
486         486.500000      1.000003      
487         487.500000      1.000002      
488         488.500000      1.000003      
489         489.500000      1.000004      
490         490.500000      1.000003      
491         491.500000      1.000002      
492         492.500000      1.000001      
493         493.500000      0.999999      
494         494.500000      1.000000      
495         495.500000      1.000000      
496         496.500000      1.000000      
497         497.500000      1.000000      
498         498.500000      1.000000      
499         499.500000      0.999999      
500         500.500000      1.000000      
501         501.500000      1.000000      
502         502.500000      0.999998      
503         503.500000      0.999997      
504         504.500000      0.999998      
505         505.500000      0.999999      
506         506.500000      0.999999      
507         507.500000      0.999997      
508         508.500000      0.999996      
509         509.500000      0.999996      
510         510.500000      0.999996      
511         511.500000      0.999997      
512         512.500000      0.999997      
513         513.500000      0.999997      
514         514.500000      0.999996      
515         515.500000      0.999996      
516         516.500000      0.999996      
517         517.500000      0.999995      
518         518.500000      0.999996      
519         519.500000      0.999997      
520         520.500000      0.999996      
521         521.500000      0.999996      
522         522.500000      0.999997      
523         523.500000      0.999998      
524         524.500000      0.999998      
525         525.500000      0.999998      
526         526.500000      0.999997      
527         527.500000      0.999997      
528         528.500000      0.999998      
529         529.500000      0.999998      
530         530.500000      0.999997      
531         531.500000      0.999997      
532         532.500000      0.999998      
533         533.500000      0.999998      
534         534.500000      0.999999      
535         535.500000      0.999998      
536         536.500000      0.999997      
537         537.500000      0.999997      
538         538.500000      0.999998      
539         539.500000      0.999998      
540         540.500000      0.999998      
541         541.500000      0.999999      
542         542.500000      0.999999      
543         543.500000      0.999999      
544         544.500000      0.999998      
545         545.500000      0.999997      
546         546.500000      0.999997      
547         547.500000      0.999997      
548         548.500000      0.999998      
549         549.500000      0.999999      
550         550.500000      0.999998      
551         551.500000      0.999997      
552         552.500000      0.999996      
553         553.500000      0.999996      
554         554.500000      0.999998      
555         555.500000      0.999998      
556         556.500000      0.999998      
557         557.500000      0.999997      
558         558.500000      0.999997      
559         559.500000      0.999997      
560         560.500000      0.999997      
561         561.500000      0.999998      
562         562.500000      0.999999      
563         563.500000      0.999998      
564         564.500000      0.999999      
565         565.500000      0.999999      
566         566.500000      0.999998      
567         567.500000      0.999998      
568         568.500000      0.999999      
569         569.500000      0.999999      
570         570.500000      0.999998      
571         571.500000      0.999999      
572         572.500000      1.000000      
573         573.500000      0.999999      
574         574.500000      0.999999      
575         575.500000      1.000000      
576         576.500000      1.000000      
577         577.500000      1.000000      
578         578.500000      1.000000      
579         579.500000      1.000000      
580         580.500000      1.000001      
581         581.500000      1.000000      
582         582.500000      1.000000      
583         583.500000      1.000000      
584         584.500000      0.999999      
585         585.500000      1.000000      
586         586.500000      1.000002      
587         587.500000      1.000001      
588         588.500000      0.999999      
589         589.500000      0.999999      
590         590.500000      1.000001      
591         591.500000      1.000002      
592         592.500000      1.000001      
593         593.500000      1.000000      
594         594.500000      1.000000      
595         595.500000      1.000000      
596         596.500000      1.000002      
597         597.500000      1.000003      
598         598.500000      1.000002      
599         599.500000      1.000004      
