#num     spill time       feild 
0         0.500000      0.999859      
1         1.500000      0.999850      
2         2.500000      0.999844      
3         3.500000      0.999848      
4         4.500000      0.999853      
5         5.500000      0.999862      
6         6.500000      0.999868      
7         7.500000      0.999874      
8         8.500000      0.999879      
9         9.500000      0.999905      
10         10.500000      0.999916      
11         11.500000      0.999921      
12         12.500000      0.999932      
13         13.500000      0.999931      
14         14.500000      0.999955      
15         15.500000      0.999970      
16         16.500000      0.999971      
17         17.500000      0.999986      
18         18.500000      0.999990      
19         19.500000      0.999998      
20         20.500000      1.000007      
21         21.500000      1.000011      
22         22.500000      1.000006      
23         23.500000      1.000003      
24         24.500000      1.000004      
25         25.500000      0.999983      
26         26.500000      0.999967      
27         27.500000      0.999957      
28         28.500000      0.999953      
29         29.500000      0.999954      
30         30.500000      0.999956      
31         31.500000      0.999969      
32         32.500000      0.999969      
33         33.500000      0.999951      
34         34.500000      0.999986      
35         35.500000      1.000025      
36         36.500000      1.000024      
37         37.500000      1.000033      
38         38.500000      1.000052      
39         39.500000      1.000085      
40         40.500000      1.000091      
41         41.500000      1.000104      
42         42.500000      1.000103      
43         43.500000      1.000119      
44         44.500000      1.000130      
45         45.500000      1.000112      
46         46.500000      1.000104      
47         47.500000      1.000088      
48         48.500000      1.000081      
49         49.500000      1.000051      
50         50.500000      1.000023      
51         51.500000      1.000000      
52         52.500000      0.999980      
53         53.500000      0.999962      
54         54.500000      0.999952      
55         55.500000      0.999945      
56         56.500000      0.999933      
57         57.500000      0.999923      
58         58.500000      0.999922      
59         59.500000      0.999918      
60         60.500000      0.999923      
61         61.500000      0.999930      
62         62.500000      0.999931      
63         63.500000      0.999932      
64         64.500000      0.999937      
65         65.500000      0.999983      
66         66.500000      1.000012      
67         67.500000      1.000026      
68         68.500000      1.000034      
69         69.500000      1.000077      
70         70.500000      1.000082      
71         71.500000      1.000092      
72         72.500000      1.000107      
73         73.500000      1.000105      
74         74.500000      1.000110      
75         75.500000      1.000116      
76         76.500000      1.000116      
77         77.500000      1.000120      
78         78.500000      1.000121      
79         79.500000      1.000121      
80         80.500000      1.000119      
81         81.500000      1.000118      
82         82.500000      1.000116      
83         83.500000      1.000113      
84         84.500000      1.000116      
85         85.500000      1.000118      
86         86.500000      1.000118      
87         87.500000      1.000116      
88         88.500000      1.000110      
89         89.500000      1.000101      
90         90.500000      1.000102      
91         91.500000      1.000101      
92         92.500000      1.000099      
93         93.500000      1.000100      
94         94.500000      1.000097      
95         95.500000      1.000090      
96         96.500000      1.000087      
97         97.500000      1.000088      
98         98.500000      1.000087      
99         99.500000      1.000080      
100         100.500000      1.000077      
101         101.500000      1.000079      
102         102.500000      1.000074      
103         103.500000      1.000070      
104         104.500000      1.000073      
105         105.500000      1.000072      
106         106.500000      1.000073      
107         107.500000      1.000069      
108         108.500000      1.000056      
109         109.500000      1.000056      
110         110.500000      1.000058      
111         111.500000      1.000051      
112         112.500000      1.000047      
113         113.500000      1.000049      
114         114.500000      1.000053      
115         115.500000      1.000054      
116         116.500000      1.000050      
117         117.500000      1.000046      
118         118.500000      1.000044      
119         119.500000      1.000043      
120         120.500000      1.000043      
121         121.500000      1.000040      
122         122.500000      1.000040      
123         123.500000      1.000040      
124         124.500000      1.000038      
125         125.500000      1.000040      
126         126.500000      1.000041      
127         127.500000      1.000043      
128         128.500000      1.000051      
129         129.500000      1.000045      
130         130.500000      1.000041      
131         131.500000      1.000049      
132         132.500000      1.000053      
133         133.500000      1.000054      
134         134.500000      1.000052      
135         135.500000      1.000048      
136         136.500000      1.000044      
137         137.500000      1.000035      
138         138.500000      1.000026      
139         139.500000      1.000005      
140         140.500000      0.999998      
141         141.500000      1.000002      
142         142.500000      0.999996      
143         143.500000      0.999974      
144         144.500000      0.999970      
145         145.500000      0.999964      
146         146.500000      0.999959      
147         147.500000      0.999952      
148         148.500000      0.999945      
149         149.500000      0.999931      
150         150.500000      0.999928      
151         151.500000      0.999928      
152         152.500000      0.999929      
153         153.500000      0.999931      
154         154.500000      0.999925      
155         155.500000      0.999928      
156         156.500000      0.999929      
157         157.500000      0.999922      
158         158.500000      0.999918      
159         159.500000      0.999915      
160         160.500000      0.999920      
161         161.500000      0.999924      
162         162.500000      0.999921      
163         163.500000      0.999920      
164         164.500000      0.999912      
165         165.500000      0.999915      
166         166.500000      0.999916      
167         167.500000      0.999911      
168         168.500000      0.999910      
169         169.500000      0.999912      
170         170.500000      0.999912      
171         171.500000      0.999912      
172         172.500000      0.999916      
173         173.500000      0.999917      
174         174.500000      0.999916      
175         175.500000      0.999914      
176         176.500000      0.999915      
177         177.500000      0.999925      
178         178.500000      0.999927      
179         179.500000      0.999922      
180         180.500000      0.999923      
181         181.500000      0.999935      
182         182.500000      0.999941      
183         183.500000      0.999940      
184         184.500000      0.999947      
185         185.500000      0.999956      
186         186.500000      0.999961      
187         187.500000      0.999968      
188         188.500000      0.999965      
189         189.500000      0.999971      
190         190.500000      0.999977      
191         191.500000      0.999984      
192         192.500000      0.999988      
193         193.500000      0.999991      
194         194.500000      0.999991      
195         195.500000      0.999991      
196         196.500000      0.999998      
197         197.500000      1.000003      
198         198.500000      1.000008      
199         199.500000      1.000006      
200         200.500000      1.000004      
201         201.500000      1.000005      
202         202.500000      1.000006      
203         203.500000      1.000009      
204         204.500000      1.000010      
205         205.500000      1.000014      
206         206.500000      1.000013      
207         207.500000      1.000014      
208         208.500000      1.000016      
209         209.500000      1.000017      
210         210.500000      1.000017      
211         211.500000      1.000015      
212         212.500000      1.000014      
213         213.500000      1.000020      
214         214.500000      1.000021      
215         215.500000      1.000017      
216         216.500000      1.000014      
217         217.500000      1.000014      
218         218.500000      1.000016      
219         219.500000      1.000013      
220         220.500000      1.000010      
221         221.500000      1.000006      
222         222.500000      1.000004      
223         223.500000      1.000003      
224         224.500000      1.000004      
225         225.500000      1.000006      
226         226.500000      1.000008      
227         227.500000      1.000010      
228         228.500000      1.000009      
229         229.500000      1.000009      
230         230.500000      1.000009      
231         231.500000      1.000008      
232         232.500000      1.000008      
233         233.500000      1.000006      
234         234.500000      1.000008      
235         235.500000      1.000012      
236         236.500000      1.000009      
237         237.500000      1.000009      
238         238.500000      1.000012      
239         239.500000      1.000006      
240         240.500000      1.000007      
241         241.500000      1.000008      
242         242.500000      1.000009      
243         243.500000      1.000006      
244         244.500000      1.000005      
245         245.500000      1.000010      
246         246.500000      1.000009      
247         247.500000      1.000011      
248         248.500000      1.000013      
249         249.500000      1.000015      
250         250.500000      1.000012      
251         251.500000      1.000010      
252         252.500000      1.000015      
253         253.500000      1.000016      
254         254.500000      1.000013      
255         255.500000      1.000012      
256         256.500000      1.000010      
257         257.500000      1.000010      
258         258.500000      1.000011      
259         259.500000      1.000011      
260         260.500000      1.000015      
261         261.500000      1.000013      
262         262.500000      1.000009      
263         263.500000      1.000009      
264         264.500000      1.000010      
265         265.500000      1.000012      
266         266.500000      1.000012      
267         267.500000      1.000014      
268         268.500000      1.000015      
269         269.500000      1.000018      
270         270.500000      1.000023      
271         271.500000      1.000022      
272         272.500000      1.000019      
273         273.500000      1.000021      
274         274.500000      1.000025      
275         275.500000      1.000022      
276         276.500000      1.000020      
277         277.500000      1.000022      
278         278.500000      1.000021      
279         279.500000      1.000027      
280         280.500000      1.000025      
281         281.500000      1.000021      
282         282.500000      1.000024      
283         283.500000      1.000024      
284         284.500000      1.000023      
285         285.500000      1.000021      
286         286.500000      1.000020      
287         287.500000      1.000021      
288         288.500000      1.000020      
289         289.500000      1.000019      
290         290.500000      1.000023      
291         291.500000      1.000025      
292         292.500000      1.000021      
293         293.500000      1.000024      
294         294.500000      1.000025      
295         295.500000      1.000024      
296         296.500000      1.000024      
297         297.500000      1.000023      
298         298.500000      1.000022      
299         299.500000      1.000024      
300         300.500000      1.000025      
301         301.500000      1.000023      
302         302.500000      1.000027      
303         303.500000      1.000028      
304         304.500000      1.000024      
305         305.500000      1.000020      
306         306.500000      1.000021      
307         307.500000      1.000023      
308         308.500000      1.000020      
309         309.500000      1.000012      
310         310.500000      1.000002      
311         311.500000      0.999989      
312         312.500000      0.999965      
313         313.500000      0.999923      
314         314.500000      0.999871      
315         315.500000      0.999812      
316         316.500000      0.999805      
317         317.500000      0.999719      
318         318.500000      0.999655      
319         319.500000      0.999545      
320         320.500000      0.999504      
321         321.500000      0.999428      
322         322.500000      0.999400      
323         323.500000      0.999387      
324         324.500000      0.999375      
325         325.500000      0.999343      
326         326.500000      0.999342      
327         327.500000      0.999347      
328         328.500000      0.999334      
329         329.500000      0.999359      
330         330.500000      0.999375      
331         331.500000      0.999421      
332         332.500000      0.999473      
333         333.500000      0.999495      
334         334.500000      0.999562      
335         335.500000      0.999598      
336         336.500000      0.999608      
337         337.500000      0.999698      
338         338.500000      0.999764      
339         339.500000      0.999843      
340         340.500000      0.999867      
341         341.500000      0.999956      
342         342.500000      1.000015      
343         343.500000      1.000054      
344         344.500000      1.000124      
345         345.500000      1.000180      
346         346.500000      1.000192      
347         347.500000      1.000228      
348         348.500000      1.000259      
349         349.500000      1.000291      
350         350.500000      1.000314      
351         351.500000      1.000348      
352         352.500000      1.000380      
353         353.500000      1.000402      
354         354.500000      1.000409      
355         355.500000      1.000410      
356         356.500000      1.000416      
357         357.500000      1.000432      
358         358.500000      1.000441      
359         359.500000      1.000453      
360         360.500000      1.000452      
361         361.500000      1.000447      
362         362.500000      1.000436      
363         363.500000      1.000425      
364         364.500000      1.000429      
365         365.500000      1.000428      
366         366.500000      1.000412      
367         367.500000      1.000381      
368         368.500000      1.000378      
369         369.500000      1.000364      
370         370.500000      1.000351      
371         371.500000      1.000340      
372         372.500000      1.000308      
373         373.500000      1.000275      
374         374.500000      1.000262      
375         375.500000      1.000220      
376         376.500000      1.000195      
377         377.500000      1.000173      
378         378.500000      1.000153      
379         379.500000      1.000137      
380         380.500000      1.000123      
381         381.500000      1.000092      
382         382.500000      1.000087      
383         383.500000      1.000070      
384         384.500000      1.000033      
385         385.500000      1.000013      
386         386.500000      1.000007      
387         387.500000      0.999994      
388         388.500000      0.999989      
389         389.500000      0.999988      
390         390.500000      0.999979      
391         391.500000      0.999959      
392         392.500000      0.999955      
393         393.500000      0.999957      
394         394.500000      0.999950      
395         395.500000      0.999940      
396         396.500000      0.999934      
397         397.500000      0.999930      
398         398.500000      0.999928      
399         399.500000      0.999934      
400         400.500000      0.999939      
401         401.500000      0.999923      
402         402.500000      0.999923      
403         403.500000      0.999917      
404         404.500000      0.999908      
405         405.500000      0.999911      
406         406.500000      0.999910      
407         407.500000      0.999903      
408         408.500000      0.999905      
409         409.500000      0.999903      
410         410.500000      0.999902      
411         411.500000      0.999909      
412         412.500000      0.999904      
413         413.500000      0.999902      
414         414.500000      0.999901      
415         415.500000      0.999898      
416         416.500000      0.999900      
417         417.500000      0.999895      
418         418.500000      0.999895      
419         419.500000      0.999895      
420         420.500000      0.999898      
421         421.500000      0.999901      
422         422.500000      0.999897      
423         423.500000      0.999900      
424         424.500000      0.999907      
425         425.500000      0.999906      
426         426.500000      0.999905      
427         427.500000      0.999912      
428         428.500000      0.999915      
429         429.500000      0.999913      
430         430.500000      0.999914      
431         431.500000      0.999922      
432         432.500000      0.999925      
433         433.500000      0.999932      
434         434.500000      0.999936      
435         435.500000      0.999937      
436         436.500000      0.999950      
437         437.500000      0.999957      
438         438.500000      0.999953      
439         439.500000      0.999956      
440         440.500000      0.999962      
441         441.500000      0.999968      
442         442.500000      0.999977      
443         443.500000      0.999977      
444         444.500000      0.999977      
445         445.500000      0.999976      
446         446.500000      0.999978      
447         447.500000      0.999987      
448         448.500000      0.999988      
449         449.500000      0.999987      
450         450.500000      0.999990      
451         451.500000      0.999994      
452         452.500000      0.999995      
453         453.500000      0.999994      
454         454.500000      0.999994      
455         455.500000      0.999996      
456         456.500000      0.999996      
457         457.500000      0.999997      
458         458.500000      0.999998      
459         459.500000      0.999999      
460         460.500000      1.000000      
461         461.500000      0.999999      
462         462.500000      1.000000      
463         463.500000      1.000000      
464         464.500000      0.999999      
465         465.500000      1.000000      
466         466.500000      1.000000      
467         467.500000      0.999999      
468         468.500000      0.999999      
469         469.500000      1.000001      
470         470.500000      1.000000      
471         471.500000      1.000000      
472         472.500000      1.000000      
473         473.500000      0.999999      
474         474.500000      0.999999      
475         475.500000      0.999999      
476         476.500000      0.999999      
477         477.500000      1.000000      
478         478.500000      1.000000      
479         479.500000      0.999999      
480         480.500000      0.999999      
481         481.500000      0.999998      
482         482.500000      0.999998      
483         483.500000      0.999999      
484         484.500000      0.999998      
485         485.500000      0.999998      
486         486.500000      0.999998      
487         487.500000      0.999996      
488         488.500000      0.999996      
489         489.500000      0.999999      
490         490.500000      0.999999      
491         491.500000      0.999999      
492         492.500000      0.999999      
493         493.500000      1.000000      
494         494.500000      1.000001      
495         495.500000      1.000002      
496         496.500000      1.000002      
497         497.500000      1.000002      
498         498.500000      1.000001      
499         499.500000      1.000001      
500         500.500000      1.000002      
501         501.500000      1.000001      
502         502.500000      1.000001      
503         503.500000      1.000001      
504         504.500000      1.000001      
505         505.500000      1.000001      
506         506.500000      1.000001      
507         507.500000      1.000000      
508         508.500000      1.000000      
509         509.500000      0.999999      
510         510.500000      0.999999      
511         511.500000      0.999999      
512         512.500000      0.999999      
513         513.500000      0.999999      
514         514.500000      0.999999      
515         515.500000      0.999998      
516         516.500000      0.999998      
517         517.500000      0.999998      
518         518.500000      0.999998      
519         519.500000      0.999997      
520         520.500000      0.999998      
521         521.500000      0.999998      
522         522.500000      0.999998      
523         523.500000      0.999998      
524         524.500000      0.999998      
525         525.500000      0.999998      
526         526.500000      0.999997      
527         527.500000      0.999996      
528         528.500000      0.999996      
529         529.500000      0.999997      
530         530.500000      0.999998      
531         531.500000      0.999998      
532         532.500000      0.999998      
533         533.500000      0.999998      
534         534.500000      0.999998      
535         535.500000      1.000000      
536         536.500000      1.000001      
537         537.500000      1.000002      
538         538.500000      1.000002      
539         539.500000      1.000001      
540         540.500000      1.000001      
541         541.500000      1.000001      
542         542.500000      1.000001      
543         543.500000      1.000001      
544         544.500000      1.000001      
545         545.500000      1.000000      
546         546.500000      1.000000      
547         547.500000      1.000000      
548         548.500000      1.000000      
549         549.500000      1.000000      
550         550.500000      1.000001      
551         551.500000      1.000001      
552         552.500000      1.000000      
553         553.500000      1.000001      
554         554.500000      1.000002      
555         555.500000      1.000002      
556         556.500000      1.000002      
557         557.500000      1.000001      
558         558.500000      1.000000      
559         559.500000      1.000001      
560         560.500000      1.000002      
561         561.500000      1.000001      
562         562.500000      1.000002      
563         563.500000      1.000004      
564         564.500000      1.000003      
565         565.500000      1.000003      
566         566.500000      1.000003      
567         567.500000      1.000004      
568         568.500000      1.000006      
569         569.500000      1.000004      
570         570.500000      1.000003      
571         571.500000      1.000003      
572         572.500000      1.000004      
573         573.500000      1.000003      
574         574.500000      1.000003      
575         575.500000      1.000003      
576         576.500000      1.000003      
577         577.500000      1.000005      
578         578.500000      1.000005      
579         579.500000      1.000004      
580         580.500000      1.000005      
581         581.500000      1.000005      
582         582.500000      1.000004      
583         583.500000      1.000004      
584         584.500000      1.000000      
585         585.500000      0.999995      
586         586.500000      0.999990      
587         587.500000      0.999972      
588         588.500000      0.999962      
589         589.500000      0.999939      
590         590.500000      0.999932      
591         591.500000      0.999916      
592         592.500000      0.999908      
593         593.500000      0.999895      
594         594.500000      0.999871      
595         595.500000      0.999867      
596         596.500000      0.999866      
597         597.500000      0.999854      
598         598.500000      0.999853      
599         599.500000      0.999857      
