#num     spill time       feild 
0         0.500000      1.000004      
1         1.500000      1.000004      
2         2.500000      1.000003      
3         3.500000      1.000002      
4         4.500000      1.000005      
5         5.500000      1.000008      
6         6.500000      1.000006      
7         7.500000      1.000005      
8         8.500000      1.000003      
9         9.500000      0.999992      
10         10.500000      0.999979      
11         11.500000      0.999974      
12         12.500000      0.999960      
13         13.500000      0.999951      
14         14.500000      0.999941      
15         15.500000      0.999936      
16         16.500000      0.999929      
17         17.500000      0.999897      
18         18.500000      0.999878      
19         19.500000      0.999849      
20         20.500000      0.999811      
21         21.500000      0.999789      
22         22.500000      0.999754      
23         23.500000      0.999746      
24         24.500000      0.999738      
25         25.500000      0.999704      
26         26.500000      0.999665      
27         27.500000      0.999635      
28         28.500000      0.999637      
29         29.500000      0.999648      
30         30.500000      0.999664      
31         31.500000      0.999690      
32         32.500000      0.999743      
33         33.500000      0.999779      
34         34.500000      0.999817      
35         35.500000      0.999888      
36         36.500000      0.999929      
37         37.500000      0.999972      
38         38.500000      0.999998      
39         39.500000      1.000046      
40         40.500000      1.000102      
41         41.500000      1.000122      
42         42.500000      1.000137      
43         43.500000      1.000150      
44         44.500000      1.000170      
45         45.500000      1.000177      
46         46.500000      1.000171      
47         47.500000      1.000153      
48         48.500000      1.000140      
49         49.500000      1.000123      
50         50.500000      1.000102      
51         51.500000      1.000085      
52         52.500000      1.000065      
53         53.500000      1.000051      
54         54.500000      1.000036      
55         55.500000      1.000030      
56         56.500000      1.000025      
57         57.500000      1.000021      
58         58.500000      1.000020      
59         59.500000      1.000020      
60         60.500000      1.000028      
61         61.500000      1.000033      
62         62.500000      1.000041      
63         63.500000      1.000052      
64         64.500000      1.000064      
65         65.500000      1.000080      
66         66.500000      1.000100      
67         67.500000      1.000124      
68         68.500000      1.000143      
69         69.500000      1.000168      
70         70.500000      1.000179      
71         71.500000      1.000188      
72         72.500000      1.000196      
73         73.500000      1.000196      
74         74.500000      1.000200      
75         75.500000      1.000203      
76         76.500000      1.000198      
77         77.500000      1.000196      
78         78.500000      1.000198      
79         79.500000      1.000199      
80         80.500000      1.000193      
81         81.500000      1.000189      
82         82.500000      1.000189      
83         83.500000      1.000182      
84         84.500000      1.000171      
85         85.500000      1.000164      
86         86.500000      1.000161      
87         87.500000      1.000151      
88         88.500000      1.000148      
89         89.500000      1.000145      
90         90.500000      1.000136      
91         91.500000      1.000137      
92         92.500000      1.000132      
93         93.500000      1.000126      
94         94.500000      1.000118      
95         95.500000      1.000109      
96         96.500000      1.000105      
97         97.500000      1.000104      
98         98.500000      1.000099      
99         99.500000      1.000089      
100         100.500000      1.000086      
101         101.500000      1.000083      
102         102.500000      1.000072      
103         103.500000      1.000060      
104         104.500000      1.000053      
105         105.500000      1.000051      
106         106.500000      1.000053      
107         107.500000      1.000053      
108         108.500000      1.000045      
109         109.500000      1.000040      
110         110.500000      1.000041      
111         111.500000      1.000037      
112         112.500000      1.000031      
113         113.500000      1.000033      
114         114.500000      1.000030      
115         115.500000      1.000029      
116         116.500000      1.000026      
117         117.500000      1.000023      
118         118.500000      1.000022      
119         119.500000      1.000026      
120         120.500000      1.000027      
121         121.500000      1.000024      
122         122.500000      1.000026      
123         123.500000      1.000022      
124         124.500000      1.000018      
125         125.500000      1.000020      
126         126.500000      1.000024      
127         127.500000      1.000024      
128         128.500000      1.000019      
129         129.500000      1.000020      
130         130.500000      1.000023      
131         131.500000      1.000021      
132         132.500000      1.000020      
133         133.500000      1.000021      
134         134.500000      1.000018      
135         135.500000      1.000011      
136         136.500000      1.000009      
137         137.500000      1.000000      
138         138.500000      0.999995      
139         139.500000      0.999983      
140         140.500000      0.999971      
141         141.500000      0.999963      
142         142.500000      0.999946      
143         143.500000      0.999940      
144         144.500000      0.999938      
145         145.500000      0.999926      
146         146.500000      0.999925      
147         147.500000      0.999921      
148         148.500000      0.999910      
149         149.500000      0.999910      
150         150.500000      0.999916      
151         151.500000      0.999914      
152         152.500000      0.999908      
153         153.500000      0.999905      
154         154.500000      0.999903      
155         155.500000      0.999904      
156         156.500000      0.999909      
157         157.500000      0.999903      
158         158.500000      0.999899      
159         159.500000      0.999901      
160         160.500000      0.999904      
161         161.500000      0.999903      
162         162.500000      0.999900      
163         163.500000      0.999898      
164         164.500000      0.999895      
165         165.500000      0.999895      
166         166.500000      0.999895      
167         167.500000      0.999897      
168         168.500000      0.999899      
169         169.500000      0.999896      
170         170.500000      0.999896      
171         171.500000      0.999898      
172         172.500000      0.999898      
173         173.500000      0.999900      
174         174.500000      0.999901      
175         175.500000      0.999903      
176         176.500000      0.999909      
177         177.500000      0.999920      
178         178.500000      0.999924      
179         179.500000      0.999928      
180         180.500000      0.999937      
181         181.500000      0.999941      
182         182.500000      0.999946      
183         183.500000      0.999952      
184         184.500000      0.999955      
185         185.500000      0.999956      
186         186.500000      0.999963      
187         187.500000      0.999971      
188         188.500000      0.999971      
189         189.500000      0.999978      
190         190.500000      0.999984      
191         191.500000      0.999986      
192         192.500000      0.999992      
193         193.500000      0.999997      
194         194.500000      1.000002      
195         195.500000      1.000005      
196         196.500000      1.000007      
197         197.500000      1.000013      
198         198.500000      1.000014      
199         199.500000      1.000015      
200         200.500000      1.000018      
201         201.500000      1.000019      
202         202.500000      1.000020      
203         203.500000      1.000019      
204         204.500000      1.000019      
205         205.500000      1.000022      
206         206.500000      1.000022      
207         207.500000      1.000021      
208         208.500000      1.000021      
209         209.500000      1.000021      
210         210.500000      1.000021      
211         211.500000      1.000021      
212         212.500000      1.000018      
213         213.500000      1.000018      
214         214.500000      1.000018      
215         215.500000      1.000016      
216         216.500000      1.000016      
217         217.500000      1.000013      
218         218.500000      1.000009      
219         219.500000      1.000003      
220         220.500000      1.000000      
221         221.500000      0.999998      
222         222.500000      0.999998      
223         223.500000      0.999997      
224         224.500000      0.999990      
225         225.500000      0.999987      
226         226.500000      0.999986      
227         227.500000      0.999983      
228         228.500000      0.999983      
229         229.500000      0.999985      
230         230.500000      0.999984      
231         231.500000      0.999984      
232         232.500000      0.999984      
233         233.500000      0.999982      
234         234.500000      0.999982      
235         235.500000      0.999982      
236         236.500000      0.999985      
237         237.500000      0.999984      
238         238.500000      0.999983      
239         239.500000      0.999981      
240         240.500000      0.999981      
241         241.500000      0.999981      
242         242.500000      0.999983      
243         243.500000      0.999985      
244         244.500000      0.999989      
245         245.500000      0.999996      
246         246.500000      0.999999      
247         247.500000      0.999998      
248         248.500000      1.000001      
249         249.500000      1.000007      
250         250.500000      1.000013      
251         251.500000      1.000016      
252         252.500000      1.000021      
253         253.500000      1.000020      
254         254.500000      1.000021      
255         255.500000      1.000027      
256         256.500000      1.000031      
257         257.500000      1.000031      
258         258.500000      1.000031      
259         259.500000      1.000037      
260         260.500000      1.000041      
261         261.500000      1.000041      
262         262.500000      1.000042      
263         263.500000      1.000045      
264         264.500000      1.000046      
265         265.500000      1.000045      
266         266.500000      1.000048      
267         267.500000      1.000049      
268         268.500000      1.000048      
269         269.500000      1.000049      
270         270.500000      1.000051      
271         271.500000      1.000053      
272         272.500000      1.000052      
273         273.500000      1.000053      
274         274.500000      1.000054      
275         275.500000      1.000053      
276         276.500000      1.000052      
277         277.500000      1.000054      
278         278.500000      1.000059      
279         279.500000      1.000057      
280         280.500000      1.000051      
281         281.500000      1.000047      
282         282.500000      1.000047      
283         283.500000      1.000050      
284         284.500000      1.000048      
285         285.500000      1.000048      
286         286.500000      1.000048      
287         287.500000      1.000046      
288         288.500000      1.000046      
289         289.500000      1.000043      
290         290.500000      1.000043      
291         291.500000      1.000043      
292         292.500000      1.000043      
293         293.500000      1.000041      
294         294.500000      1.000039      
295         295.500000      1.000041      
296         296.500000      1.000043      
297         297.500000      1.000045      
298         298.500000      1.000046      
299         299.500000      1.000043      
300         300.500000      1.000039      
301         301.500000      1.000040      
302         302.500000      1.000042      
303         303.500000      1.000041      
304         304.500000      1.000040      
305         305.500000      1.000042      
306         306.500000      1.000040      
307         307.500000      1.000034      
308         308.500000      1.000026      
309         309.500000      1.000011      
310         310.500000      0.999982      
311         311.500000      0.999971      
312         312.500000      0.999935      
313         313.500000      0.999902      
314         314.500000      0.999844      
315         315.500000      0.999794      
316         316.500000      0.999753      
317         317.500000      0.999638      
318         318.500000      0.999602      
319         319.500000      0.999541      
320         320.500000      0.999464      
321         321.500000      0.999425      
322         322.500000      0.999377      
323         323.500000      0.999343      
324         324.500000      0.999305      
325         325.500000      0.999291      
326         326.500000      0.999285      
327         327.500000      0.999287      
328         328.500000      0.999296      
329         329.500000      0.999318      
330         330.500000      0.999364      
331         331.500000      0.999395      
332         332.500000      0.999431      
333         333.500000      0.999477      
334         334.500000      0.999535      
335         335.500000      0.999598      
336         336.500000      0.999610      
337         337.500000      0.999667      
338         338.500000      0.999769      
339         339.500000      0.999815      
340         340.500000      0.999873      
341         341.500000      0.999925      
342         342.500000      0.999994      
343         343.500000      1.000043      
344         344.500000      1.000081      
345         345.500000      1.000140      
346         346.500000      1.000172      
347         347.500000      1.000235      
348         348.500000      1.000269      
349         349.500000      1.000294      
350         350.500000      1.000335      
351         351.500000      1.000356      
352         352.500000      1.000387      
353         353.500000      1.000406      
354         354.500000      1.000431      
355         355.500000      1.000449      
356         356.500000      1.000460      
357         357.500000      1.000479      
358         358.500000      1.000486      
359         359.500000      1.000485      
360         360.500000      1.000479      
361         361.500000      1.000485      
362         362.500000      1.000485      
363         363.500000      1.000483      
364         364.500000      1.000471      
365         365.500000      1.000458      
366         366.500000      1.000463      
367         367.500000      1.000448      
368         368.500000      1.000429      
369         369.500000      1.000411      
370         370.500000      1.000381      
371         371.500000      1.000352      
372         372.500000      1.000325      
373         373.500000      1.000311      
374         374.500000      1.000284      
375         375.500000      1.000242      
376         376.500000      1.000231      
377         377.500000      1.000208      
378         378.500000      1.000182      
379         379.500000      1.000154      
380         380.500000      1.000120      
381         381.500000      1.000104      
382         382.500000      1.000081      
383         383.500000      1.000064      
384         384.500000      1.000040      
385         385.500000      1.000020      
386         386.500000      1.000012      
387         387.500000      0.999999      
388         388.500000      0.999988      
389         389.500000      0.999975      
390         390.500000      0.999962      
391         391.500000      0.999956      
392         392.500000      0.999954      
393         393.500000      0.999943      
394         394.500000      0.999929      
395         395.500000      0.999928      
396         396.500000      0.999921      
397         397.500000      0.999914      
398         398.500000      0.999917      
399         399.500000      0.999913      
400         400.500000      0.999905      
401         401.500000      0.999903      
402         402.500000      0.999900      
403         403.500000      0.999896      
404         404.500000      0.999895      
405         405.500000      0.999891      
406         406.500000      0.999891      
407         407.500000      0.999889      
408         408.500000      0.999884      
409         409.500000      0.999882      
410         410.500000      0.999887      
411         411.500000      0.999885      
412         412.500000      0.999881      
413         413.500000      0.999882      
414         414.500000      0.999883      
415         415.500000      0.999880      
416         416.500000      0.999879      
417         417.500000      0.999880      
418         418.500000      0.999879      
419         419.500000      0.999880      
420         420.500000      0.999883      
421         421.500000      0.999881      
422         422.500000      0.999877      
423         423.500000      0.999881      
424         424.500000      0.999886      
425         425.500000      0.999886      
426         426.500000      0.999893      
427         427.500000      0.999904      
428         428.500000      0.999911      
429         429.500000      0.999915      
430         430.500000      0.999916      
431         431.500000      0.999919      
432         432.500000      0.999926      
433         433.500000      0.999932      
434         434.500000      0.999943      
435         435.500000      0.999955      
436         436.500000      0.999961      
437         437.500000      0.999963      
438         438.500000      0.999962      
439         439.500000      0.999966      
440         440.500000      0.999969      
441         441.500000      0.999972      
442         442.500000      0.999976      
443         443.500000      0.999981      
444         444.500000      0.999983      
445         445.500000      0.999981      
446         446.500000      0.999986      
447         447.500000      0.999989      
448         448.500000      0.999987      
449         449.500000      0.999993      
450         450.500000      0.999995      
451         451.500000      0.999995      
452         452.500000      0.999998      
453         453.500000      0.999997      
454         454.500000      1.000001      
455         455.500000      1.000002      
456         456.500000      1.000003      
457         457.500000      1.000004      
458         458.500000      1.000002      
459         459.500000      1.000002      
460         460.500000      1.000004      
461         461.500000      1.000006      
462         462.500000      1.000005      
463         463.500000      1.000005      
464         464.500000      1.000004      
465         465.500000      1.000004      
466         466.500000      1.000004      
467         467.500000      1.000003      
468         468.500000      1.000003      
469         469.500000      1.000005      
470         470.500000      1.000004      
471         471.500000      1.000006      
472         472.500000      1.000007      
473         473.500000      1.000003      
474         474.500000      1.000003      
475         475.500000      1.000004      
476         476.500000      1.000004      
477         477.500000      1.000004      
478         478.500000      1.000003      
479         479.500000      1.000002      
480         480.500000      1.000003      
481         481.500000      1.000003      
482         482.500000      1.000003      
483         483.500000      1.000003      
484         484.500000      1.000002      
485         485.500000      1.000002      
486         486.500000      1.000002      
487         487.500000      1.000001      
488         488.500000      1.000000      
489         489.500000      1.000000      
490         490.500000      1.000001      
491         491.500000      1.000001      
492         492.500000      1.000001      
493         493.500000      1.000002      
494         494.500000      1.000001      
495         495.500000      1.000001      
496         496.500000      1.000000      
497         497.500000      1.000000      
498         498.500000      0.999999      
499         499.500000      0.999999      
500         500.500000      0.999999      
501         501.500000      0.999999      
502         502.500000      0.999998      
503         503.500000      0.999997      
504         504.500000      0.999998      
505         505.500000      0.999998      
506         506.500000      0.999998      
507         507.500000      0.999998      
508         508.500000      0.999998      
509         509.500000      0.999998      
510         510.500000      0.999997      
511         511.500000      0.999997      
512         512.500000      0.999997      
513         513.500000      0.999997      
514         514.500000      0.999997      
515         515.500000      0.999996      
516         516.500000      0.999997      
517         517.500000      0.999998      
518         518.500000      0.999997      
519         519.500000      0.999998      
520         520.500000      0.999998      
521         521.500000      0.999998      
522         522.500000      0.999998      
523         523.500000      0.999997      
524         524.500000      0.999997      
525         525.500000      0.999997      
526         526.500000      0.999998      
527         527.500000      0.999998      
528         528.500000      0.999999      
529         529.500000      0.999999      
530         530.500000      0.999999      
531         531.500000      0.999999      
532         532.500000      0.999999      
533         533.500000      0.999999      
534         534.500000      0.999999      
535         535.500000      0.999999      
536         536.500000      0.999999      
537         537.500000      1.000000      
538         538.500000      1.000001      
539         539.500000      1.000000      
540         540.500000      0.999999      
541         541.500000      0.999998      
542         542.500000      0.999999      
543         543.500000      0.999999      
544         544.500000      0.999999      
545         545.500000      0.999998      
546         546.500000      0.999999      
547         547.500000      0.999998      
548         548.500000      0.999997      
549         549.500000      0.999999      
550         550.500000      0.999998      
551         551.500000      0.999998      
552         552.500000      0.999998      
553         553.500000      0.999997      
554         554.500000      0.999997      
555         555.500000      0.999998      
556         556.500000      0.999998      
557         557.500000      0.999998      
558         558.500000      0.999998      
559         559.500000      0.999998      
560         560.500000      0.999998      
561         561.500000      0.999998      
562         562.500000      0.999999      
563         563.500000      0.999999      
564         564.500000      0.999999      
565         565.500000      0.999999      
566         566.500000      0.999999      
567         567.500000      0.999998      
568         568.500000      0.999999      
569         569.500000      0.999999      
570         570.500000      1.000000      
571         571.500000      1.000001      
572         572.500000      1.000000      
573         573.500000      1.000000      
574         574.500000      1.000001      
575         575.500000      1.000000      
576         576.500000      1.000000      
577         577.500000      1.000000      
578         578.500000      1.000000      
579         579.500000      1.000001      
580         580.500000      1.000002      
581         581.500000      1.000001      
582         582.500000      1.000000      
583         583.500000      1.000000      
584         584.500000      1.000001      
585         585.500000      1.000001      
586         586.500000      1.000000      
587         587.500000      1.000001      
588         588.500000      1.000000      
589         589.500000      1.000001      
590         590.500000      1.000002      
591         591.500000      1.000001      
592         592.500000      1.000000      
593         593.500000      1.000002      
594         594.500000      1.000003      
595         595.500000      1.000002      
596         596.500000      1.000003      
597         597.500000      1.000003      
598         598.500000      1.000002      
599         599.500000      1.000002      
