#num     spill time       feild 
0         0.500000      0.999986      
1         1.500000      0.999984      
2         2.500000      0.999977      
3         3.500000      0.999978      
4         4.500000      0.999991      
5         5.500000      0.999985      
6         6.500000      0.999981      
7         7.500000      0.999984      
8         8.500000      0.999980      
9         9.500000      0.999994      
10         10.500000      1.000003      
11         11.500000      0.999988      
12         12.500000      0.999973      
13         13.500000      0.999975      
14         14.500000      0.999983      
15         15.500000      0.999972      
16         16.500000      0.999942      
17         17.500000      0.999954      
18         18.500000      0.999948      
19         19.500000      0.999873      
20         20.500000      0.999844      
21         21.500000      0.999834      
22         22.500000      0.999889      
23         23.500000      0.999945      
24         24.500000      0.999932      
25         25.500000      0.999922      
26         26.500000      0.999957      
27         27.500000      0.999935      
28         28.500000      0.999909      
29         29.500000      0.999812      
30         30.500000      0.999795      
31         31.500000      0.999775      
32         32.500000      0.999722      
33         33.500000      0.999715      
34         34.500000      0.999708      
35         35.500000      0.999636      
36         36.500000      0.999609      
37         37.500000      0.999645      
38         38.500000      0.999691      
39         39.500000      0.999730      
40         40.500000      0.999779      
41         41.500000      0.999800      
42         42.500000      0.999789      
43         43.500000      0.999809      
44         44.500000      0.999791      
45         45.500000      0.999778      
46         46.500000      0.999740      
47         47.500000      0.999774      
48         48.500000      0.999796      
49         49.500000      0.999880      
50         50.500000      0.999941      
51         51.500000      0.999935      
52         52.500000      0.999917      
53         53.500000      0.999895      
54         54.500000      0.999955      
55         55.500000      0.999994      
56         56.500000      1.000023      
57         57.500000      1.000025      
58         58.500000      0.999997      
59         59.500000      1.000002      
60         60.500000      1.000014      
61         61.500000      0.999987      
62         62.500000      1.000008      
63         63.500000      1.000015      
64         64.500000      0.999990      
65         65.500000      0.999966      
66         66.500000      0.999970      
67         67.500000      0.999994      
68         68.500000      0.999994      
69         69.500000      0.999963      
70         70.500000      0.999957      
71         71.500000      0.999978      
72         72.500000      0.999943      
73         73.500000      0.999933      
74         74.500000      0.999966      
75         75.500000      0.999953      
76         76.500000      0.999924      
77         77.500000      0.999947      
78         78.500000      0.999949      
79         79.500000      0.999948      
80         80.500000      0.999984      
81         81.500000      1.000015      
82         82.500000      1.000017      
83         83.500000      1.000012      
84         84.500000      1.000033      
85         85.500000      1.000030      
86         86.500000      1.000022      
87         87.500000      1.000022      
88         88.500000      1.000053      
89         89.500000      1.000043      
90         90.500000      1.000012      
91         91.500000      1.000029      
92         92.500000      1.000035      
93         93.500000      1.000019      
94         94.500000      1.000021      
95         95.500000      1.000017      
96         96.500000      1.000032      
97         97.500000      1.000053      
98         98.500000      1.000029      
99         99.500000      1.000032      
100         100.500000      1.000052      
101         101.500000      1.000029      
102         102.500000      1.000016      
103         103.500000      1.000024      
104         104.500000      1.000043      
105         105.500000      1.000055      
106         106.500000      1.000034      
107         107.500000      1.000042      
108         108.500000      1.000019      
109         109.500000      1.000005      
110         110.500000      1.000046      
111         111.500000      1.000040      
112         112.500000      1.000011      
113         113.500000      1.000022      
114         114.500000      1.000027      
115         115.500000      1.000012      
116         116.500000      1.000008      
117         117.500000      1.000021      
118         118.500000      1.000028      
119         119.500000      1.000025      
120         120.500000      1.000022      
121         121.500000      1.000014      
122         122.500000      1.000038      
123         123.500000      1.000049      
124         124.500000      1.000021      
125         125.500000      1.000008      
126         126.500000      1.000019      
127         127.500000      1.000022      
128         128.500000      1.000016      
129         129.500000      1.000023      
130         130.500000      1.000026      
131         131.500000      1.000022      
132         132.500000      1.000017      
133         133.500000      1.000008      
134         134.500000      1.000011      
135         135.500000      1.000016      
136         136.500000      1.000033      
137         137.500000      1.000042      
138         138.500000      1.000035      
139         139.500000      1.000045      
140         140.500000      1.000031      
141         141.500000      1.000022      
142         142.500000      1.000033      
143         143.500000      1.000031      
144         144.500000      1.000026      
145         145.500000      1.000020      
146         146.500000      1.000026      
147         147.500000      1.000030      
148         148.500000      1.000022      
149         149.500000      1.000022      
150         150.500000      1.000011      
151         151.500000      1.000018      
152         152.500000      1.000032      
153         153.500000      1.000030      
154         154.500000      1.000040      
155         155.500000      1.000033      
156         156.500000      1.000026      
157         157.500000      1.000022      
158         158.500000      1.000008      
159         159.500000      1.000007      
160         160.500000      1.000025      
161         161.500000      1.000040      
162         162.500000      1.000026      
163         163.500000      1.000021      
164         164.500000      1.000028      
165         165.500000      1.000021      
166         166.500000      1.000018      
167         167.500000      1.000022      
168         168.500000      1.000015      
169         169.500000      1.000021      
170         170.500000      1.000038      
171         171.500000      1.000040      
172         172.500000      1.000029      
173         173.500000      1.000033      
174         174.500000      1.000027      
175         175.500000      1.000016      
176         176.500000      1.000034      
177         177.500000      1.000039      
178         178.500000      1.000025      
179         179.500000      1.000020      
180         180.500000      1.000032      
181         181.500000      1.000040      
182         182.500000      1.000021      
183         183.500000      1.000014      
184         184.500000      1.000012      
185         185.500000      1.000024      
186         186.500000      1.000016      
187         187.500000      1.000012      
188         188.500000      1.000037      
189         189.500000      1.000040      
190         190.500000      1.000020      
191         191.500000      1.000026      
192         192.500000      1.000024      
193         193.500000      1.000001      
194         194.500000      1.000010      
195         195.500000      1.000025      
196         196.500000      1.000022      
197         197.500000      1.000027      
198         198.500000      1.000035      
199         199.500000      1.000031      
200         200.500000      1.000008      
201         201.500000      1.000007      
202         202.500000      1.000020      
203         203.500000      1.000023      
204         204.500000      1.000023      
205         205.500000      1.000012      
206         206.500000      1.000012      
207         207.500000      1.000024      
208         208.500000      1.000028      
209         209.500000      1.000022      
210         210.500000      1.000037      
211         211.500000      1.000049      
212         212.500000      1.000027      
213         213.500000      1.000018      
214         214.500000      1.000034      
215         215.500000      1.000031      
216         216.500000      1.000016      
217         217.500000      1.000016      
218         218.500000      1.000022      
219         219.500000      1.000026      
220         220.500000      1.000013      
221         221.500000      1.000013      
222         222.500000      1.000019      
223         223.500000      1.000023      
224         224.500000      1.000037      
225         225.500000      1.000037      
226         226.500000      1.000020      
227         227.500000      1.000013      
228         228.500000      1.000032      
229         229.500000      1.000028      
230         230.500000      1.000021      
231         231.500000      1.000030      
232         232.500000      1.000040      
233         233.500000      1.000036      
234         234.500000      1.000024      
235         235.500000      1.000027      
236         236.500000      1.000032      
237         237.500000      1.000033      
238         238.500000      1.000029      
239         239.500000      1.000022      
240         240.500000      1.000031      
241         241.500000      1.000035      
242         242.500000      1.000030      
243         243.500000      1.000037      
244         244.500000      1.000056      
245         245.500000      1.000048      
246         246.500000      1.000029      
247         247.500000      1.000041      
248         248.500000      1.000047      
249         249.500000      1.000045      
250         250.500000      1.000054      
251         251.500000      1.000041      
252         252.500000      1.000036      
253         253.500000      1.000037      
254         254.500000      1.000026      
255         255.500000      1.000027      
256         256.500000      1.000033      
257         257.500000      1.000031      
258         258.500000      1.000042      
259         259.500000      1.000047      
260         260.500000      1.000039      
261         261.500000      1.000028      
262         262.500000      1.000034      
263         263.500000      1.000039      
264         264.500000      1.000036      
265         265.500000      1.000031      
266         266.500000      1.000032      
267         267.500000      1.000039      
268         268.500000      1.000048      
269         269.500000      1.000035      
270         270.500000      1.000024      
271         271.500000      1.000038      
272         272.500000      1.000041      
273         273.500000      1.000043      
274         274.500000      1.000042      
275         275.500000      1.000037      
276         276.500000      1.000030      
277         277.500000      1.000027      
278         278.500000      1.000033      
279         279.500000      1.000037      
280         280.500000      1.000027      
281         281.500000      1.000034      
282         282.500000      1.000010      
283         283.500000      0.999968      
284         284.500000      0.999947      
285         285.500000      0.999960      
286         286.500000      0.999945      
287         287.500000      0.999891      
288         288.500000      0.999862      
289         289.500000      0.999860      
290         290.500000      0.999884      
291         291.500000      0.999785      
292         292.500000      0.999701      
293         293.500000      0.999685      
294         294.500000      0.999647      
295         295.500000      0.999604      
296         296.500000      0.999600      
297         297.500000      0.999595      
298         298.500000      0.999582      
299         299.500000      0.999598      
300         300.500000      0.999622      
301         301.500000      0.999606      
302         302.500000      0.999581      
303         303.500000      0.999584      
304         304.500000      0.999608      
305         305.500000      0.999624      
306         306.500000      0.999638      
307         307.500000      0.999666      
308         308.500000      0.999658      
309         309.500000      0.999742      
310         310.500000      0.999788      
311         311.500000      0.999825      
312         312.500000      0.999868      
313         313.500000      0.999881      
314         314.500000      0.999978      
315         315.500000      1.000063      
316         316.500000      1.000174      
317         317.500000      1.000211      
318         318.500000      1.000198      
319         319.500000      1.000167      
320         320.500000      1.000186      
321         321.500000      1.000074      
322         322.500000      0.999867      
323         323.500000      0.999855      
324         324.500000      0.999751      
325         325.500000      0.999630      
326         326.500000      0.999523      
327         327.500000      0.999460      
328         328.500000      0.999495      
329         329.500000      0.999484      
330         330.500000      0.999486      
331         331.500000      0.999497      
332         332.500000      0.999510      
333         333.500000      0.999595      
334         334.500000      0.999778      
335         335.500000      0.999767      
336         336.500000      0.999764      
337         337.500000      0.999815      
338         338.500000      0.999924      
339         339.500000      0.999975      
340         340.500000      0.999934      
341         341.500000      1.000011      
342         342.500000      1.000046      
343         343.500000      1.000049      
344         344.500000      1.000043      
345         345.500000      1.000032      
346         346.500000      1.000037      
347         347.500000      1.000041      
348         348.500000      1.000047      
349         349.500000      1.000039      
350         350.500000      1.000030      
351         351.500000      1.000051      
352         352.500000      1.000065      
353         353.500000      1.000046      
354         354.500000      1.000050      
355         355.500000      1.000060      
356         356.500000      1.000035      
357         357.500000      1.000052      
358         358.500000      1.000064      
359         359.500000      1.000025      
360         360.500000      1.000027      
361         361.500000      1.000029      
362         362.500000      1.000022      
363         363.500000      1.000033      
364         364.500000      1.000043      
365         365.500000      1.000032      
366         366.500000      1.000029      
367         367.500000      1.000043      
368         368.500000      1.000049      
369         369.500000      1.000045      
370         370.500000      1.000030      
371         371.500000      1.000028      
372         372.500000      1.000027      
373         373.500000      1.000031      
374         374.500000      1.000043      
375         375.500000      1.000029      
376         376.500000      1.000042      
377         377.500000      1.000050      
378         378.500000      1.000024      
379         379.500000      1.000022      
380         380.500000      1.000023      
381         381.500000      1.000020      
382         382.500000      1.000014      
383         383.500000      1.000012      
384         384.500000      1.000018      
385         385.500000      1.000025      
386         386.500000      1.000029      
387         387.500000      1.000035      
388         388.500000      1.000029      
389         389.500000      1.000017      
390         390.500000      1.000015      
391         391.500000      1.000031      
392         392.500000      1.000040      
393         393.500000      1.000028      
394         394.500000      1.000022      
395         395.500000      1.000013      
396         396.500000      1.000012      
397         397.500000      1.000015      
398         398.500000      1.000019      
399         399.500000      1.000032      
400         400.500000      1.000037      
401         401.500000      1.000044      
402         402.500000      1.000036      
403         403.500000      1.000023      
404         404.500000      1.000030      
405         405.500000      1.000037      
406         406.500000      1.000027      
407         407.500000      1.000020      
408         408.500000      1.000018      
409         409.500000      1.000022      
410         410.500000      1.000027      
411         411.500000      1.000020      
412         412.500000      1.000014      
413         413.500000      1.000015      
414         414.500000      1.000019      
415         415.500000      1.000020      
416         416.500000      1.000019      
417         417.500000      1.000014      
418         418.500000      1.000008      
419         419.500000      1.000012      
420         420.500000      1.000014      
421         421.500000      1.000011      
422         422.500000      1.000013      
423         423.500000      1.000022      
424         424.500000      1.000022      
425         425.500000      1.000019      
426         426.500000      1.000018      
427         427.500000      1.000021      
428         428.500000      1.000025      
429         429.500000      1.000015      
430         430.500000      1.000010      
431         431.500000      1.000010      
432         432.500000      1.000011      
433         433.500000      1.000007      
434         434.500000      1.000016      
435         435.500000      1.000031      
436         436.500000      1.000023      
437         437.500000      1.000016      
438         438.500000      1.000016      
439         439.500000      1.000020      
440         440.500000      1.000019      
441         441.500000      1.000015      
442         442.500000      1.000018      
443         443.500000      1.000019      
444         444.500000      1.000016      
445         445.500000      1.000009      
446         446.500000      1.000010      
447         447.500000      1.000010      
448         448.500000      1.000011      
449         449.500000      1.000015      
450         450.500000      1.000013      
451         451.500000      1.000006      
452         452.500000      1.000007      
453         453.500000      1.000008      
454         454.500000      1.000006      
455         455.500000      1.000006      
456         456.500000      1.000008      
457         457.500000      1.000012      
458         458.500000      1.000011      
459         459.500000      1.000007      
460         460.500000      1.000007      
461         461.500000      1.000008      
462         462.500000      1.000008      
463         463.500000      1.000007      
464         464.500000      1.000002      
465         465.500000      1.000000      
466         466.500000      1.000008      
467         467.500000      1.000006      
468         468.500000      1.000008      
469         469.500000      1.000010      
470         470.500000      1.000008      
471         471.500000      1.000005      
472         472.500000      1.000006      
473         473.500000      1.000008      
474         474.500000      1.000007      
475         475.500000      1.000008      
476         476.500000      1.000007      
477         477.500000      1.000005      
478         478.500000      1.000008      
479         479.500000      1.000008      
480         480.500000      1.000005      
481         481.500000      1.000005      
482         482.500000      1.000004      
483         483.500000      1.000004      
484         484.500000      1.000004      
485         485.500000      1.000002      
486         486.500000      1.000001      
487         487.500000      1.000001      
488         488.500000      1.000002      
489         489.500000      1.000003      
490         490.500000      1.000001      
491         491.500000      1.000002      
492         492.500000      1.000008      
493         493.500000      1.000005      
494         494.500000      1.000002      
495         495.500000      1.000003      
496         496.500000      1.000004      
497         497.500000      1.000003      
498         498.500000      1.000003      
499         499.500000      1.000004      
500         500.500000      1.000005      
501         501.500000      1.000002      
502         502.500000      1.000003      
503         503.500000      1.000004      
504         504.500000      1.000003      
505         505.500000      1.000002      
506         506.500000      1.000002      
507         507.500000      1.000001      
508         508.500000      1.000001      
509         509.500000      1.000002      
510         510.500000      0.999999      
511         511.500000      0.999995      
512         512.500000      0.999995      
513         513.500000      0.999994      
514         514.500000      0.999993      
515         515.500000      0.999995      
516         516.500000      0.999995      
517         517.500000      0.999995      
518         518.500000      0.999996      
519         519.500000      0.999995      
520         520.500000      0.999994      
521         521.500000      0.999997      
522         522.500000      0.999998      
523         523.500000      0.999998      
524         524.500000      0.999996      
525         525.500000      0.999994      
526         526.500000      0.999995      
527         527.500000      0.999994      
528         528.500000      0.999995      
529         529.500000      0.999996      
530         530.500000      0.999999      
531         531.500000      0.999998      
532         532.500000      0.999998      
533         533.500000      0.999998      
534         534.500000      0.999999      
535         535.500000      1.000001      
536         536.500000      0.999999      
537         537.500000      1.000000      
538         538.500000      1.000000      
539         539.500000      0.999998      
540         540.500000      0.999998      
541         541.500000      0.999999      
542         542.500000      1.000000      
543         543.500000      1.000000      
544         544.500000      1.000000      
545         545.500000      0.999999      
546         546.500000      0.999997      
547         547.500000      0.999997      
548         548.500000      0.999998      
549         549.500000      0.999997      
550         550.500000      0.999997      
551         551.500000      0.999998      
552         552.500000      0.999997      
553         553.500000      0.999996      
554         554.500000      0.999995      
555         555.500000      0.999997      
556         556.500000      0.999997      
557         557.500000      0.999995      
558         558.500000      0.999992      
559         559.500000      0.999992      
560         560.500000      0.999994      
561         561.500000      0.999993      
562         562.500000      0.999993      
563         563.500000      0.999993      
564         564.500000      0.999999      
565         565.500000      0.999997      
566         566.500000      0.999993      
567         567.500000      0.999993      
568         568.500000      0.999992      
569         569.500000      0.999992      
570         570.500000      0.999994      
571         571.500000      0.999994      
572         572.500000      0.999995      
573         573.500000      0.999992      
574         574.500000      0.999988      
575         575.500000      0.999990      
576         576.500000      0.999991      
577         577.500000      0.999992      
578         578.500000      0.999990      
579         579.500000      0.999990      
580         580.500000      0.999990      
581         581.500000      0.999989      
582         582.500000      0.999986      
583         583.500000      0.999982      
584         584.500000      0.999987      
585         585.500000      0.999991      
586         586.500000      0.999989      
587         587.500000      0.999989      
588         588.500000      0.999990      
589         589.500000      0.999986      
590         590.500000      0.999981      
591         591.500000      0.999979      
592         592.500000      0.999981      
593         593.500000      0.999984      
594         594.500000      0.999984      
595         595.500000      0.999983      
596         596.500000      0.999984      
597         597.500000      0.999984      
598         598.500000      0.999983      
599         599.500000      0.999981      
