# 
# Name Explaination (use DCGeomRecord as refference):
#		Xsks:	x
#		Ysks:	y
#		Zsks:	z
#		TA:	tilt angle
#		RA1:	rotation angle
#		RA2:	rotation angle
# 		L:	length (Local length from the pole edge of SKS)
#		Res:	resolution
#		W0:	origin position
#		dXdW:	wire distance
#		Ofs:	offset    
#
############################# Real    ########################
# Id Name      Xsks[mm] Ysks[mm]  Zsks[mm] TA[deg] RA1[deg] RA2[deg]  L[mm]  Res[mm]   W0   dXdW    Ofs
#
   0 Target     1534.68  -273.24     00.00   00.00   90.00  -140.00    00.00  10.00  00.00    1.00   0.00
#
############# SKS
# Id Name      Xsks[mm] Ysks[mm]  Zsks[mm] TA[deg] RA1[deg] RA2[deg]  L[mm]  Res[mm]   W0   dXdW    Ofs
#
# Default
# SDC1
   1 SDC1-v-1   1381.28   -90.426    -0.60  -15.00   90.00  -140.00   238.65   0.25  32.75    3.00   0.56
   2 SDC1-v-2   1378.71   -87.362    -0.60  -15.00   90.00  -140.00   242.65   0.25  32.25    3.00   0.53
   3 SDC1-u-1   1368.43   -75.105    -0.60   15.00   90.00  -140.00   258.65   0.25  32.25    3.00   0.43
   4 SDC1-u-2   1365.86   -72.041    -0.60   15.00   90.00  -140.00   262.65   0.25  32.75    3.00   0.43
#				       	 			     
# SDC2				       	 			     
   5 SDC2-v-1   1216.25   106.256    -0.55  -15.00   90.00  -140.00   495.40   0.25  48.75    5.00  -0.48
   6 SDC2-v-2   1213.03   110.086    -0.55  -15.00   90.00  -140.00   500.40   0.25  48.25    5.00  -0.50
   7 SDC2-u-1   1203.39   121.577    -0.55   15.00   90.00  -140.00   515.40   0.25  48.75    5.00  -0.50
   8 SDC2-u-2   1200.18   125.407    -0.55   15.00   90.00  -140.00   520.40   0.25  48.25    5.00  -0.49
   9 SDC2-x-1   1190.54   136.898    -0.55   00.00   90.00  -140.00   535.40   0.25  48.75    5.00  -0.63
  10 SDC2-x-2   1187.32   140.728    -0.55   00.00   90.00  -140.00   540.40   0.25  48.25    5.00  -0.67
#
# SKS-VP
  21 Sks-Vp1     766.04   642.790    00.00   00.00   90.00  -140.00  1200.00   0.00   0.00    1.00   0.00
  22 Sks-Vp2     422.62   906.310    00.00   00.00   90.00  -115.00  1636.33   0.00   0.00    1.00   0.00
  23 Sks-Vp3      00.00  1000.000    00.00   00.00   90.00   -90.00  2072.66   0.00   0.00    1.00   0.00
  24 Sks-Vp4    -422.62   906.310    00.00   00.00   90.00   -65.00  2509.00   0.00   0.00    1.00   0.00
  25 Sks-Vp5    -766.04   642.790    00.00   00.00   90.00   -40.00  2945.33   0.00   0.00    1.00   0.00
#
# SDC3
  31 SDC3-v-1  -2023.19   152.847     1.00  -30.00   90.00   -40.00  4128.71   0.25  60.944  20.00  14.77
  32 SDC3-x-1  -2030.90   143.655     1.00   00.00   90.00   -40.00  4140.71   0.25  55.000  20.00  -0.03
  33 SDC3-u-1  -2038.61   134.462     1.00   30.00   90.00   -40.00  4152.71   0.25  60.469  20.00 -14.53
  34 SDC3-v-2  -2046.33   125.270     1.00  -30.00   90.00   -40.00  4164.71   0.25  60.943  20.00  14.85
  35 SDC3-x-2  -2054.04   116.077     1.00   00.00   90.00   -40.00  4176.71   0.25  55.000  20.00  -0.02
  36 SDC3-u-2  -2061.76   106.884     1.00   30.00   90.00   -40.00  4188.71   0.25  60.450  20.00 -14.98
#
# SDC4
  37 SDC4-v-1  -2508.43  -425.440    -0.55  -30.00   90.00   -40.00  4883.62   0.25  60.451  20.00   14.19
  38 SDC4-x-1  -2516.14  -434.632    -0.55   00.00   90.00   -40.00  4895.62   0.25  55.000  20.00    0.11
  39 SDC4-u-1  -2523.86  -443.825    -0.55   30.00   90.00   -40.00  4907.62   0.25  60.935  20.00  -14.25
  40 SDC4-v-2  -2531.57  -453.017    -0.55  -30.00   90.00   -40.00  4919.62   0.25  60.444  20.00   14.15
  41 SDC4-x-2  -2539.28  -462.210    -0.55   00.00   90.00   -40.00  4931.62   0.25  54.975  20.00   -0.30
  42 SDC4-u-2  -2547.00  -471.402    -0.55   30.00   90.00   -40.00  4943.62   0.25  60.930  20.00  -14.23
#
# SKS counters
 51 TOF        -2659.23   -605.176   00.00   00.00   90.00   -40.00  5118.24  35.00  00.00    1.00   0.00
# 52 AC1        -1894.13   -701.610   00.00   00.00   90.00   -40.00  4900.32 600.00  00.00    1.00   0.00
# 53 AC2        -2247.73  -1123.010   00.00   00.00   90.00   -40.00  5450.42 600.00  00.00    1.00   0.00
 54 LC         -3530.85  -1643.930   00.00   00.00   90.00   -40.00  6474.24  50.00  00.00    1.00   0.00
#
#
# Id Name      Xsks[mm] Ysks[mm]  Zsks[mm] TA[deg] RA1[deg] RA2[deg]  L[mm]  Res[mm]   W0   dXdW    Ofs
#
# 130 K6Target     00.00   1700.0     00.00   00.00   90.00    00.00  1280.9    1.00  00.00    1.00   0.00
#
 131 BH2(global)    2306.01  -1192.49    00.00   00.00   90.00  -140.00 -1200.0   35.00  00.00    1.00   0.00
#
#
############# K1.8
# Id Name      Xsks[mm] Ysks[mm]  Zsks[mm] TA[deg] RA1[deg] RA2[deg]  L[mm]  Res[mm]   W0   dXdW    Ofs
#
# BC1
 101 BC1-x-1      00.00    00.00    00.00   00.00   90.00   00.00  -435.00   0.30 128.00    1.00   0.00
 102 BC1-u-1      00.00    00.00    00.00   15.00   90.00   00.00  -415.00   0.30 128.00    1.00   0.00
 103 BC1-v-1      00.00    00.00    00.00  -15.00   90.00   00.00  -395.00   0.30 128.00    1.00   0.00
 104 BC1-x-2      00.00    00.00    00.00   00.00   90.00   00.00  -375.00   0.30 128.00    1.00   0.00
 105 BC1-u-2      00.00    00.00    00.00   15.00   90.00   00.00  -355.00   0.30 128.00    1.00   0.00
 106 BC1-v-2      00.00    00.00    00.00  -15.00   90.00   00.00  -335.00   0.30 128.00    1.00   0.00
#
# BC2
 107 BC2-u-1      00.00    00.00    00.00   15.00   90.00   00.00  -100.00   0.30 128.00    1.00   0.00
 108 BC2-v-1      00.00    00.00    00.00  -15.00   90.00   00.00   -80.00   0.30 128.00    1.00   0.00
 109 BC2-x-1      00.00    00.00    00.00   00.00   90.00   00.00   -60.00   0.30 128.00    1.00   0.00
 110 BC2-u-2      00.00    00.00    00.00   15.00   90.00   00.00   -40.00   0.30 128.00    1.00   0.00
 111 BC2-v-2      00.00    00.00    00.00  -15.00   90.00   00.00   -20.00   0.30 128.00    1.00   0.00
 112 BC2-x-2      00.00    00.00    00.00   00.00   90.00   00.00    00.00   0.30 128.00    1.00   0.00
#
# BC3
 113 BC3-x-1      00.00    21.00    00.00   00.00   90.00   00.00    21.00   0.15  32.75    3.00  -0.11
 114 BC3-x-2      00.00    25.00    00.00   00.00   90.00   00.00    25.00   0.15  32.25    3.00  -0.17
 115 BC3-v-1      00.00    41.00    00.00  -15.00   90.00   00.00    41.00   0.15  32.75    3.00  -0.36
 116 BC3-v-2      00.00    45.00    00.00  -15.00   90.00   00.00    45.00   0.15  32.25    3.00  -0.33
 117 BC3-u-1      00.00    61.00    00.00   15.00   90.00   00.00    61.00   0.15  32.25    3.00  -0.10
 118 BC3-u-2      00.00    65.00    00.00   15.00   90.00   00.00    65.00   0.15  32.75    3.00  -0.09
#
# BC4
 119 BC4-v-1      00.00   427.80    00.00  -15.00   90.00   00.00   427.80   0.20  25.00    5.00   0.08
 120 BC4-v-2      00.00   433.05    00.00  -15.00   90.00   00.00   433.05   0.20  24.50    5.00   0.03
 121 BC4-u-1      00.00   453.25    00.00   15.00   90.00   00.00   453.25   0.20  24.00    5.00   0.05
 122 BC4-u-2      00.00   458.50    00.00   15.00   90.00   00.00   458.50   0.20  24.50    5.00   0.02
 123 BC4-x-1      00.00   478.70    00.00   00.00   90.00   00.00   478.70   0.20  25.00    5.00  -0.04
 124 BC4-x-2      00.00   483.95    00.00   00.00   90.00   00.00   483.95   0.20  24.50    5.00  -0.11
#
