0 -514.382 -0.00419085 4061.99 0.00647002 -58.7634 -0.00180039 4174.37 0.00404648 0 0 0 0 -527.061 -0.00452433 4296.92 0.00620818 -24.916 -0.00347684 4372.62 -0.000497969
1 -507.255 -0.00488504 4067.48 0.00561339 -3145.75 4.1368e-05 7292.99 0.166501 0 0 0 0 -603.706 -0.00512205 4269.3 0.00666715 -35.1549 -0.00255444 4362.04 0.000701867
2 -443.997 -0.0047432 4072.48 0.00776328 -3108.14 3.71692e-05 7260.71 0.144023 0 0 0 0 -447.243 -0.00522429 4296.85 0.00510975 -4.38487 -0.00300438 4362.94 0.0012583
3 0 0 0 0 0 0 0 0 0 0 0 0 0 0 0 0 0 0 0 0
4 0 0 0 0 0 0 0 0 0 0 0 0 0 0 0 0 0 0 0 0
5 -487.938 -0.0046074 4070.97 0.00696023 -63.1 -0.00211948 4177.82 0.00309813 0 0 0 0 -591.027 -0.00463911 4256.67 0.00719665 -36.8644 -0.00226228 4355.61 0.000470989
6 -451.237 -0.00481734 4082.71 0.00749971 -4844.14 3.28663e-05 8997.71 0.191749 0 0 0 0 -433.367 -0.00570684 4284.36 0.00106479 -25.45 -0.002 4400.6 0.002
7 -584.474 -0.0054003 4068.24 0.00814937 -3388.88 4.01093e-05 7538.5 0.170718 0 0 0 0 -553.738 -0.00497341 4302.65 0.00520072 -17.4236 -0.00320387 4363.9 0.000603426
8 -481.506 -0.00496129 4086.96 0.00280721 -69.5111 -0.000987348 4207.38 0.00337283 0 0 0 0 -456.261 -0.00614464 4308.7 0.00276712 -3.97706 -0.00339604 4363.16 0.00308558
9 -482.544 -0.003 4091.96 0.00451011 -65.35 -0.005 4170.5 0.002699 0 0 0 0 -568.097 -0.00475917 4322.76 0.00292984 -13.8296 -0.00600503 4370.29 2.05454e-05
10 -493.894 -0.00496638 4086.17 0.00552806 -3450.78 3.86783e-05 7604.59 0.167713 0 0 0 0 -439.76 -0.00595148 4305.98 0.00494533 -13.52 -0.00330576 4365.85 0.000449625
11 0 0 0 0 0 0 0 0 0 0 0 0 0 0 0 0 0 0 0 0
12 -579.773 -0.00404098 4077.35 0.00932128 -4233.14 3.94558e-05 8404.25 0.208305 0 0 0 0 -5495.16 -0.0151997 3633.33 0.08117 -2198.18 -0.00412047 4507.72 -0.00767515
13 0 0 0 0 0 0 0 0 0 0 0 0 0 0 0 0 0 0 0 0
14 -510.193 -0.00474786 4086.8 0.00430863 -2605.96 4.43293e-05 6761.81 0.152082 0 0 0 0 -502.096 -0.00498243 4303.54 0.00371273 -16.0543 -0.00378078 4358.1 0.000802023
15 0 0 0 0 0 0 0 0 0 0 0 0 0 0 0 0 0 0 0 0
16 -670.885 -0.00500296 4056.35 0.00678383 -77.8806 -0.00103146 4219.15 0.00258593 0 0 0 0 -681.234 -0.00365927 4231.77 0.00318185 -63.9224 -0.00294869 4350.83 0.00652523
17 -553.383 -0.00454652 4052.95 0.00829797 -73.6636 -0.00156388 4198.96 0.00210088 0 0 0 0 -759.991 -0.00515271 4291.27 0.00747168 -52.9441 -0.00177663 4416.04 -0.00341225
18 -607.603 -0.00464489 4077.22 0.00681279 -5760.98 3.34112e-05 9927.01 0.233456 0 0 0 0 -700.744 -0.00506871 4223.53 0.00937784 -64.6546 -0.00168919 4367.81 8.92076e-05
19 -506.754 -0.00484501 4070.63 0.00854888 -3530.47 4.06538e-05 7680.07 0.179666 0 0 0 0 -488.499 -0.00512377 4259.8 0.00601064 -18.1009 -0.00342936 4333.01 -0.000373839
20 -488.809 -0.00436494 4073.92 0.00633096 -59.9601 -0.00223401 4178.26 0.0033069 0 0 0 0 -628.868 -0.00400882 4280.73 0.00882617 -42.492 -0.00207463 4385.08 -5.61207e-05
21 -470.717 -0.00457113 4082.53 0.00716712 -3577.04 3.88383e-05 7730.04 0.17358 0 0 0 0 -455.448 -0.0046689 4307.29 0.0050189 -21.452 -0.00313774 4375.28 0.000931038
22 -474.632 -0.00459252 4086.02 0.00442404 -62.08 -0.001638 4215.62 0.00359854 0 0 0 0 -679.3 -0.00282891 4236.1 0.00392893 -26.7503 -0.00114258 4352.15 0.000975344
23 -528.711 -0.00530472 3942.93 0.00725419 -3588.78 3.85267e-05 7604.09 0.172477 0 0 0 0 -563.322 -0.00515173 4298.83 0.00474385 -24.9018 -0.00366794 4364.51 0.00106926
24 -492.249 -0.0044996 4070.56 0.00492784 -3156.4 3.97942e-05 7295.01 0.159887 0 0 0 0 -700.926 -0.00438497 4294.41 0.00491348 -23.2187 -0.00280606 4364.89 0.000608143
25 -448.24 -0.00448747 4072.57 0.00629865 -3745.76 3.81544e-05 7884.38 0.17803 0 0 0 0 -547.356 -0.00409335 4293.01 0.000925225 -48.2008 -0.00346034 4363.41 0.00579649
26 -511.14 -0.0049625 4070.05 0.00282648 -2942.02 4.3501e-05 7082.09 0.167983 0 0 0 0 -502.463 -0.00608755 4288.1 0.00661523 -25.0096 -0.00289561 4369.43 0.000221651
27 -565.398 -0.00438077 4049.06 0.00619226 -2953.39 4.713e-05 7088.71 0.183418 0 0 0 0 -1546.33 -0.00449632 4231.86 0.00663466 -1605.9 -3.16503e-05 5983.05 -0.0425455
28 -469.957 -0.00467094 4054.22 0.0082195 -64.5431 -0.00188306 4165.44 0.00110862 0 0 0 0 -488.536 -0.00579161 4301.52 0.00495558 -14.6429 -0.00332853 4368.03 0.000194582
29 0 0 0 0 0 0 0 0 0 0 0 0 0 0 0 0 0 0 0 0
30 -594.005 -0.00466271 4058.18 0.00746929 -3677.48 4.20801e-05 7821.75 0.197126 0 0 0 0 -730.528 -0.00355348 4226.48 0.00551163 -75.416 -0.00347261 4335.74 0.00323506
31 0 0 0 0 0 0 0 0 0 0 0 0 0 0 0 0 0 0 0 0
