0 -542.894 -0.00470973 4054.26 0.00576035 -41.67 -0.001 4180.33 0.002424 0 0 0 0 -567.291 -0.00483927 4288.04 0.00446706 -10.5486 -0.00360122 4364.2 0.00227493
1 -533.849 -0.00452166 4065.84 0.00445985 -61.3417 -0.00112505 4193.62 0.00289782 0 0 0 0 -531.053 -0.00526588 4270.33 0.00449408 -21.4078 -0.0019514 4366.19 0.000458061
2 -447.523 -0.00462904 4063.42 0.0072332 -62.99 -0.001 4200 0.00257354 0 0 0 0 -433.566 -0.00562396 4291.8 0.00432603 8.74541 -0.00311531 4363.21 0.000953529
3 0 0 0 0 0 0 0 0 0 0 0 0 0 0 0 0 0 0 0 0
4 0 0 0 0 0 0 0 0 0 0 0 0 0 0 0 0 0 0 0 0
5 -520.798 -0.00472358 4066.61 0.00490508 -69.55 -0.001 4180 0.00243 0 0 0 0 -575.184 -0.0041331 4254.32 0.00324018 -40.3301 -0.00266278 4350.87 0.00213841
6 -461.979 -0.0046764 4080.05 0.00669592 -51.437 -0.00177601 4183.16 0.00226554 0 0 0 0 -494.309 -0.00532781 4307.22 0.0033015 -0.722304 -0.00557836 4363.3 0.00101652
7 -585.734 -0.00486978 4068.86 0.00581434 -58.7654 -0.0012783 4189.18 0.00279221 0 0 0 0 -580.956 -0.00500039 4283.78 0.00326103 -17.2912 -0.0034592 4360.51 0.00262852
8 -628.2 -0.005 4050.9 0.005241 -58.3896 -0.00101186 4198.77 0.00475022 0 0 0 0 -488.691 -0.00578581 4304.67 0.00319766 0.388456 -0.00375066 4365.45 0.00231179
9 -503.725 -0.00498484 4062.07 0.00724513 -56.43 -0.001 4180.03 0.00079178 0 0 0 0 -588.042 -0.00534875 4302.15 0.00332295 -10.6258 -0.00425813 4369.34 -4.13482e-05
10 -522.054 -0.00510232 4079.89 0.00497484 -53.0485 -0.00167156 4185.41 0.00408148 0 0 0 0 -571.525 -0.00457256 4310.65 0.00301386 3.2739 -0.00268359 4361.77 0.0015317
11 0 0 0 0 0 0 0 0 0 0 0 0 0 0 0 0 0 0 0 0
12 0 0 0 0 0 0 0 0 0 0 0 0 -100.002 6.07571e-05 0.00209947 2.32745e-07 -115.875 8.50403e-07 145.874 0.000124457
13 0 0 0 0 0 0 0 0 0 0 0 0 0 0 0 0 0 0 0 0
14 -590.072 -0.005 4050.85 0.00443485 -55.1207 -0.00167545 4192.05 0.00514794 0 0 0 0 -579.752 -0.00528877 4305.63 0.0015756 -6.24488 -0.00445647 4370.47 0.000278806
15 0 0 0 0 0 0 0 0 0 0 0 0 0 0 0 0 0 0 0 0
16 -720.722 -0.00546896 4045.39 0.00847431 -3347.26 4.0467e-05 7512.22 0.172288 0 0 0 0 -732.001 -0.0033032 4226.54 0.00488591 -65.8229 -0.00299889 4356.65 0.00318665
17 -575.348 -0.00494857 4040.47 0.00923971 -66.0106 -0.00171157 4195.26 0.00321341 0 0 0 0 -741.691 -0.00413948 4296.09 0.002935 -43.4359 -0.00431957 4393.6 0.00119099
18 -547.323 -0.00469777 4064.7 0.00912093 -90.6319 -0.000967342 4240.27 -0.00174447 0 0 0 0 -681.455 -0.00502146 4210.94 0.0053619 -81.7579 -0.00118661 4388.83 -0.00139408
19 -510.53 -0.00489183 4062.94 0.00960221 -3509.4 3.9378e-05 7662.03 0.17174 0 0 0 0 -506.794 -0.0060892 4253.06 0.004123 -4.78046 -0.0031112 4332.48 0.0010744
20 -514.958 -0.00479524 4063.73 0.00567862 -58.0613 -0.00198946 4179.46 0.00417251 0 0 0 0 -651.941 -0.00461407 4254.9 0.0050923 -52.8365 -0.00045008 4401.32 -0.00207518
21 -390.724 6.1963e-05 4236.33 0.055662 -3258.91 3.98131e-05 7411.47 0.164883 0 0 0 0 -479.282 -0.00427179 4314.75 0.00245959 -2.56954 -0.00520808 4373.88 0.00136656
22 -497.457 -0.00442455 4079.32 0.0060589 -59.6107 -0.00170009 4213.67 0.0032324 0 0 0 0 -686.289 -0.00351311 4225.77 0.00362831 -34.2354 -0.00126879 4344.76 0.00314056
23 -522.036 -0.00493437 3939.24 0.00528731 -2625.81 4.32589e-05 6643.06 0.147471 0 0 0 0 -586.158 -0.00504296 4291.58 0.00263546 -16.4449 -0.00375319 4362.63 0.0015
24 -547.931 -0.00507602 4059.05 0.00594815 -3683.83 3.86405e-05 7822.15 0.178016 0 0 0 0 -729.242 -0.00417392 4293.23 0.00237012 -24.3966 -0.00301929 4363.15 0.000481532
25 -456.302 -0.00430775 4065.02 0.00545647 -100.421 -0.005 4180.21 0.00234135 0 0 0 0 -552.119 -0.00441617 4269.86 0.00384042 -55.4941 -0.00256572 4377.07 0.000337914
26 -626.3 -0.005 4050.7 0.006322 -94.5247 -0.00582584 4174.89 0.00554614 0 0 0 0 -624.708 -0.00355454 4286.91 0.00320584 -11.6898 -0.0899945 4360.53 0.00167983
27 -641.5 -0.005 4050.2 0.00779 -58.04 -0.005 4170.32 0.00506849 0 0 0 0 -3711.12 -0.00481106 4207.88 0.0087757 896.561 -0.0909785 4335.28 0.00663009
28 -503.188 -0.00477125 4048.46 0.00730764 -60.9697 -0.00179408 4163.83 0.00258016 0 0 0 0 -570.671 -0.00420417 4300.86 0.00322917 0.488465 -0.0051855 4365.69 0.001
29 0 0 0 0 0 0 0 0 0 0 0 0 0 0 0 0 0 0 0 0
30 -736.28 -0.00500014 4038.7 0.00892985 -76.7745 -0.00138642 4200.99 0.00226461 0 0 0 0 -759.869 -0.00307438 4206.25 0.00456356 -76.8418 -0.00395283 4322.48 0.00392526
31 0 0 0 0 0 0 0 0 0 0 0 0 0 0 0 0 0 0 0 0
