#run 7219, 7221, 7223, 7224, 7225, 7226, 7227
#Ge TDC Parameters p0~p7 crm tdccut p8~p9 reset cut p10~p11 pileup cut p12~p19 tfa cut 
#Seg  p0	p1	p2	p3	p4	p5	p6	p7	p8	p9	p10	p11	p12	p13	p14     p15     p16     p17     p18     p19
0     0.	0.	3800.	0.	0.	0.	4200.	0.	8815.	71816.	23497.	29497.	-350.	-0.003	4305.	0.002	-30.	-0.003	4345.	0.001	
1     0.	0.	3860.	0.	0.	0.	4185.	0.	8536.	71536.	23477.	29477.	-500.	-0.003	4318.	0.001	-30.	-0.003	4355.	0.001	
2     0.	0.	3850.	0.	0.	0.	4183.	0.	8572.	71572.	23492.	29492.	-500.	-0.005	4318.	0.001	-30.	-0.003	4358.	0.001		
3     0.	0.	3860.	0.	0.	0.	4205.	0.	5694.	78694.	23496.	29496.	-500.	-0.003	4320.	0.001	-30.	-0.003	4369.	0.001		
4     0.	0.	3850.	0.	0.	0.	4180.	0.	5330.	78330.	23545.	29545.	-450.	-0.005	4325.	0.001	-10.	-0.002	4368.	0.001		
5     0.	0.	3820.	0.	0.	0.	4175.	0.	13960.	76960.	23496.	29496.	-500.	-0.003	4295.	0.001	-30.	-0.003	4335.	0.001		
6     0.	0.	3805.	0.	0.	0.	4205.	0.	9229.	72229.	23545.	29545.	-500.	-0.005	4330.	0.001	-30.	-0.003	4385.	0.003		
7     0.	0.	3840.	0.	0.	0.	4188.	0.	8329.	71329.	23497.	29804.	-500.	-0.005	4315.	0.002	-20.	-0.004	4353.	0.001		
8     0.	0.	3870.	0.	0.	0.	4190.	0.	8275.	71275.	23492.	29492.	-500.	-0.005	4320.	0.001	-10.	-0.004	4360.	0.001		
9     0.	0.	3830.	0.	0.	0.	4188.	0.	8923.	71923.	23495.	29495.	-500.	-0.005	4325.	0.001	-20.	-0.003	4365.	0.0005		
10     0.	0.	3875.	0.	0.	0.	4195.	0.	9006.	72006.	23504.	29504.	-500.	-0.005	4320.	0.001	-15.	-0.003	4362.	0.001		
11     0.	0.	3780.	0.	0.	0.	4180.	0.	11390.	84390.	20537.1	26537.	-500.	-0.003	4258.	0.001	-30.	-0.003	4345.	0.001	
12     0.	0.	3870.	0.	0.	0.	4215.	0.	14364.	77364.	23654.	29654.	-500.	-0.004	4295.	0.001	-10.	-0.004	4354.	0.001	
13     0.	0.	0.	0.	0.	0.	0.	0.	0.	0.	0.	0.	0.	0.	0.	0.	0.	0.	0.	0.	
14     0.	0.	3860.	0.	0.	0.	4220.	0.	8358.	71358.	23512.	29512.	-500.	-0.004	4315.	0.001	-10.	-0.004	4358.	0.001		
15     0.	0.	0.	0.	0.	0.	0.	0.	0.	0.	0.	0.	0.	0.	0.	0.	0.	0.	0.	0.	
16     0.	0.	3820.	0.	0.	0.	4198.	0.	13268.	76268.	23491.	29491.	-500.	-0.003	4245.	0.005	-30.	-0.003	4345.	0.001		
17     0.	0.	3875.	0.	0.	0.	4190.	0.	14303.	77303.	23545.	29545.	-500.	-0.004	4320.	0.001	-30.	-0.003	4375.	0.001		
18     0.	0.	3890.	0.	0.	0.	4220.	0.	17539.	80539.	23635.	29635.	-500.	-0.003	4285.	0.001	-30.	-0.003	4335.	0.001		
19     0.	0.	3800.	0.	0.	0.	4195.	0.	8669.	71669.	23550.	29550.	-500.	-0.005	4272.	0.001	-30.	-0.004	4320.	0.001		
20     0.	0.	3850.	0.	0.	0.	4180.	0.	14356.	77356.	23474.	29474.	-500.	-0.003	4315.	0.001	-20.	-0.003	4369.	0.001		
21     0.	0.	3860.	0.	0.	0.	4185.	0.	8022.	71022.	23483.	29483.	-500.	-0.004	4320.	0.001	-20.	-0.003	4372.	0.001		
22     0.	0.	3810.	0.	0.	0.	4200.	0.	23438.	86438.	23945.	29945.	-650.	-0.003	4255.	0.002	-30.	-0.003	4320.	0.001		
23     0.	0.	3695.	0.	0.	0.	4065.	0.	9091.	72091.	23486.	29486.	-500.	-0.004	4320.	0.001	-30.	-0.003	4360.	0.001		
24     0.	0.	3840.	0.	0.	0.	4183.	0.	8877.	71877.	23488.	29488.	-500.	-0.003	4310.	0.001	-30.	-0.003	4365.	0.001		
25     0.	0.	3833.	0.	0.	0.	4175.	0.	8889.	71889.	23497.	29497.	-500.	-0.003	4305.	0.001	-30.	-0.003	4365.	0.001		
26     0.	0.	3800.	0.	0.	0.	4185.	0.	8471.	71471.	23495.	29495.	-500.	-0.005	4310.	0.001	-30.	-0.003	4355.	0.001		
27     0.	0.	3800.	0.	0.	0.	4180.	0.	14063.	77063.	23477.	29477.	-500.	-0.002	4268.	0.001	-10.	-0.003	4338.	0.001		
28     0.	0.	3865.	0.	0.	0.	4170.	0.	8780.	71780.	23517.	29517.	-500.	-0.005	4320.	0.001	-30.	-0.003	4365.	0.001		
29     0.	0.	0.	0.	0.	0.	0.	0.	0.	0.	0.	0.	0.	0.	0.	0.	0.	0.	0.	0.	
30     0.	0.	3780.	0.	0.	0.	4158.	0.	5467.	78467.	23510.	29510.	-500.	-0.0025	4260.	0.001	-30.	-0.003	4320.	0.001		
31     0.	0.	0.	0.	0.	0.	0.	0.	0.	0.	0.	0.	0.	0.	0.	0.	0.	0.	0.	0.	

 LocalWords:  TDC
