#run 7219, 7221, 7223, 7224, 7225, 7226, 7227
#Ge TDC Parameters p0~p7 crm tdccut p8~p9 reset cut p10~p11 pileup cut p12~p19 tfa cut 
#Seg  p0	p1	p2	p3	p4	p5	p6	p7	p8	p9	p10	p11	p12	p13	p14     p15     p16     p17     p18     p19
0     0.	0.	0.	0.	0.	0.	0.	0.	0.	0.	0.	0.	0.	0.	0.	0.	0.	0.	0.	0.	
1     0.	0.	3860.	0.	0.	0.	4185.	0.	5931.3	78931.3	20505.6	26505.6	0.	0.	4000.	0.	0.	0.	4360.	0.	
2     0.	0.	3850.	0.	0.	0.	4183.	0.	5676.8	78676.8	20332.2	26332.2	0.	0.	4000.	0.	0.	0.	4372.	0.	
3     0.	0.	3860.	0.	0.	0.	4205.	0.	5694.6	78694.6	20645.3	26645.3	0.	0.	4050.	0.	0.	0.	4375.	0.	
4     0.	0.	3850.	0.	0.	0.	4180.	0.	5330.1	78330.1	20719.4	26719.4	0.	0.	4070.	0.	0.	0.	4370.	0.	
5     0.	0.	3820.	0.	0.	0.	4175.	0.	5937.8	78937.8	20571.3	26571.3	0.	0.	4040.	0.	0.	0.	4370.	0.	
6     0.	0.	3805.	0.	0.	0.	4205.	0.	11077.2	84077.2	20521.0	26521.0	0.	0.	3980.	0.	0.	0.	4350.	0.	
7     0.	0.	3840.	0.	0.	0.	4188.	0.	5274.9	78275.0	20698.7	26698.7	0.	0.	4100.	0.	0.	0.	4367.	0.	
8     0.	0.	3870.	0.	0.	0.	4190.	0.	5538.9	78538.9	20490.7	26490.7	0.	0.	4080.	0.	0.	0.	4370.	0.	
9     0.	0.	3830.	0.	0.	0.	4188.	0.	5888.6	78888.6	20644.6	26644.6	0.	0.	4050.	0.	0.	0.	4368.	0.	
10     0.	0.	3875.	0.	0.	0.	4195.	0.	4987.5	77987.5	20887.3	26887.3	0.	0.	4060.	0.	0.	0.	4377.	0.	
11     0.	0.	3780.	0.	0.	0.	4180.	0.	11390.1	84390.1	20537.1	26537.1	0.	0.	3910.	0.	0.	0.	4355.	0.
12     0.	0.	3870.	0.	0.	0.	4215.	0.	11443.3	84443.3	20593.9	26593.9	0.	0.	4060.	0.	0.	0.	4355.	0.
13     0.	0.	0.	0.	0.	0.	0.	0.	0.	0.	0.	0.	0.	0.	0.	0.	0.	0.	0.	0.	
14     0.	0.	3860.	0.	0.	0.	4220.	0.	5220.3	78220.3	20617.0	26617.0	0.	0.	4070.	0.	0.	0.	4370.	0.	
15     0.	0.	0.	0.	0.	0.	0.	0.	0.	0.	0.	0.	0.	0.	0.	0.	0.	0.	0.	0.	
16     0.	0.	3820.	0.	0.	0.	4198.	0.	14478.0	87478.0	20799.6	26799.6	0.	0.	3950.	0.	0.	0.	4355.	0.	
17     0.	0.	3875.	0.	0.	0.	4190.	0.	5903.9	78903.9	20776.8	26776.8	0.	0.	4040.	0.	0.	0.	4380.	0.	
18     0.	0.	3890.	0.	0.	0.	4220.	0.	11365.7	84365.7	21115.6	27115.6	0.	0.	4050.	0.	0.	0.	4355.	0.	
19     0.	0.	3800.	0.	0.	0.	4195.	0.	20366.9	93366.9	20722.4	26722.4	0.	0.	3950.	0.	0.	0.	4342.	0.	
20     0.	0.	3850.	0.	0.	0.	4180.	0.	5981.46	78981.5	20707.2	26707.2	0.	0.	4070.	0.	0.	0.	4372.	0.	
21     0.	0.	3860.	0.	0.	0.	4185.	0.	5657.8	78657.8	20686.6	26686.6	0.	0.	4080.	0.	0.	0.	4375.	0.	
22     0.	0.	3810.	0.	0.	0.	4200.	0.	10150.6	83150.6	20634.7	26634.7	0.	0.	3980.	0.	0.	0.	4345.	0.	
23     0.	0.	3695.	0.	0.	0.	4065.	0.	5890.5	78890.5	20289.8	26289.8	0.	0.	4040.	0.	0.	0.	4370.	0.	
24     0.	0.	3840.	0.	0.	0.	4183.	0.	5820.8	78820.8	20388.2	26388.2	0.	0.	4045.	0.	0.	0.	4368.	0.	
25     0.	0.	3833.	0.	0.	0.	4175.	0.	5881.5	78881.6	20585.9	26585.9	0.	0.	4000.	0.	0.	0.	4370.	0.	
26     0.	0.	3800.	0.	0.	0.	4185.	0.	5732.6	78732.6	20995.5	26995.5	0.	0.	4000.	0.	0.	0.	4367.	0.	
27     0.	0.	3800.	0.	0.	0.	4180.	0.	11817.1	84817.1	20510.7	26510.7	0.	0.	3960.	0.	0.	0.	4345.	0.	
28     0.	0.	3865.	0.	0.	0.	4170.	0.	6056.8	79056.8	20636.5	26636.5	0.	0.	4075.	0.	0.	0.	4365.	0.	
29     0.	0.	0.	0.	0.	0.	0.	0.	0.	0.	0.	0.	0.	0.	0.	0.	0.	0.	0.	0.	
30     0.	0.	3780.	0.	0.	0.	4158.	0.	5467.3	78467.4	20499.0	26499.0	0.	0.	4020.	0.	0.	0.	4367.	0.	
31     0.	0.	0.	0.	0.	0.	0.	0.	0.	0.	0.	0.	0.	0.	0.	0.	0.	0.	0.	0.	

 LocalWords:  TDC
