0 -540.752 -0.00437275 4060.47 0.00688594 -3234.48 4.06231e-05 7369.29 0.167199 0 0 0 0 -574.649 -0.00478107 4292.68 0.00543263 -14.4901 -0.00288581 4367.57 0.000696576
1 -495.257 -0.00483821 4061.93 0.00773721 -63.6124 -0.00128287 4190.8 0.00101231 0 0 0 0 -602.068 -0.00513548 4263.17 0.00782022 -35.5795 -0.00204256 4362.17 -0.000151991
2 -425.662 -0.00464254 4069.08 0.0084056 -3204.11 3.78862e-05 7352.82 0.149821 0 0 0 0 -440.279 -0.0051665 4294.11 0.00562763 -6.87229 -0.00293759 4359.86 -0.000138541
3 0 0 0 0 0 0 0 0 0 0 0 0 0 0 0 0 0 0 0 0
4 0 0 0 0 0 0 0 0 0 0 0 0 0 0 0 0 0 0 0 0
5 -497.632 -0.00473984 4066.32 0.00562225 -165.123 2.7516e-05 4320.99 0.0182417 0 0 0 0 -560.054 -0.00424996 4251.35 0.00699153 -51.9538 -0.00267179 4352.47 0.000684375
6 -433.199 -0.00458531 4081.55 0.00726477 -57.1305 -0.00179851 4184.26 0.00122372 0 0 0 0 -435.821 -0.0050942 4300.15 0.00063065 -40.086 -0.003 4400.37 0.001
7 -570.944 -0.00512567 4070.19 0.00741423 -62.6059 -0.0013123 4190.04 0.000874852 0 0 0 0 -547.212 -0.00478381 4302.09 0.00418309 -14.5167 -0.00362272 4357.94 0.00088647
8 -476.106 -0.00485562 4087.48 0.0026171 -49.2994 -0.001535 4183.12 0.00657463 0 0 0 0 -472.492 -0.00579341 4313.46 0.0012258 -33.9031 -0.00485504 4370.17 0.000436355
9 -473.156 -0.00507486 4062.43 0.00874953 -3723.84 3.73367e-05 7865.16 0.171066 0 0 0 0 -638.946 -0.00543536 4317.15 0.0034475 0.262956 -0.00358823 4368.08 -0.000215887
10 -483.913 -0.0048478 4083.23 0.00654327 -3235.76 3.88496e-05 7387.7 0.157768 0 0 0 0 -440.563 -0.00510905 4311.99 0.00244888 -5.76722 -0.00381722 4355.99 0.00209866
11 0 0 0 0 0 0 0 0 0 0 0 0 0 0 0 0 0 0 0 0
12 -575.932 -0.00378596 4085.01 0.00701298 -70.6167 -0.00213586 4209.21 0.00289482 0 0 0 0 -1011.19 -0.00162744 3943.06 0.0316341 -484.095 -0.0765199 4573.13 -0.01427
13 0 0 0 0 0 0 0 0 0 0 0 0 0 0 0 0 0 0 0 0
14 -488.64 -0.00471483 4084.88 0.00462177 -3447.46 3.99598e-05 7600.64 0.174809 0 0 0 0 -519.525 -0.00537254 4298.34 0.00445351 -19.1019 -0.00380497 4355.11 0.000616059
15 0 0 0 0 0 0 0 0 0 0 0 0 0 0 0 0 0 0 0 0
16 -656.435 -0.00522092 4053.96 0.00820384 -77.7705 -0.00101297 4218.17 0.000443741 0 0 0 0 -645.234 -0.00380248 4219.25 0.00826393 -76.7501 -0.00267082 4354.92 0.0015762
17 -554.805 -0.00460675 4055.56 0.00824686 -3276.76 4.18229e-05 7425.93 0.173997 0 0 0 0 -776.631 -0.00529319 4294.52 0.00790039 -27.1734 -0.00316431 4390.4 -0.00140557
18 -566.539 -0.00419642 4082.38 0.00451435 -69.3359 -0.00133956 4213.43 0.00358154 0 0 0 0 -658.384 -0.00370579 4242.09 0.00157927 -59.1227 -0.00272417 4347.45 0.00589898
19 -476.904 -0.00456128 4070.67 0.00841522 -3677.98 3.8297e-05 7826.62 0.174665 0 0 0 0 -467.53 -0.00516734 4254.17 0.00539069 -21.698 -0.00319043 4330.92 0.000248778
20 -495.394 -0.00450119 4065.31 0.00761434 -67.2833 -0.00200688 4182.75 0.00170711 0 0 0 0 -528.499 -0.00399755 4264.27 0.010416 -78.3713 -0.00303899 4385.9 -0.000339973
21 -475.344 -0.00468145 4078.74 0.00803637 -3687.7 3.81208e-05 7838.48 0.174297 0 0 0 0 -460.451 -0.00462437 4306.17 0.00534758 -18.7724 -0.00360246 4368.89 0.00012148
22 -478.437 -0.00458221 4083.18 0.00527283 -61.2879 -0.00163661 4212.57 0.00313137 0 0 0 0 -646.331 -0.00355511 4214.92 0.00971865 -41.4535 -0.00133076 4350.1 -0.00135202
23 -509.359 -0.00514536 3939.69 0.00759455 -3893.67 3.68652e-05 7907.1 0.176828 0 0 0 0 -555.413 -0.00512844 4294.01 0.00531031 -23.9563 -0.00404197 4360.49 0.000215486
24 -493.049 -0.00452658 4067.86 0.0040501 -2966.61 4.14291e-05 7103.17 0.158042 0 0 0 0 -704.639 -0.00443157 4293.49 0.00537815 -24.3258 -0.00287367 4361.02 -0.00019838
25 -441.168 -0.00429243 4070.02 0.00553599 -57.1918 -0.00191073 4169.2 0.00352759 0 0 0 0 -536.871 -0.00446392 4270.78 0.0094204 -58.5077 -0.00273766 4372.55 -0.000225658
26 -527.4 -0.00501119 4066.78 0.00541239 -2793.91 4.41803e-05 6933.08 0.160409 0 0 0 0 -504.902 -0.00524857 4296.43 0.00485675 -17.4381 -0.0035748 4358.9 0.000557435
27 -557.595 -0.00437917 4041.87 0.00680395 -73.1961 -0.00216386 4178.25 0.00445667 0 0 0 0 -1121.27 -0.00399142 4237.58 0.00489277 -406.226 -0.0104499 4343.85 0.00363484
28 -482.694 -0.004801 4052.21 0.00837493 -3940.83 3.82963e-05 8065.99 0.186384 0 0 0 0 -494.283 -0.00541474 4310.73 0.00300847 -6.00814 -0.00424337 4357.01 0.000717141
29 0 0 0 0 0 0 0 0 0 0 0 0 0 0 0 0 0 0 0 0
30 -714.148 -0.00554572 4055.72 0.00699105 -72.0385 -0.00125914 4199.55 0.00245366 0 0 0 0 -732.779 -0.00441323 4208.64 0.00637771 -82.0016 -0.00285065 4337.44 0.00339796
31 0 0 0 0 0 0 0 0 0 0 0 0 0 0 0 0 0 0 0 0
