#run 8041
#spill off / Th peaks 511, 583, 911, 2614 

0 8.790436e+00 9.174929e-01 0.000000e+00 0.000000e+00 0.000000e+00
1 5.704195e+00 9.337004e-01 0.000000e+00 0.000000e+00 0.000000e+00
2 3.732262e+00 9.318108e-01 0.000000e+00 0.000000e+00 0.000000e+00
3 0.	       0.	    0.		 0.	      0.
4 0.	       0.	    0.		 0.	      0.
5 2.420236e+00 9.140228e-01 0.000000e+00 0.000000e+00 0.000000e+00
6 6.569010e+00 9.324394e-01 0.000000e+00 0.000000e+00 0.000000e+00
7 5.827496e+00 9.138737e-01 0.000000e+00 0.000000e+00 0.000000e+00
8 -2.102566e+00 9.154985e-01 0.000000e+00 0.000000e+00 0.000000e+00
9 1.145938e+01 9.176160e-01 0.000000e+00 0.000000e+00 0.000000e+00
10 0.	       0.	    0.		 0.	      0.
11 0.	       0.	    0.		 0.	      0.
12 2.345974e+00 9.827613e-01 0.000000e+00 0.000000e+00 0.000000e+00
13 0.	       0.	    0.		 0.	      0.
14 3.198940e+00 9.209238e-01 0.000000e+00 0.000000e+00 0.000000e+00
15 0.	       0.	    0.		 0.	      0.
16 0.	       0.	    0.		 0.	      0.
17 1.328440e+01 9.019298e-01 0.000000e+00 0.000000e+00 0.000000e+00
18 1.842684e+00 9.103100e-01 0.000000e+00 0.000000e+00 0.000000e+00
19 8.590703e-01 9.080484e-01 0.000000e+00 0.000000e+00 0.000000e+00
20 4.557472e+00 9.207709e-01 0.000000e+00 0.000000e+00 0.000000e+00
21 7.692674e+00 9.187003e-01 0.000000e+00 0.000000e+00 0.000000e+00
22 1.155963e+01 9.170312e-01 0.000000e+00 0.000000e+00 0.000000e+00
23 -4.206351e+00 9.245776e-01 0.000000e+00 0.000000e+00 0.000000e+00
24 -5.501885e+00 9.177086e-01 0.000000e+00 0.000000e+00 0.000000e+00
25 -4.271563e+00 9.180554e-01 0.000000e+00 0.000000e+00 0.000000e+00
26 1.017909e+00 9.360022e-01 0.000000e+00 0.000000e+00 0.000000e+00
27 -5.557891e+00 9.172268e-01 0.000000e+00 0.000000e+00 0.000000e+00
28 -6.908830e+00 9.175173e-01 0.000000e+00 0.000000e+00 0.000000e+00
29 0.	       0.	    0.		 0.	      0.
30 -4.218440e+00 9.134737e-01 0.000000e+00 0.000000e+00 0.000000e+00
31 0.	       0.	    0.		 0.	      0.


