#Ge Adc Parameter
#Seg p0		p1		p2		p3	p4
0 0.0	0.0	0.0	0.0	0.0
1 1.874482e+00 9.163021e-01 -1.200854e-06 0.000000e+00 0.000000e+00
2 2.033056e+00 9.193968e-01 -1.428478e-06 0.000000e+00 0.000000e+00
3 -2.943763e+00 9.273591e-01 -1.076475e-06 0.000000e+00 0.000000e+00
4 -6.997589e+00 9.230218e-01 -1.137819e-06 0.000000e+00 0.000000e+00
5 -1.311243e+00 9.246468e-01 -1.276175e-06 0.000000e+00 0.000000e+00
6 3.704342e-01 9.209625e-01 -1.093692e-06 0.000000e+00 0.000000e+00
7 -4.500345e-02 9.221026e-01 -1.201227e-06 0.000000e+00 0.000000e+00
8 -3.048573e+00 9.221218e-01 -1.392429e-06 0.000000e+00 0.000000e+00
9 6.121037e+00 9.218329e-01 -1.256633e-06 0.000000e+00 0.000000e+00
10 -6.365458e+00 9.222376e-01 -1.433415e-06 0.000000e+00 0.000000e+00
11 -1.299763e-01 9.241726e-01 -1.152173e-06 0.000000e+00 0.000000e+00
12 -5.759879e-01 9.227603e-01 -1.391131e-06 0.000000e+00 0.000000e+00
13 0.0	0.0	0.0	0.0	0.0
14 -1.474780e+00 9.264742e-01 -1.180701e-06 0.000000e+00 0.000000e+00
15 0.0	0.0	0.0	0.0	0.0
16 -1.4162	0.913111	-8.20298e-07	0.0	0.0
17 1.090818e+01 9.104433e-01 -1.065771e-06 0.000000e+00 0.000000e+00
18 -0.662271	0.913398	-1.37615e-06	0.0	0.0
19 -2.627	0.912541	-1.03481e-06	0.0	0.0
20 1.6874	0.914854	-1.49294e-06	0.0	0.0
21 3.68124	0.913719	-9.91543e-07	0.0	0.0
22 4.250180e+00 9.152836e-01 -1.177165e-06 0.000000e+00 0.000000e+00
23 -2.13163	0.915969	-1.05067e-06	0.0	0.0
24 -7.284419e+00 9.232153e-01 -1.286378e-06 0.000000e+00 0.000000e+00
25 -9.70576	0.922814	-1.47051e-06	0.0	0.0
26 -11.2116	0.919617	-1.11e-06	0.0	0.0
27 -8.40327	0.921897	-1.16069e-06	0.0	0.0
28 -8.42031	0.921228	-1.18944e-06	0.0	0.0
29 0.0	0.0	0.0	0.0	0.0
30 -5.149648e+00 9.209925e-01 -1.232077e-06 0.000000e+00 0.000000e+00
31 0.0	0.0	0.0	0.0	0.0