#run 8225
#spill off / Th peaks 511, 583, 911, 2614 
#
0 8.646930e+00 9.169281e-01 0.000000e+00 0.000000e+00 0.000000e+00
1 5.867860e+00 9.334411e-01 0.000000e+00 0.000000e+00 0.000000e+00
2 4.421867e+00 9.315124e-01 0.000000e+00 0.000000e+00 0.000000e+00
3 0.           0.           0.           0.           0.
4 0.           0.           0.           0.           0.
5 2.356438e+00 9.141984e-01 0.000000e+00 0.000000e+00 0.000000e+00
6 6.523155e+00 9.025654e-01 0.000000e+00 0.000000e+00 0.000000e+00
7 5.877521e+00 9.140297e-01 0.000000e+00 0.000000e+00 0.000000e+00
8 -2.247836e+00 9.150935e-01 0.000000e+00 0.000000e+00 0.000000e+00
9 1.157086e+01 9.172226e-01 0.000000e+00 0.000000e+00 0.000000e+00
10 -1.719210e+00 9.181735e-01 0.000000e+00 0.000000e+00 0.000000e+00
11 3.061074e+00 9.264905e-01 0.000000e+00 0.000000e+00 0.000000e+00
12 0.          0.           0.           0.           0.
13 0.          0.           0.           0.           0.
14 2.839065e+00 9.207185e-01 0.000000e+00 0.000000e+00 0.000000e+00
15 0.          0.           0.           0.           0.
16 -1.038171e+00 9.106121e-01 0.000000e+00 0.000000e+00 0.000000e+00
17 1.300736e+01 9.019605e-01 0.000000e+00 0.000000e+00 0.000000e+00
18 1.660337e+00 9.121119e-01 0.000000e+00 0.000000e+00 0.000000e+00
19 4.624963e-01 9.077708e-01 0.000000e+00 0.000000e+00 0.000000e+00
20 4.131184e+00 9.206844e-01 0.000000e+00 0.000000e+00 0.000000e+00
21 7.716596e+00 9.182434e-01 0.000000e+00 0.000000e+00 0.000000e+00
22 1.166805e+01 9.440391e-01 0.000000e+00 0.000000e+00 0.000000e+00
23 -4.458549e+00 9.246208e-01 0.000000e+00 0.000000e+00 0.000000e+00
24 -5.525353e+00 9.175017e-01 0.000000e+00 0.000000e+00 0.000000e+00
25 -4.344545e+00 9.174891e-01 0.000000e+00 0.000000e+00 0.000000e+00
26 1.035463e+00 9.358004e-01 0.000000e+00 0.000000e+00 0.000000e+00
27 -5.118904e+00 9.167985e-01 0.000000e+00 0.000000e+00 0.000000e+00
28 -7.060569e+00 9.172737e-01 0.000000e+00 0.000000e+00 0.000000e+00
29 0.          0.           0.           0.           0.
30 -4.043884e+00 9.136491e-01 0.000000e+00 0.000000e+00 0.000000e+00
31 0.          0.           0.           0.           0.
