#Ge Adc Parameters
0 1.175483e+01 9.165892e-01 0.000000e+00 0.000000e+00 0.000000e+00
1 8.173644e+00 9.332392e-01 0.000000e+00 0.000000e+00 0.000000e+00
2 5.849359e+00 9.315844e-01 0.000000e+00 0.000000e+00 0.000000e+00
3 0.		0.	     0.		  0.	       0.
4 0.		0.	     0.		  0.	       0.
5 4.838095e+00 9.137749e-01 0.000000e+00 0.000000e+00 0.000000e+00
6 5.882830e+00 9.342338e-01 0.000000e+00 0.000000e+00 0.000000e+00
7 -3.688535e+00 9.223635e-01 0.000000e+00 0.000000e+00 0.000000e+00
8 -1.485460e-01 9.155384e-01 0.000000e+00 0.000000e+00 0.000000e+00
9 1.343463e+01 9.172348e-01 0.000000e+00 0.000000e+00 0.000000e+00
10 -7.479412e-01 9.193035e-01 0.000000e+00 0.000000e+00 0.000000e+00
11 0.		0.	     0.		  0.	       0.
12 4.306392e+00 9.841167e-01 0.000000e+00 0.000000e+00 0.000000e+00
13 0.		0.	     0.		  0.	       0.
14 4.420559e+00 9.209955e-01 0.000000e+00 0.000000e+00 0.000000e+00
15 0.		0.	     0.		  0.	       0.
16 -7.690920e-02 9.112086e-01 0.000000e+00 0.000000e+00 0.000000e+00
17 1.452804e+01 9.023421e-01 0.000000e+00 0.000000e+00 0.000000e+00
18 3.716860e+00 9.102848e-01 0.000000e+00 0.000000e+00 0.000000e+00
19 -2.973221e+01 9.704277e-01 0.000000e+00 0.000000e+00 0.000000e+00
20 7.854855e+00 9.195793e-01 0.000000e+00 0.000000e+00 0.000000e+00
21 1.100589e+01 9.172514e-01 0.000000e+00 0.000000e+00 0.000000e+00
22 1.268351e+01 9.176175e-01 0.000000e+00 0.000000e+00 0.000000e+00
23 -2.714619e+00 9.244779e-01 0.000000e+00 0.000000e+00 0.000000e+00
24 -2.487200e+00 9.166954e-01 0.000000e+00 0.000000e+00 0.000000e+00
25 -2.966994e+00 9.184952e-01 0.000000e+00 0.000000e+00 0.000000e+00
26 2.787615e+00 9.357404e-01 0.000000e+00 0.000000e+00 0.000000e+00
27 -2.704038e+00 9.165722e-01 0.000000e+00 0.000000e+00 0.000000e+00
28 -4.686769e+00 9.168114e-01 0.000000e+00 0.000000e+00 0.000000e+00
29 0.		0.	     0.		  0.	       0.
30 -4.686769e+00 9.168114e-01 0.000000e+00 0.000000e+00 0.000000e+00
31 0.		0.	     0.		  0.	       0.