#run 8204
#spill off / Th peaks 511, 583, 911, 2614 
#
0 9.201675e+00 9.167715e-01 0.000000e+00 0.000000e+00 0.000000e+00
1 6.477602e+00 9.332444e-01 0.000000e+00 0.000000e+00 0.000000e+00
2 5.121162e+00 9.313555e-01 0.000000e+00 0.000000e+00 0.000000e+00
3 0.           0.           0.           0.           0.
4 0.           0.           0.           0.           0.
5 2.628408e+00 9.141871e-01 0.000000e+00 0.000000e+00 0.000000e+00
6 6.903372e+00 9.025722e-01 0.000000e+00 0.000000e+00 0.000000e+00
7 6.415732e+00 9.139020e-01 0.000000e+00 0.000000e+00 0.000000e+00
8 -1.698333e+00 9.146998e-01 0.000000e+00 0.000000e+00 0.000000e+00
9 1.177387e+01 9.174880e-01 0.000000e+00 0.000000e+00 0.000000e+00
10 -1.663952e+00 9.181074e-01 0.000000e+00 0.000000e+00 0.000000e+00
11 3.351604e+00 9.266597e-01 0.000000e+00 0.000000e+00 0.000000e+00
12 0.          0.           0.           0.           0.
13 0.          0.           0.           0.           0.
14 3.379233e+00 9.206330e-01 0.000000e+00 0.000000e+00 0.000000e+00
15 0.          0.           0.           0.           0.
16 -8.537901e-01 9.105763e-01 0.000000e+00 0.000000e+00 0.000000e+00
17 1.334357e+01 9.020808e-01 0.000000e+00 0.000000e+00 0.000000e+00
18 1.939935e+00 9.119206e-01 0.000000e+00 0.000000e+00 0.000000e+00
19 7.988429e-01 9.080689e-01 0.000000e+00 0.000000e+00 0.000000e+00
20 4.597546e+00 9.206832e-01 0.000000e+00 0.000000e+00 0.000000e+00
21 8.029217e+00 9.185309e-01 0.000000e+00 0.000000e+00 0.000000e+00
22 1.208681e+01 9.438405e-01 0.000000e+00 0.000000e+00 0.000000e+00
23 -4.192363e+00 9.247223e-01 0.000000e+00 0.000000e+00 0.000000e+00
24 -5.186205e+00 9.175622e-01 0.000000e+00 0.000000e+00 0.000000e+00
25 -4.351151e+00 9.177530e-01 0.000000e+00 0.000000e+00 0.000000e+00
26 1.478760e+00 9.358569e-01 0.000000e+00 0.000000e+00 0.000000e+00
27 -5.133750e+00 9.170281e-01 0.000000e+00 0.000000e+00 0.000000e+00
28 -6.584133e+00 9.171866e-01 0.000000e+00 0.000000e+00 0.000000e+00
29 0.          0.           0.           0.           0.
30 -4.107246e+00 9.136887e-01 0.000000e+00 0.000000e+00 0.000000e+00
31 0.          0.           0.           0.           0.