#run 8166
#spill off / Th peaks 511, 583, 911, 2614 
#
0 9.112247e+00 9.171854e-01 0. 0. 0.
1 5.986861e+00 9.335663e-01 0. 0. 0.
2 4.855065e+00 9.314374e-01 0. 0. 0.
3 0.	       0.	    0.		 0.	      0.
4 0.	       0.	    0.		 0.	      0.
5 2.960057e+00 9.141075e-01 0. 0. 0.
6 7.027983e+00 9.564980e-01 0. 0. 0.
7 6.154444e+00 9.142356e-01 0. 0. 0.
8 -1.965463e+00 9.151763e-01 0. 0. 0.
9 1.182190e+01 9.175846e-01 0. 0. 0.
10 0.	       0.	    0.		 0.	      0.
11 0.	       0.	    0.		 0.	      0.
12 0. 0. 0. 0. 0.
13 0.	       0.	    0.		 0.	      0.
14 3.518752e+00 9.208357e-01 0. 0. 0.
15 0.	       0.	    0.		 0.	      0.
16 0.	       0.	    0.		 0.	      0.
17 1.343161e+01 9.022021e-01 0. 0. 0.
18 1.987394e+00 9.119422e-01 0. 0. 0.
19 1.077588e+00 9.079613e-01 0. 0. 0.
20 4.666388e+00 9.207000e-01 0. 0. 0.
21 8.036936e+00 9.185867e-01 0. 0. 0.
22 1.241079e+01 9.440906e-01 0. 0. 0.
23 -4.154957e+00 9.247436e-01 0. 0. 0.
24 -4.953923e+00 9.175537e-01 0. 0. 0.
25 -4.105016e+00 9.177955e-01 0. 0. 0.
26 1.350612e+00 9.358952e-01 0. 0. 0.
27 -4.876392e+00 9.170849e-01 0. 0. 0.
28 -6.744843e+00 9.174173e-01 0. 0. 0.
29 0.	       0.	    0.		 0.	      0.
30 -4.092037e+00 9.139065e-01 0. 0. 0.
31 0.	       0.	    0.		 0.	      0.
