#run 3000
#Ge Adc Parameter
#Seg p0		p1		p2		p3	p4
0    0. 	0.		0.		0.		0.
1 4.939489e+00 9.022979e-01 0.000000e+00 0.000000e+00 0.000000e+00
2 4.281196e+00 9.068429e-01 0.000000e+00 0.000000e+00 0.000000e+00
3 -1.033972e+00 9.173339e-01 0.000000e+00 0.000000e+00 0.000000e+00
4 -3.679145e+00 9.138021e-01 0.000000e+00 0.000000e+00 0.000000e+00
5 2.087369e+00 9.113307e-01 0.000000e+00 0.000000e+00 0.000000e+00
6 4.038039e+00 9.117157e-01 0.000000e+00 0.000000e+00 0.000000e+00
7 2.981818e+00 9.106974e-01 0.000000e+00 0.000000e+00 0.000000e+00
8 -1.109693e+00 9.108854e-01 0.000000e+00 0.000000e+00 0.000000e+00
9 9.215145e+00 9.061802e-01 0.000000e+00 0.000000e+00 0.000000e+00
10 -3.652025e+00 9.144006e-01 0.000000e+00 0.000000e+00 0.000000e+00
11 1.735643e+00 9.112423e-01 0.000000e+00 0.000000e+00 0.000000e+00
12 2.110153e+00 9.134670e-01 0.000000e+00 0.000000e+00 0.000000e+00
13    0. 	0.		0.		0.		0.
14 7.827154e-01 9.104321e-01 0.000000e+00 0.000000e+00 0.000000e+00
15    0. 	0.		0.		0.		0.
16 6.627626e-01 9.089759e-01 0.000000e+00 0.000000e+00 0.000000e+00
17 1.323670e+01 8.987058e-01 0.000000e+00 0.000000e+00 0.000000e+00
18 2.192207e+00 9.092032e-01 0.000000e+00 0.000000e+00 0.000000e+00
19 -1.125004e+00 9.121900e-01 0.000000e+00 0.000000e+00 0.000000e+00
20 4.356443e+00 9.084770e-01 0.000000e+00 0.000000e+00 0.000000e+00
21 5.807807e+00 9.072006e-01 0.000000e+00 0.000000e+00 0.000000e+00
22 7.505756e+00 9.063955e-01 0.000000e+00 0.000000e+00 0.000000e+00
23 -3.840797e+00 9.135207e-01 0.000000e+00 0.000000e+00 0.000000e+00
24 -3.886692e+00 9.147962e-01 0.000000e+00 0.000000e+00 0.000000e+00
25 -5.484827e+00 9.178716e-01 0.000000e+00 0.000000e+00 0.000000e+00
26 -7.001295e+00 9.189942e-01 0.000000e+00 0.000000e+00 0.000000e+00
27 -6.483697e+00 9.177411e-01 0.000000e+00 0.000000e+00 0.000000e+00
28 -5.213899e+00 9.179106e-01 0.000000e+00 0.000000e+00 0.000000e+00
29    0. 	0.		0.		0.		0.
30 -2.775081e+00 9.171526e-01 0.000000e+00 0.000000e+00 0.000000e+00
31    0. 	0.		0.		0.		0.