#PWO TDC Parameter

#type	 unit	seg	p0	p1	p2	p3
#B type
0  0	0	0.	1.	1030.	1050.
0  0	1	0.	1.	1030.	1050.
0  0	2	0.	1.	1030.	1050.
0  0	3	0.	1.	1030.	1050.
0  0	4	0.	1.	1030.	1050.
0  0	5	0.	1.	1030.	1050.
0  0	6	0.	1.	1030.	1050.
0  0	7	0.	1.	1030.	1050.
0  0	8	0.	1.	1030.	1050.
0  0	9	0.	1.	1030.	1050.
0  0	10	0.	1.	1030.	1050.
0  0	11	0.	1.	1030.	1050.
0  0	12	0.	1.	1030.	1050.
0  0	13	0.	1.	1030.	1050.
0  0	14	0.	1.	1030.	1050.
0  0	15	0.	1.	1030.	1050.
0  0	16	0.	1.	1030.	1050.
0  0	17	0.	1.	1030.	1050.
0  0	18	0.	1.	1030.	1050.
0  0	19	0.	1.	1030.	1050.
0  0	20	0.	1.	1030.	1050.

0  1	0	0.	1.	1036.	1056.
0  1	1	0.	1.	1036.	1056.
0  1	2	0.	1.	1036.	1056.
0  1	3	0.	1.	1036.	1056.
0  1	4	0.	1.	1036.	1056.
0  1	5	0.	1.	1036.	1056.
0  1	6	0.	1.	1036.	1056.
0  1	7	0.	1.	1036.	1056.
0  1	8	0.	1.	1036.	1056.
0  1	9	0.	1.	1036.	1056.
0  1	10	0.	1.	1036.	1056.
0  1	11	0.	1.	1036.	1056.
0  1	12	0.	1.	1036.	1056.
0  1	13	0.	1.	1036.	1056.
0  1	14	0.	1.	1036.	1056.
0  1	15	0.	1.	1036.	1056.
0  1	16	0.	1.	1036.	1056.
0  1	17	0.	1.	1036.	1056.
0  1	18	0.	1.	1036.	1056.
0  1	19	0.	1.	1036.	1056.
0  1	20	0.	1.	1036.	1056.

#E type
1  0	0	0.	1.	1030.	1050.
1  0	1	0.	1.	1030.	1050.
1  0	2	0.	1.	1030.	1050.
1  0	3	0.	1.	1030.	1050.
1  0	4	0.	1.	1030.	1050.
1  0	5	0.	1.	1030.	1050.
1  0	6	0.	1.	1030.	1050.
1  0	7	0.	1.	1030.	1050.
1  0	8	0.	1.	1030.	1050.
1  0	9	0.	1.	1030.	1050.
1  0	10	0.	1.	1030.	1050.
1  0	11	0.	1.	1030.	1050.
1  0	12	0.	1.	1030.	1050.
1  0	13	0.	1.	1030.	1050.

1  1	0	0.	1.	1032.	1052.
1  1	1	0.	1.	1032.	1052.
1  1	2	0.	1.	1032.	1052.
1  1	3	0.	1.	1032.	1052.
1  1	4	0.	1.	1032.	1052.
1  1	5	0.	1.	1032.	1052.
1  1	6	0.	1.	1032.	1052.
1  1	7	0.	1.	1032.	1052.
1  1	8	0.	1.	1032.	1052.
1  1	9	0.	1.	1032.	1052.
1  1	10	0.	1.	1032.	1052.
1  1	11	0.	1.	1032.	1052.
1  1	12	0.	1.	1032.	1052.
1  1	13	0.	1.	1032.	1052.

1  2	0	0.	1.	1036.	1056.
1  2	1	0.	1.	1036.	1056.
1  2	2	0.	1.	1036.	1056.
1  2	3	0.	1.	1036.	1056.
1  2	4	0.	1.	1036.	1056.
1  2	5	0.	1.	1036.	1056.
1  2	6	0.	1.	1036.	1056.
1  2	7	0.	1.	1036.	1056.
1  2	8	0.	1.	1036.	1056.
1  2	9	0.	1.	1036.	1056.
1  2	10	0.	1.	1036.	1056.
1  2	11	0.	1.	1036.	1056.
1  2	12	0.	1.	1036.	1056.
1  2	13	0.	1.	1036.	1056.

1  3	0	0.	1.	1037.	1057.
1  3	1	0.	1.	1037.	1057.
1  3	2	0.	1.	1037.	1057.
1  3	3	0.	1.	1037.	1057.
1  3	4	0.	1.	1037.	1057.
1  3	5	0.	1.	1037.	1057.
1  3	6	0.	1.	1037.	1057.
1  3	7	0.	1.	1037.	1057.
1  3	8	0.	1.	1037.	1057.
1  3	9	0.	1.	1037.	1057.
1  3	10	0.	1.	1037.	1057.
1  3	11	0.	1.	1037.	1057.
1  3	12	0.	1.	1037.	1057.
1  3	13	0.	1.	1037.	1057.

1  4	0	0.	1.	1032.	1052.
1  4	1	0.	1.	1032.	1052.
1  4	2	0.	1.	1032.	1052.
1  4	3	0.	1.	1032.	1052.
1  4	4	0.	1.	1032.	1052.
1  4	5	0.	1.	1032.	1052.
1  4	6	0.	1.	1032.	1052.
1  4	7	0.	1.	1032.	1052.
1  4	8	0.	1.	1032.	1052.
1  4	9	0.	1.	1032.	1052.
1  4	10	0.	1.	1032.	1052.
1  4	11	0.	1.	1032.	1052.
1  4	12	0.	1.	1032.	1052.
1  4	13	0.	1.	1032.	1052.

1  5	0	0.	1.	1032.	1052.
1  5	1	0.	1.	1032.	1052.
1  5	2	0.	1.	1032.	1052.
1  5	3	0.	1.	1032.	1052.
1  5	4	0.	1.	1032.	1052.
1  5	5	0.	1.	1032.	1052.
1  5	6	0.	1.	1032.	1052.
1  5	7	0.	1.	1032.	1052.
1  5	8	0.	1.	1032.	1052.
1  5	9	0.	1.	1032.	1052.
1  5	10	0.	1.	1032.	1052.
1  5	11	0.	1.	1032.	1052.
1  5	12	0.	1.	1032.	1052.
1  5	13	0.	1.	1032.	1052.

1  6	0	0.	1.	1038.	1058.
1  6	1	0.	1.	1038.	1058.
1  6	2	0.	1.	1038.	1058.
1  6	3	0.	1.	1038.	1058.
1  6	4	0.	1.	1038.	1058.
1  6	5	0.	1.	1038.	1058.
1  6	6	0.	1.	1038.	1058.
1  6	7	0.	1.	1038.	1058.
1  6	8	0.	1.	1038.	1058.
1  6	9	0.	1.	1038.	1058.
1  6	10	0.	1.	1038.	1058.
1  6	11	0.	1.	1038.	1058.
1  6	12	0.	1.	1038.	1058.
1  6	13	0.	1.	1038.	1058.

1  7	0	0.	1.	1038.	1058.
1  7	1	0.	1.	1038.	1058.
1  7	2	0.	1.	1038.	1058.
1  7	3	0.	1.	1038.	1058.
1  7	4	0.	1.	1038.	1058.
1  7	5	0.	1.	1038.	1058.
1  7	6	0.	1.	1038.	1058.
1  7	7	0.	1.	1038.	1058.
1  7	8	0.	1.	1038.	1058.
1  7	9	0.	1.	1038.	1058.
1  7	10	0.	1.	1038.	1058.
1  7	11	0.	1.	1038.	1058.
1  7	12	0.	1.	1038.	1058.
1  7	13	0.	1.	1038.	1058.

#C type
2  0	0	0.	1.	1032.	1052.
2  0	1	0.	1.	1032.	1052.
2  0	2	0.	1.	1032.	1052.
2  0	3	0.	1.	1032.	1052.
2  0	4	0.	1.	1032.	1052.
2  0	5	0.	1.	1032.	1052.
2  0	6	0.	1.	1032.	1052.
2  0	7	0.	1.	1032.	1052.
2  0	8	0.	1.	1032.	1052.

2  1	0	0.	1.	1030.	1050.
2  1	1	0.	1.	1030.	1050.
2  1	2	0.	1.	1030.	1050.
2  1	3	0.	1.	1030.	1050.
2  1	4	0.	1.	1030.	1050.
2  1	5	0.	1.	1030.	1050.
2  1	6	0.	1.	1030.	1050.
2  1	7	0.	1.	1030.	1050.
2  1	8	0.	1.	1030.	1050.

2  2	0	0.	1.	1038.	1058.
2  2	1	0.	1.	1038.	1058.
2  2	2	0.	1.	1038.	1058.
2  2	3	0.	1.	1038.	1058.
2  2	4	0.	1.	1038.	1058.
2  2	5	0.	1.	1038.	1058.
2  2	6	0.	1.	1038.	1058.
2  2	7	0.	1.	1038.	1058.
2  2	8	0.	1.	1038.	1058.

2  3	0	0.	1.	1037.	1057.
2  3	1	0.	1.	1037.	1057.
2  3	2	0.	1.	1037.	1057.
2  3	3	0.	1.	1037.	1057.
2  3	4	0.	1.	1037.	1057.
2  3	5	0.	1.	1037.	1057.
2  3	6	0.	1.	1037.	1057.
2  3	7	0.	1.	1037.	1057.
2  3	8	0.	1.	1037.	1057.

#L type
3  0	0	0.	1.	1030.	1050.
3  0	1	0.	1.	1030.	1050.
3  0	2	0.	1.	1030.	1050.
3  0	3	0.	1.	1030.	1050.
3  0	4	0.	1.	1030.	1050.
3  0	5	0.	1.	1030.	1050.

3  1	0	0.	1.	1036.	1056..
3  1	1	0.	1.	1036.	1056..
3  1	2	0.	1.	1036.	1056..
3  1	3	0.	1.	1036.	1056..
3  1	4	0.	1.	1036.	1056..
3  1	5	0.	1.	1036.	1056..

3  2	0	0.	1.	0.	0.
3  2	1	0.	1.	0.	0.
3  2	2	0.	1.	0.	0.
3  2	3	0.	1.	0.	0.
3  2	4	0.	1.	0.	0.
3  2	5	0.	1.	0.	0.

3  3	0	0.	1.	0.	0.
3  3	1	0.	1.	0.	0.
3  3	2	0.	1.	0.	0.
3  3	3	0.	1.	0.	0.
3  3	4	0.	1.	0.	0.
3  3	5	0.	1.	0.	0.

3  4	0	0.	1.	1032.	1052.
3  4	1	0.	1.	1032.	1052.
3  4	2	0.	1.	1032.	1052.
3  4	3	0.	1.	1032.	1052.
3  4	4	0.	1.	1032.	1052.
3  4	5	0.	1.	1032.	1052.

3  5	0	0.	1.	1036.	1056..
3  5	1	0.	1.	1036.	1056..
3  5	2	0.	1.	1036.	1056..
3  5	3	0.	1.	1036.	1056..
3  5	4	0.	1.	1036.	1056..
3  5	5	0.	1.	1036.	1056..

3  6	0	0.	1.	0.	0.
3  6	1	0.	1.	0.	0.
3  6	2	0.	1.	0.	0.
3  6	3	0.	1.	0.	0.
3  6	4	0.	1.	0.	0.
3  6	5	0.	1.	0.	0.

3  7	0	0.	1.	0.	0.
3  7	1	0.	1.	0.	0.
3  7	2	0.	1.	0.	0.
3  7	3	0.	1.	0.	0.
3  7	4	0.	1.	0.	0.
3  7	5	0.	1.	0.	0.
