-1.5 3.64006e-05
-1.499 -1.8099e-05
-1.498 -0.000101083
-1.497 -3.84294e-05
-1.496 -1.27731e-05
-1.495 -3.34253e-05
-1.494 -6.40047e-05
-1.493 -1.27595e-05
-1.492 8.33579e-05
-1.491 5.79892e-05
-1.49 2.97987e-05
-1.489 -2.31505e-05
-1.488 -0.000117217
-1.487 -5.95268e-05
-1.486 -1.78043e-05
-1.485 -2.44446e-05
-1.484 -1.38552e-05
-1.483 4.5753e-06
-1.482 2.62497e-05
-1.481 2.59194e-05
-1.48 5.03012e-05
-1.479 2.12643e-05
-1.478 -8.81852e-05
-1.477 -5.77846e-05
-1.476 -2.37675e-05
-1.475 -5.46877e-05
-1.474 -3.79534e-05
-1.473 1.22371e-06
-1.472 5.14186e-06
-1.471 -2.55532e-05
-1.47 6.52359e-06
-1.469 2.34832e-06
-1.468 -7.51521e-05
-1.467 -9.20596e-05
-1.466 -2.79558e-05
-1.465 -5.43048e-05
-1.464 -7.49487e-05
-1.463 -7.86031e-06
-1.462 1.46629e-05
-1.461 2.0102e-05
-1.46 -6.70744e-08
-1.459 -1.79131e-05
-1.458 -2.74334e-05
-1.457 -3.05788e-05
-1.456 -1.62328e-05
-1.455 -6.64358e-05
-1.454 -9.42151e-05
-1.453 -8.52487e-06
-1.452 3.25914e-05
-1.451 -1.74092e-05
-1.45 -4.36898e-05
-1.449 -4.16042e-05
-1.448 -5.2446e-05
-1.447 -2.5286e-05
-1.446 9.49262e-06
-1.445 -0.000101605
-1.444 -0.00011494
-1.443 -2.61586e-06
-1.442 -5.70295e-06
-1.441 -4.00347e-06
-1.44 -1.95775e-05
-1.439 -2.29218e-05
-1.438 1.6473e-05
-1.437 -3.86649e-05
-1.436 -3.15669e-05
-1.435 -8.44901e-05
-1.434 -7.40698e-05
-1.433 3.99225e-05
-1.432 1.99773e-05
-1.431 -2.18888e-05
-1.43 -4.19211e-05
-1.429 -2.28815e-05
-1.428 1.5505e-05
-1.427 -3.57301e-05
-1.426 -4.48816e-05
-1.425 -6.2651e-05
-1.424 -4.70906e-05
-1.423 3.46996e-05
-1.422 -2.2729e-06
-1.421 -2.09237e-05
-1.42 -2.24546e-05
-1.419 -6.75755e-05
-1.418 -3.33807e-05
-1.417 -5.31393e-05
-1.416 -8.29257e-05
-1.415 -5.23223e-05
-1.414 -1.9858e-05
-1.413 -2.33572e-06
-1.412 -1.43153e-06
-1.411 -1.92114e-05
-1.41 -7.35152e-05
-1.409 -0.000106598
-1.408 -3.7997e-05
-1.407 -4.42161e-05
-1.406 -8.92775e-05
-1.405 -3.72532e-05
-1.404 -1.15211e-05
-1.403 -4.34171e-05
-1.402 -2.21316e-05
-1.401 -1.79584e-05
-1.4 -5.01882e-05
-1.399 -4.82458e-05
-1.398 -5.85353e-05
-1.397 -6.84739e-05
-1.396 -9.6576e-05
-1.395 -5.05311e-05
-1.394 -3.06259e-05
-1.393 -7.40124e-05
-1.392 -4.98784e-05
-1.391 -4.13226e-05
-1.39 -3.87211e-05
-1.389 -3.63065e-05
-1.388 -4.05881e-05
-1.387 -9.13071e-05
-1.386 -9.03627e-05
-1.385 1.04562e-05
-1.384 5.32606e-05
-1.383 1.22512e-05
-1.382 -3.57574e-05
-1.381 -7.43164e-05
-1.38 -2.85505e-05
-1.379 1.5674e-05
-1.378 -3.92113e-05
-1.377 -0.000111166
-1.376 -8.26822e-05
-1.375 9.12846e-06
-1.374 2.3086e-06
-1.373 -1.54361e-05
-1.372 1.27564e-05
-1.371 -3.9513e-06
-1.37 -1.1811e-05
-1.369 -1.33327e-05
-1.368 -3.60143e-05
-1.367 -9.15556e-05
-1.366 -7.94855e-05
-1.365 8.46432e-06
-1.364 -1.19216e-05
-1.363 -4.46534e-05
-1.362 -2.86364e-05
-1.361 1.23243e-05
-1.36 2.91919e-05
-1.359 -5.79243e-06
-1.358 -3.05341e-05
-1.357 -7.83668e-05
-1.356 -0.000104878
-1.355 -5.55306e-05
-1.354 -7.10772e-05
-1.353 -4.78844e-05
-1.352 -1.24918e-05
-1.351 1.09549e-05
-1.35 5.98031e-05
-1.349 1.82925e-05
-1.348 -1.39401e-05
-1.347 -9.85805e-05
-1.346 -0.000135108
-1.345 -3.79461e-05
-1.344 -5.94759e-05
-1.343 -3.47877e-05
-1.342 1.77955e-05
-1.341 3.21198e-05
-1.34 2.71549e-05
-1.339 -9.48255e-05
-1.338 -5.63779e-05
-1.337 -6.39082e-05
-1.336 -0.000127265
-1.335 -5.24316e-05
-1.334 -7.1956e-05
-1.333 -3.87679e-05
-1.332 2.25651e-05
-1.331 4.8239e-05
-1.33 4.29217e-05
-1.329 -5.93868e-05
-1.328 1.14488e-05
-1.327 -1.85594e-05
-1.326 -8.19931e-05
-1.325 2.2798e-05
-1.324 -5.10873e-05
-1.323 -7.46614e-05
-1.322 -2.3315e-05
-1.321 1.09893e-05
-1.32 3.36796e-05
-1.319 -6.2604e-05
-1.318 -4.13925e-06
-1.317 -3.31344e-05
-1.316 -9.123e-05
-1.315 1.14549e-05
-1.314 -3.68136e-05
-1.313 -2.72853e-05
-1.312 2.40732e-06
-1.311 1.10535e-05
-1.31 2.7996e-05
-1.309 -4.6171e-05
-1.308 -7.34381e-06
-1.307 -1.42895e-05
-1.306 -5.40924e-05
-1.305 2.07663e-05
-1.304 -2.25614e-05
-1.303 -4.12502e-05
-1.302 -8.05398e-06
-1.301 1.60981e-05
-1.3 6.23794e-05
-1.299 -1.37029e-05
-1.298 2.62974e-05
-1.297 3.55041e-05
-1.296 -7.13072e-05
-1.295 -2.32918e-06
-1.294 -1.2426e-05
-1.293 -1.77088e-05
-1.292 2.75167e-05
-1.291 3.61398e-05
-1.29 4.90419e-05
-1.289 -3.71684e-05
-1.288 2.19895e-05
-1.287 5.01575e-05
-1.286 -5.02898e-05
-1.285 -2.0924e-06
-1.284 -3.6562e-05
-1.283 -1.94027e-05
-1.282 6.26172e-05
-1.281 3.64145e-05
-1.28 5.85757e-05
-1.279 -4.53988e-06
-1.278 -1.15124e-06
-1.277 3.70665e-05
-1.276 -5.94103e-05
-1.275 -7.99057e-06
-1.274 8.61392e-06
-1.273 8.78436e-06
-1.272 6.98406e-05
-1.271 5.43696e-05
-1.27 9.24528e-05
-1.269 1.33327e-05
-1.268 -3.91653e-05
-1.267 2.16715e-06
-1.266 -7.02073e-05
-1.265 -4.6667e-05
-1.264 -5.12299e-05
-1.263 -3.51087e-05
-1.262 3.99371e-06
-1.261 3.36468e-06
-1.26 4.75852e-05
-1.259 -4.57723e-06
-1.258 -7.88962e-06
-1.257 3.1114e-05
-1.256 -5.90115e-05
-1.255 -1.15887e-05
-1.254 -1.62108e-05
-1.253 -4.61724e-05
-1.252 2.0697e-05
-1.251 7.81063e-06
-1.25 3.78268e-05
-1.249 -2.07968e-05
-1.248 -3.13515e-05
-1.247 1.84499e-05
-1.246 -5.65522e-05
-1.245 1.46047e-06
-1.244 -2.18314e-05
-1.243 -5.80024e-05
-1.242 -1.11967e-06
-1.241 -2.10661e-06
-1.24 4.94343e-05
-1.239 2.53601e-05
-1.238 -2.33597e-05
-1.237 -3.23328e-05
-1.236 -6.35737e-05
-1.235 -1.82782e-05
-1.234 -4.17346e-05
-1.233 -4.36711e-05
-1.232 -2.14734e-05
-1.231 -6.47449e-06
-1.23 3.95737e-05
-1.229 -5.84823e-05
-1.228 -7.62099e-05
-1.227 -3.45476e-05
-1.226 -6.4436e-05
-1.225 -3.47332e-05
-1.224 -5.65282e-05
-1.223 -6.50465e-05
-1.222 -1.33424e-05
-1.221 8.36373e-06
-1.22 4.00665e-05
-1.219 -4.47703e-05
-1.218 -6.2279e-05
-1.217 1.07665e-05
-1.216 -3.11406e-05
-1.215 -8.89575e-06
-1.214 -5.00739e-05
-1.213 -8.92189e-05
-1.212 1.63867e-05
-1.211 6.64992e-05
-1.21 8.88178e-05
-1.209 -1.55838e-05
-1.208 -6.08905e-05
-1.207 -6.68046e-06
-1.206 -2.67701e-05
-1.205 -5.37189e-06
-1.204 -7.49117e-05
-1.203 -0.000108921
-1.202 8.44187e-06
-1.201 3.87232e-05
-1.2 4.50754e-05
-1.199 -1.39837e-05
-1.198 -3.43576e-05
-1.197 9.43867e-06
-1.196 -9.22407e-06
-1.195 4.31914e-05
-1.194 -4.19218e-05
-1.193 -0.000129482
-1.192 -2.10608e-05
-1.191 4.56064e-05
-1.19 4.23399e-05
-1.189 3.62771e-06
-1.188 -1.05389e-05
-1.187 -7.72845e-06
-1.186 -2.1401e-05
-1.185 -1.86624e-06
-1.184 -6.35288e-05
-1.183 -0.000142793
-1.182 -5.24835e-05
-1.181 1.15219e-05
-1.18 1.00247e-05
-1.179 -3.98799e-06
-1.178 -3.3526e-05
-1.177 -2.63079e-05
-1.176 -4.76559e-05
-1.175 -4.29491e-05
-1.174 -7.28379e-05
-1.173 -0.000111922
-1.172 -1.84253e-05
-1.171 1.63069e-05
-1.17 -1.99802e-05
-1.169 -2.36092e-05
-1.168 -4.50625e-05
-1.167 -4.05286e-05
-1.166 -5.26535e-05
-1.165 -5.19719e-05
-1.164 -3.4077e-05
-1.163 -5.16788e-05
-1.162 -8.39016e-06
-1.161 4.50213e-05
-1.16 1.31979e-05
-1.159 -3.86743e-05
-1.158 -6.04061e-05
-1.157 -7.9629e-05
-1.156 -9.95167e-05
-1.155 -6.34969e-05
-1.154 -6.26877e-05
-1.153 -0.000128504
-1.152 -5.3059e-05
-1.151 2.48504e-05
-1.15 1.78168e-05
-1.149 -2.43502e-05
-1.148 -5.76666e-05
-1.147 -6.13874e-05
-1.146 -6.90852e-05
-1.145 -7.55982e-05
-1.144 -0.000105467
-1.143 -0.000140637
-1.142 -4.48565e-05
-1.141 4.2178e-05
-1.14 4.39747e-05
-1.139 5.04696e-06
-1.138 -2.87706e-05
-1.137 -3.09093e-05
-1.136 -7.51189e-05
-1.135 -4.9162e-05
-1.134 -7.86895e-05
-1.133 -0.000155089
-1.132 -5.48113e-05
-1.131 2.61143e-05
-1.13 3.15293e-05
-1.129 2.23655e-05
-1.128 5.67597e-06
-1.127 -5.93948e-05
-1.126 -9.22289e-05
-1.125 -2.97877e-05
-1.124 -8.97619e-05
-1.123 -0.000152037
-1.122 -4.98263e-05
-1.121 4.31767e-05
-1.12 6.64029e-05
-1.119 4.32373e-06
-1.118 -4.0635e-05
-1.117 -7.90959e-05
-1.116 -7.96009e-05
-1.115 -1.16484e-06
-1.114 -6.10048e-05
-1.113 -0.000127269
-1.112 -3.25914e-05
-1.111 6.19187e-05
-1.11 5.95813e-05
-1.109 -3.10307e-05
-1.108 -4.96591e-05
-1.107 -0.000101749
-1.106 -0.000101428
-1.105 1.91224e-05
-1.104 -2.75006e-05
-1.103 -9.53937e-05
-1.102 -2.07585e-05
-1.101 8.06882e-05
-1.1 8.07237e-05
-1.099 -7.34499e-05
-1.098 -9.7563e-05
-1.097 -7.86485e-05
-1.096 -6.90282e-05
-1.095 2.05006e-05
-1.094 -4.36616e-05
-1.093 -4.92615e-05
-1.092 5.12216e-05
-1.091 7.50002e-05
-1.09 1.57788e-05
-1.089 -0.000100602
-1.088 -8.41788e-05
-1.087 -0.000103442
-1.086 -0.000178198
-1.085 -7.54814e-05
-1.084 -4.71063e-05
-1.083 -4.78868e-05
-1.082 6.75254e-05
-1.081 8.22008e-05
-1.08 2.9554e-05
-1.079 -5.07748e-05
-1.078 -0.000100446
-1.077 -0.000169938
-1.076 -0.000186265
-1.075 -7.5314e-05
-1.074 -5.33819e-05
-1.073 -2.98238e-05
-1.072 4.75704e-05
-1.071 7.56492e-05
-1.07 -9.11102e-06
-1.069 -0.000134184
-1.068 -0.000129169
-1.067 -0.000175001
-1.066 -0.000194072
-1.065 -3.78675e-05
-1.064 -1.55179e-05
-1.063 -2.81306e-05
-1.062 -1.15813e-05
-1.061 3.10419e-06
-1.06 -1.87662e-05
-1.059 -8.88571e-05
-1.058 -8.3139e-05
-1.057 -0.000137904
-1.056 -0.000165321
-1.055 -6.79805e-05
-1.054 -5.13804e-05
-1.053 -5.59738e-06
-1.052 1.81071e-05
-1.051 1.57393e-05
-1.05 -4.48502e-06
-1.049 -5.88207e-05
-1.048 -7.64667e-05
-1.047 -0.000152241
-1.046 -0.00017294
-1.045 -7.99964e-05
-1.044 -3.23641e-05
-1.043 2.11131e-05
-1.042 2.65017e-05
-1.041 -6.50172e-06
-1.04 3.06187e-08
-1.039 -5.69706e-05
-1.038 -0.000116801
-1.037 -0.000136695
-1.036 -8.87508e-05
-1.035 -4.17444e-05
-1.034 -3.08711e-05
-1.033 9.16783e-07
-1.032 5.45296e-06
-1.031 1.95555e-05
-1.03 -2.40729e-05
-1.029 -0.000110758
-1.028 -0.000128302
-1.027 -7.08788e-05
-1.026 -7.52329e-05
-1.025 -9.81115e-05
-1.024 -9.43314e-05
-1.023 -6.49561e-05
-1.022 2.8472e-05
-1.021 4.46616e-05
-1.02 -7.55202e-09
-1.019 -1.92627e-05
-1.018 -4.35719e-05
-1.017 -5.57303e-05
-1.016 -7.44146e-05
-1.015 -6.49902e-05
-1.014 -5.58707e-05
-1.013 -5.04322e-05
-1.012 -4.61414e-06
-1.011 -2.32908e-06
-1.01 5.95177e-06
-1.009 2.97671e-05
-1.008 -1.56978e-05
-1.007 -4.67774e-05
-1.006 -2.67344e-05
-1.005 -2.14974e-05
-1.004 -5.63941e-05
-1.003 -6.92518e-05
-1.002 -5.53243e-06
-1.001 2.15661e-05
-1 -1.04813e-05
-0.999 -1.97314e-05
-0.998 -6.50395e-05
-0.997 -6.74725e-05
-0.996 -2.5527e-05
-0.995 -6.66709e-05
-0.994 -0.000119144
-0.993 -0.00010463
-0.992 -4.53247e-07
-0.991 8.98331e-05
-0.99 1.17725e-05
-0.989 -4.10523e-05
-0.988 -4.73954e-05
-0.987 -7.50504e-05
-0.986 -5.77255e-05
-0.985 -5.78732e-05
-0.984 -9.58899e-05
-0.983 -9.00024e-05
-0.982 4.33994e-05
-0.981 0.00013574
-0.98 3.1217e-05
-0.979 -5.61522e-05
-0.978 -9.56266e-05
-0.977 -0.00012834
-0.976 -7.0193e-05
-0.975 -6.56243e-05
-0.974 -9.83352e-05
-0.973 -0.00010869
-0.972 1.13437e-06
-0.971 0.000113264
-0.97 4.49071e-05
-0.969 -1.82646e-05
-0.968 -7.36278e-05
-0.967 -7.56837e-05
-0.966 -1.06752e-05
-0.965 -3.57989e-05
-0.964 -5.53008e-05
-0.963 -6.55237e-05
-0.962 -2.68217e-05
-0.961 7.60616e-05
-0.96 4.8837e-05
-0.959 -3.19676e-05
-0.958 -4.59267e-05
-0.957 -5.50104e-05
-0.956 -3.80413e-05
-0.955 -6.73044e-05
-0.954 -5.99832e-05
-0.953 -5.41834e-05
-0.952 -4.68207e-05
-0.951 7.03098e-05
-0.95 6.56382e-05
-0.949 -6.04414e-05
-0.948 -6.08455e-05
-0.947 -4.64437e-05
-0.946 -5.33887e-05
-0.945 -6.28638e-05
-0.944 -2.57466e-05
-0.943 -6.42926e-05
-0.942 -8.0713e-05
-0.941 6.71216e-05
-0.94 4.23101e-05
-0.939 -5.28061e-05
-0.938 -5.15838e-05
-0.937 -4.14041e-05
-0.936 -1.14505e-05
-0.935 -2.29599e-05
-0.934 -3.45645e-05
-0.933 -0.000101692
-0.932 -8.1489e-05
-0.931 6.92181e-05
-0.93 7.40911e-05
-0.929 -2.52865e-05
-0.928 -6.15335e-05
-0.927 -6.01903e-05
-0.926 -7.38743e-06
-0.925 2.74156e-05
-0.924 1.65636e-05
-0.923 -3.93475e-05
-0.922 -6.77245e-05
-0.921 8.07102e-05
-0.92 8.39139e-05
-0.919 -6.53833e-05
-0.918 -8.9842e-05
-0.917 -6.65254e-05
-0.916 -3.16277e-05
-0.915 -4.41869e-05
-0.914 1.13028e-05
-0.913 -9.51895e-06
-0.912 -4.78273e-05
-0.911 8.0374e-05
-0.91 5.69502e-05
-0.909 -6.31198e-05
-0.908 -4.5554e-05
-0.907 -1.92754e-05
-0.906 -2.72928e-05
-0.905 -3.71341e-05
-0.904 -5.87134e-06
-0.903 -5.06524e-05
-0.902 -2.8567e-05
-0.901 0.000133755
-0.9 6.09866e-05
-0.899 -8.682e-05
-0.898 -7.89903e-05
-0.897 -3.898e-05
-0.896 -2.27638e-06
-0.895 -4.59499e-06
-0.894 -2.39687e-05
-0.893 -3.93264e-05
-0.892 -1.44351e-05
-0.891 7.65226e-05
-0.89 -1.14636e-06
-0.889 -8.79963e-05
-0.888 -3.88504e-05
-0.887 -1.76668e-05
-0.886 2.86839e-06
-0.885 -3.77411e-05
-0.884 -8.29452e-05
-0.883 -9.14921e-05
-0.882 -4.44741e-05
-0.881 3.54215e-05
-0.88 -1.30193e-05
-0.879 -6.47277e-05
-0.878 -5.04922e-05
-0.877 -4.59956e-06
-0.876 5.75583e-05
-0.875 4.78122e-06
-0.874 -8.34966e-05
-0.873 -9.29216e-05
-0.872 6.72428e-06
-0.871 3.99887e-05
-0.87 -6.59753e-05
-0.869 -8.11543e-05
-0.868 -4.65429e-05
-0.867 -8.71112e-06
-0.866 -9.92381e-06
-0.865 -6.8052e-05
-0.864 -5.72128e-05
-0.863 -2.63041e-05
-0.862 4.16256e-05
-0.861 1.16379e-05
-0.86 -7.74701e-05
-0.859 -9.93116e-05
-0.858 -0.000102007
-0.857 -2.88796e-05
-0.856 7.76045e-06
-0.855 -5.89796e-05
-0.854 -5.00153e-05
-0.853 8.12568e-06
-0.852 2.5253e-05
-0.851 2.25854e-06
-0.85 -4.07455e-05
-0.849 -9.46481e-05
-0.848 -0.000106433
-0.847 2.37442e-05
-0.846 2.99499e-05
-0.845 -9.02402e-05
-0.844 -8.26799e-05
-0.843 -4.78216e-05
-0.842 -2.05846e-05
-0.841 -3.34957e-05
-0.84 -4.60551e-05
-0.839 -6.50868e-05
-0.838 -8.81693e-05
-0.837 8.93233e-06
-0.836 9.10471e-06
-0.835 -6.11011e-05
-0.834 -4.82849e-05
-0.833 -5.71342e-05
-0.832 -4.63789e-05
-0.831 -3.63206e-05
-0.83 -3.12517e-05
-0.829 -4.35219e-05
-0.828 -5.48074e-05
-0.827 8.56714e-06
-0.826 -1.26945e-05
-0.825 -6.84479e-05
-0.824 -5.98979e-05
-0.823 -6.40317e-05
-0.822 -4.8202e-06
-0.821 -2.28161e-05
-0.82 -4.42579e-05
-0.819 -2.7376e-05
-0.818 -4.54674e-05
-0.817 4.56841e-05
-0.816 1.43256e-05
-0.815 -4.65721e-05
-0.814 -5.88737e-05
-0.813 -8.78958e-05
-0.812 -2.37087e-05
-0.811 -4.3068e-05
-0.81 -7.2106e-05
-0.809 -4.59778e-05
-0.808 -6.26133e-05
-0.807 3.86673e-05
-0.806 4.51966e-05
-0.805 -3.38586e-05
-0.804 -3.39609e-05
-0.803 -5.91744e-05
-0.802 -2.35441e-05
-0.801 -3.00016e-05
-0.8 -8.64116e-05
-0.799 -5.98197e-05
-0.798 -5.00877e-05
-0.797 3.17892e-05
-0.796 5.77214e-05
-0.795 -3.94854e-05
-0.794 -8.32973e-05
-0.793 -8.3504e-05
-0.792 -3.0022e-05
-0.791 -1.07964e-05
-0.79 -5.40394e-05
-0.789 -7.5095e-05
-0.788 -0.000111098
-0.787 4.70329e-06
-0.786 8.28139e-05
-0.785 -3.01475e-05
-0.784 -5.89533e-05
-0.783 -3.60294e-05
-0.782 7.43226e-06
-0.781 2.73339e-05
-0.78 -1.43873e-05
-0.779 -5.11401e-05
-0.778 -9.85768e-05
-0.777 -2.31402e-05
-0.776 2.51342e-05
-0.775 -6.78885e-05
-0.774 -5.19031e-05
-0.773 -1.83491e-05
-0.772 2.41816e-05
-0.771 7.82284e-05
-0.77 5.32154e-06
-0.769 -8.77018e-05
-0.768 -0.000119663
-0.767 -2.17969e-05
-0.766 5.47786e-05
-0.765 -2.28226e-05
-0.764 -4.82845e-05
-0.763 -1.21092e-05
-0.762 2.11767e-06
-0.761 -2.18898e-05
-0.76 -4.68308e-05
-0.759 -6.90191e-05
-0.758 -9.61559e-05
-0.757 -6.72978e-06
-0.756 1.70932e-05
-0.755 -8.45438e-05
-0.754 -5.35101e-05
-0.753 3.27628e-06
-0.752 -2.24469e-05
-0.751 -3.63206e-05
-0.75 -6.60978e-05
-0.749 -0.000123835
-0.748 -0.000166501
-0.747 -7.24291e-05
-0.746 1.49797e-05
-0.745 -5.5281e-05
-0.744 -4.30784e-05
-0.743 1.23564e-05
-0.742 8.06641e-06
-0.741 -2.88937e-05
-0.74 -4.28974e-05
-0.739 -3.57031e-05
-0.738 -0.000104738
-0.737 -0.000128383
-0.736 -7.0744e-05
-0.735 -5.28267e-05
-0.734 7.75227e-07
-0.733 4.92781e-05
-0.732 -1.03376e-05
-0.731 -6.06395e-05
-0.73 -6.38967e-05
-0.729 -3.30966e-05
-0.728 -4.06178e-05
-0.727 -7.2384e-05
-0.726 -5.83363e-05
-0.725 -5.24174e-05
-0.724 -1.94126e-05
-0.723 -1.77088e-05
-0.722 -3.62627e-05
-0.721 -1.3206e-05
-0.72 1.1349e-05
-0.719 6.13781e-06
-0.718 -3.7128e-05
-0.717 -6.40946e-05
-0.716 -5.17774e-05
-0.715 -7.2215e-05
-0.714 -3.0741e-05
-0.713 6.87382e-06
-0.712 -3.07536e-05
-0.711 1.3147e-05
-0.71 6.25726e-06
-0.709 -8.33424e-06
-0.708 -1.9373e-05
-0.707 -9.01944e-05
-0.706 -0.00010059
-0.705 -9.87857e-05
-0.704 -6.64991e-05
-0.703 -2.56657e-05
-0.702 3.51817e-06
-0.701 2.20196e-05
-0.7 -2.50558e-05
-0.699 -1.15667e-05
-0.698 -5.3579e-05
-0.697 -0.000121489
-0.696 -9.85758e-05
-0.695 -7.2692e-05
-0.694 -4.31403e-05
-0.693 -6.68583e-05
-0.692 -4.48565e-05
-0.691 -2.24948e-05
-0.69 -5.36858e-05
-0.689 -2.34706e-05
-0.688 -5.41288e-05
-0.687 -0.000107594
-0.686 -0.00010396
-0.685 -6.33149e-05
-0.684 -4.37431e-06
-0.683 -2.20372e-05
-0.682 8.13254e-06
-0.681 -9.126e-06
-0.68 -6.26877e-05
-0.679 1.1453e-05
-0.678 -3.45142e-05
-0.677 -7.6001e-05
-0.676 -6.0976e-05
-0.675 -6.63468e-05
-0.674 -1.0507e-05
-0.673 -1.37831e-06
-0.672 4.23788e-05
-0.671 -1.18817e-05
-0.67 -8.06482e-05
-0.669 1.94698e-05
-0.668 -2.21348e-05
-0.667 -7.5709e-05
-0.666 -3.44179e-05
-0.665 -2.19663e-05
-0.664 2.28132e-05
-0.663 9.25562e-06
-0.662 -1.40739e-05
-0.661 -6.38791e-05
-0.66 -7.69575e-05
-0.659 -2.47939e-05
-0.658 -8.32209e-05
-0.657 -8.40216e-05
-0.656 -5.52462e-05
-0.655 -3.71481e-05
-0.654 5.5784e-05
-0.653 6.50799e-05
-0.652 2.83586e-06
-0.651 -8.26754e-05
-0.65 -6.23365e-05
-0.649 -3.54992e-05
-0.648 -9.50511e-05
-0.647 -0.000110214
-0.646 -7.24185e-05
-0.645 -1.18813e-05
-0.644 1.87136e-05
-0.643 5.27221e-05
-0.642 -5.60793e-06
-0.641 -9.80697e-05
-0.64 -5.56505e-05
-0.639 -1.95058e-05
-0.638 -9.11616e-05
-0.637 -0.000111301
-0.636 -0.00010058
-0.635 -9.34857e-05
-0.634 -3.51073e-05
-0.633 2.92897e-05
-0.632 -1.4509e-05
-0.631 -9.53485e-05
-0.63 -3.56627e-05
-0.629 -2.64608e-05
-0.628 -8.23204e-05
-0.627 -8.21738e-05
-0.626 -8.79405e-05
-0.625 -5.63656e-05
-0.624 1.74961e-05
-0.623 5.27221e-05
-0.622 1.47272e-05
-0.621 -1.63374e-05
-0.62 -2.79427e-05
-0.619 -4.0862e-05
-0.618 -6.17253e-05
-0.617 -9.36523e-05
-0.616 -0.000106758
-0.615 -6.90968e-05
-0.614 -7.1496e-06
-0.613 2.94876e-05
-0.612 -2.98341e-06
-0.611 -2.7328e-05
-0.61 -4.8713e-05
-0.609 -3.61255e-05
-0.608 -6.44025e-05
-0.607 -0.000130896
-0.606 -7.49333e-05
-0.605 -8.06639e-05
-0.604 -6.38024e-05
-0.603 5.06318e-06
-0.602 -5.07673e-06
-0.601 5.16256e-06
-0.6 -5.18727e-06
-0.599 -2.33704e-05
-0.598 -8.54692e-05
-0.597 -0.000134726
-0.596 -2.68341e-05
-0.595 -2.55057e-05
-0.594 -7.27967e-05
-0.593 -3.36446e-05
-0.592 -3.62241e-06
-0.591 -1.55982e-06
-0.59 -4.80306e-05
-0.589 -6.28292e-05
-0.588 -0.000114607
-0.587 -0.000141912
-0.586 1.22929e-06
-0.585 -1.15592e-06
-0.584 -0.000104247
-0.583 -7.34602e-05
-0.582 -1.0252e-06
-0.581 3.3031e-05
-0.58 -1.30835e-05
-0.579 -3.52804e-05
-0.578 -9.16353e-05
-0.577 -0.000120604
-0.576 1.05802e-05
-0.575 2.72906e-05
-0.574 -4.31248e-05
-0.573 -7.12462e-05
-0.572 -2.55404e-05
-0.571 1.21047e-05
-0.57 -1.06996e-05
-0.569 -4.94613e-05
-0.568 -8.25505e-05
-0.567 -5.13115e-05
-0.566 1.26637e-05
-0.565 4.578e-06
-0.564 -6.58917e-05
-0.563 -7.38242e-05
-0.562 3.11644e-06
-0.561 8.63551e-06
-0.56 -4.48502e-06
-0.559 -1.64133e-05
-0.558 -5.36915e-05
-0.557 -3.75306e-05
-0.556 -2.20894e-05
-0.555 -2.41821e-05
-0.554 -0.000105477
-0.553 -0.000136196
-0.552 -9.02162e-06
-0.551 4.12702e-06
-0.55 -6.27814e-05
-0.549 -7.47089e-05
-0.548 -0.000111975
-0.547 -0.000112163
-0.546 -5.1571e-05
-0.545 -1.34505e-05
-0.544 -8.40362e-05
-0.543 -0.000114214
-0.542 -2.17409e-05
-0.541 -4.33244e-06
-0.54 -1.64759e-05
-0.539 -2.74845e-05
-0.538 -8.20384e-05
-0.537 -0.000109497
-0.536 -8.86556e-05
-0.535 -2.51261e-05
-0.534 -6.59799e-05
-0.533 -0.000107185
-0.532 -5.3059e-05
-0.531 -3.47067e-05
-0.53 -2.53153e-05
-0.529 -3.21073e-05
-0.528 -7.39567e-05
-0.527 -0.000136619
-0.526 -9.54289e-05
-0.525 -2.64044e-05
-0.524 -5.69409e-05
-0.523 -5.17419e-05
-0.522 -2.19985e-05
-0.521 -3.0113e-05
-0.52 -3.4539e-05
-0.519 -1.89395e-05
-0.518 -7.70617e-05
-0.517 -0.000112771
-0.516 -2.99688e-05
-0.515 -2.11756e-05
-0.514 -9.17677e-05
-0.513 -6.85222e-05
-0.512 -2.62824e-05
-0.511 -3.10132e-05
-0.51 -2.07344e-07
-0.509 6.7101e-06
-0.508 -8.93743e-05
-0.507 -0.00013518
-0.506 -7.05893e-05
-0.505 -5.67005e-05
-0.504 -8.8066e-05
-0.503 -8.3504e-05
-0.502 -4.22293e-05
-0.501 -4.3068e-05
-0.5 -7.70083e-05
-0.499 -6.39091e-05
-0.498 -0.000112509
-0.497 -0.000141699
-0.496 -6.59323e-05
-0.495 -9.45504e-05
-0.494 -0.000110279
-0.493 -7.29692e-05
-0.492 -5.92851e-05
-0.491 -3.28049e-05
-0.49 -5.50228e-05
-0.489 -6.53535e-05
-0.488 -9.46831e-05
-0.487 -0.000135617
-0.486 -9.80699e-05
-0.485 -7.892e-05
-0.484 -0.000110158
-0.483 -9.99326e-05
-0.482 -2.62824e-05
-0.481 3.70948e-06
-0.48 -8.29676e-05
-0.479 -9.54664e-05
-0.478 -7.79269e-05
-0.477 -0.000105748
-0.476 -8.11124e-05
-0.475 -4.64309e-05
-0.474 -3.63865e-05
-0.473 -5.7763e-05
-0.472 -3.59391e-05
-0.471 6.36951e-06
-0.47 -3.92415e-05
-0.469 -8.19695e-05
-0.468 -8.13344e-05
-0.467 -8.6793e-05
-0.466 -3.62515e-05
-0.465 -4.18532e-05
-0.464 -0.000111659
-0.463 -0.000133882
-0.462 -1.86019e-05
-0.461 3.52872e-05
-0.46 -7.48813e-05
-0.459 -0.000123772
-0.458 -0.000127966
-0.457 -0.000121153
-0.456 -7.14919e-05
-0.455 -5.15435e-05
-0.454 -0.000127946
-0.453 -0.000168927
-0.452 -5.56365e-05
-0.451 -1.10199e-08
-0.45 -7.28934e-05
-0.449 -0.000118417
-0.448 -0.000134015
-0.447 -0.000123507
-0.446 -7.31473e-05
-0.445 -4.33292e-05
-0.444 -7.94798e-05
-0.443 -0.00013153
-0.442 -6.27889e-05
-0.441 -1.90149e-05
-0.44 -3.89577e-05
-0.439 -4.95279e-05
-0.438 -0.000110395
-0.437 -0.000113834
-0.436 -7.23138e-05
-0.435 -7.41092e-05
-0.434 -8.66129e-05
-0.433 -0.00012425
-0.432 -9.06445e-05
-0.431 -4.00164e-05
-0.43 -6.87347e-05
-0.429 -0.000119891
-0.428 -0.000139876
-0.427 -0.000100415
-0.426 -5.9928e-05
-0.425 -3.24325e-05
-0.424 -4.10932e-05
-0.423 -8.75129e-05
-0.422 -6.48162e-05
-0.421 -4.02063e-05
-0.42 -4.77574e-05
-0.419 -0.000101003
-0.418 -0.000101307
-0.417 -4.83526e-05
-0.416 -6.33114e-05
-0.415 -6.27191e-05
-0.414 -7.33169e-05
-0.413 -0.000124359
-0.412 -7.80891e-05
-0.411 -3.35337e-05
-0.41 -8.39255e-05
-0.409 -0.000112689
-0.408 -0.000104251
-0.407 -8.0942e-05
-0.406 -9.92982e-05
-0.405 -0.000109578
-0.404 -7.20311e-05
-0.403 -7.01829e-05
-0.402 -3.85822e-05
-0.401 -5.38243e-06
-0.4 -7.29717e-05
-0.399 -0.000139688
-0.398 -0.000118706
-0.397 -7.16948e-05
-0.396 -6.68386e-05
-0.395 -0.000137656
-0.394 -0.000113353
-0.393 -5.99602e-05
-0.392 -5.61718e-05
-0.391 -4.00151e-05
-0.39 -6.64593e-05
-0.389 -0.000107501
-0.388 -9.99199e-05
-0.387 -4.44764e-05
-0.386 -2.36498e-05
-0.385 -8.47778e-05
-0.384 -9.3002e-05
-0.383 -8.44909e-05
-0.382 -6.51797e-05
-0.381 -4.32009e-05
-0.38 -7.67683e-05
-0.379 -0.000122665
-0.378 -0.000110008
-0.377 -5.72145e-05
-0.376 -1.80905e-05
-0.375 -8.21854e-05
-0.374 -0.000106342
-0.373 -8.31263e-05
-0.372 -3.85459e-05
-0.371 -2.09514e-05
-0.37 -8.84989e-05
-0.369 -0.000117351
-0.368 -0.000148665
-0.367 -0.000116645
-0.366 -5.02657e-05
-0.365 -9.04069e-05
-0.364 -0.000138347
-0.363 -0.00012814
-0.362 -4.70729e-05
-0.361 -3.91764e-05
-0.36 -0.000102401
-0.359 -9.393e-05
-0.358 -9.96396e-05
-0.357 -0.000103145
-0.356 -6.74983e-05
-0.355 -9.89952e-05
-0.354 -0.000136447
-0.353 -0.000116668
-0.352 -6.59562e-05
-0.351 -5.83078e-05
-0.35 -0.000125408
-0.349 -0.000108071
-0.348 -8.12544e-05
-0.347 -0.000126987
-0.346 -8.76969e-05
-0.345 -8.8547e-05
-0.344 -0.000195244
-0.343 -0.000189021
-0.342 -8.12391e-05
-0.341 -6.89517e-05
-0.34 -0.000101808
-0.339 -9.00383e-05
-0.338 -9.05854e-05
-0.337 -9.74382e-05
-0.336 -8.45585e-05
-0.335 -0.000146431
-0.334 -0.000230957
-0.333 -0.000163905
-0.332 -5.48286e-05
-0.331 -6.43705e-05
-0.33 -0.000100903
-0.329 -0.000113154
-0.328 -0.000104897
-0.327 -9.97746e-05
-0.326 -6.95581e-05
-0.325 -9.78234e-05
-0.324 -0.000174317
-0.323 -9.70806e-05
-0.322 -4.56155e-05
-0.321 -6.22712e-05
-0.32 -6.48975e-05
-0.319 -9.66021e-05
-0.318 -6.05171e-05
-0.317 -8.05069e-05
-0.316 -8.91105e-05
-0.315 -0.000137494
-0.314 -0.00019732
-0.313 -7.86488e-05
-0.312 -2.62765e-05
-0.311 -5.38852e-05
-0.31 -8.6016e-05
-0.309 -0.00011088
-0.308 -8.58112e-05
-0.307 -8.76384e-05
-0.306 -6.56745e-05
-0.305 -0.000132799
-0.304 -0.000175026
-0.303 -2.49442e-05
-0.302 -1.22549e-05
-0.301 -6.75486e-05
-0.3 -6.64892e-05
-0.299 -8.09845e-05
-0.298 -5.90789e-05
-0.297 -7.14519e-05
-0.296 -4.17132e-05
-0.295 -0.000101395
-0.294 -0.00016928
-0.293 -4.16586e-05
-0.292 -4.03063e-05
-0.291 -8.04659e-05
-0.29 -2.53407e-05
-0.289 -5.75072e-05
-0.288 -7.84168e-05
-0.287 -0.000105544
-0.286 -7.66004e-05
-0.285 -0.000133944
-0.284 -0.000154902
-0.283 -3.65472e-05
-0.282 -9.26051e-05
-0.281 -0.000102947
-0.28 -6.50824e-05
-0.279 -8.38849e-05
-0.278 -8.7696e-05
-0.277 -8.03784e-05
-0.276 -6.48793e-05
-0.275 -0.000108344
-0.274 -0.00012934
-0.273 -2.90776e-05
-0.272 -4.03063e-05
-0.271 -7.05801e-05
-0.27 -6.72043e-05
-0.269 -5.57503e-05
-0.268 -3.76442e-05
-0.267 -4.35815e-05
-0.266 -1.13789e-05
-0.265 -5.84072e-05
-0.264 -9.46422e-05
-0.263 -4.43969e-05
-0.262 -9.89477e-05
-0.261 -7.37496e-05
-0.26 -2.53847e-05
-0.259 -2.1288e-05
-0.258 -2.6438e-05
-0.257 -4.90689e-05
-0.256 -7.78321e-05
-0.255 -0.0001121
-0.254 -9.34656e-05
-0.253 -8.75511e-06
-0.252 -2.2391e-05
-0.251 -5.89627e-05
-0.25 -2.1207e-05
-0.249 -2.96786e-05
-0.248 -4.37374e-05
-0.247 -5.55979e-05
-0.246 -0.00012284
-0.245 -0.000129169
-0.244 -0.000102139
-0.243 -6.93348e-05
-0.242 -3.44171e-05
-0.241 -5.84449e-05
-0.24 -1.3479e-05
-0.239 -6.87472e-06
-0.238 -7.96148e-05
-0.237 -0.000101827
-0.236 -0.000146412
-0.235 -0.000115172
-0.234 -4.98284e-05
-0.233 -4.43504e-05
-0.232 -2.63026e-05
-0.231 -5.14923e-05
-0.23 1.08655e-06
-0.229 -8.12111e-06
-0.228 -9.08087e-05
-0.227 -9.4066e-05
-0.226 -0.000151351
-0.225 -9.75994e-05
-0.224 -6.50612e-05
-0.223 -8.40322e-05
-0.222 -3.94112e-05
-0.221 -4.28343e-05
-0.22 -9.80884e-07
-0.219 2.28109e-05
-0.218 -2.71787e-05
-0.217 -9.44353e-05
-0.216 -0.000158188
-0.215 -9.33877e-05
-0.214 -0.000105208
-0.213 -4.66389e-05
-0.212 1.35534e-05
-0.211 -3.6305e-05
-0.21 4.94775e-05
-0.209 5.2921e-05
-0.208 7.16692e-06
-0.207 -9.36809e-05
-0.206 -0.00015689
-0.205 -0.000136814
-0.204 -0.000171174
-0.203 -6.12634e-05
-0.202 3.63668e-05
-0.201 -7.44327e-06
-0.2 8.73881e-06
-0.199 2.00526e-05
-0.198 -1.55463e-05
-0.197 -8.47799e-05
-0.196 -0.000101257
-0.195 -0.000120347
-0.194 -0.000172465
-0.193 -6.07907e-05
-0.192 2.4412e-05
-0.191 -2.10661e-06
-0.19 2.6173e-05
-0.189 3.82551e-05
-0.188 1.99113e-05
-0.187 -6.797e-05
-0.186 -0.000107522
-0.185 -0.000142221
-0.184 -0.000152784
-0.183 -4.96737e-05
-0.182 1.17694e-05
-0.181 6.61857e-06
-0.18 2.1521e-05
-0.179 2.86232e-05
-0.178 -2.79429e-05
-0.177 -6.69149e-05
-0.176 -0.000100412
-0.175 -0.000184764
-0.174 -0.000189082
-0.173 -7.46375e-05
-0.172 5.77518e-05
-0.171 5.0359e-05
-0.17 3.32664e-06
-0.169 3.04059e-05
-0.168 -5.64186e-06
-0.167 -4.49493e-05
-0.166 -8.3798e-05
-0.165 -0.000155615
-0.164 -0.000149172
-0.163 -8.12495e-05
-0.162 2.92552e-05
-0.161 6.00564e-05
-0.16 3.57264e-06
-0.159 -2.05536e-05
-0.158 -6.7332e-05
-0.157 -6.28539e-05
-0.156 -0.000107136
-0.155 -0.000147831
-0.154 -8.07053e-05
-0.153 -6.55624e-05
-0.152 2.9186e-05
-0.151 6.89314e-05
-0.15 1.04012e-05
-0.149 -1.00386e-05
-0.148 -4.23371e-05
-0.147 -4.82183e-05
-0.146 -8.49255e-05
-0.145 -0.000101447
-0.144 -7.82967e-05
-0.143 -8.98963e-05
-0.142 -2.29052e-05
-0.141 1.86816e-05
-0.14 2.67274e-05
-0.139 2.66909e-05
-0.138 -4.07337e-05
-0.137 -8.91379e-05
-0.136 -0.000137501
-0.135 -9.85221e-05
-0.134 -1.12214e-05
-0.133 -4.77789e-05
-0.132 -4.78201e-05
-0.131 -1.52535e-05
-0.13 3.98245e-05
-0.129 7.96853e-05
-0.128 2.50217e-05
-0.127 -5.44379e-05
-0.126 -0.000148118
-0.125 -0.000125229
-0.124 -5.99498e-06
-0.123 -3.21665e-05
-0.122 -4.48923e-05
-0.121 -1.35444e-05
-0.12 2.39458e-05
-0.119 9.58354e-05
-0.118 5.04909e-05
-0.117 -4.38664e-05
-0.116 -0.000111106
-0.115 -5.85274e-05
-0.114 -3.42577e-05
-0.113 -9.40001e-05
-0.112 -0.000114118
-0.111 -0.00014705
-0.11 -0.000132805
-0.109 -0.000179553
-0.108 -0.000405703
-0.107 -0.000688759
-0.106 -0.00109215
-0.105 -0.00156477
-0.104 -0.00225003
-0.103 -0.00322176
-0.102 -0.00436041
-0.101 -0.00569743
-0.1 -0.00742062
-0.099 -0.00954388
-0.098 -0.0120758
-0.097 -0.0152744
-0.096 -0.0188932
-0.095 -0.0230443
-0.094 -0.0275536
-0.093 -0.0330056
-0.092 -0.0388743
-0.091 -0.0449279
-0.09 -0.052178
-0.089 -0.0600989
-0.088 -0.0681391
-0.087 -0.0773336
-0.086 -0.0869059
-0.085 -0.0973686
-0.084 -0.107966
-0.083 -0.119277
-0.082 -0.131155
-0.081 -0.142905
-0.08 -0.156025
-0.079 -0.169843
-0.078 -0.182885
-0.077 -0.197098
-0.076 -0.211398
-0.075 -0.226982
-0.074 -0.24186
-0.073 -0.257629
-0.072 -0.273212
-0.071 -0.288685
-0.07 -0.305206
-0.069 -0.321759
-0.068 -0.337637
-0.067 -0.353799
-0.066 -0.370477
-0.065 -0.387635
-0.064 -0.404025
-0.063 -0.421232
-0.062 -0.437656
-0.061 -0.45308
-0.06 -0.470928
-0.059 -0.487332
-0.058 -0.503848
-0.057 -0.519488
-0.056 -0.535118
-0.055 -0.551421
-0.054 -0.56701
-0.053 -0.582592
-0.052 -0.597685
-0.051 -0.612652
-0.05 -0.627419
-0.049 -0.642286
-0.048 -0.656399
-0.047 -0.669878
-0.046 -0.683596
-0.045 -0.696848
-0.044 -0.710435
-0.043 -0.722805
-0.042 -0.736023
-0.041 -0.74821
-0.04 -0.759636
-0.039 -0.771121
-0.038 -0.781792
-0.037 -0.792669
-0.036 -0.803224
-0.035 -0.813736
-0.034 -0.823592
-0.033 -0.833594
-0.032 -0.843423
-0.031 -0.852897
-0.03 -0.861147
-0.029 -0.869118
-0.028 -0.877189
-0.027 -0.884818
-0.026 -0.892306
-0.025 -0.899764
-0.024 -0.906737
-0.023 -0.913811
-0.022 -0.920956
-0.021 -0.927473
-0.02 -0.932891
-0.019 -0.938352
-0.018 -0.943412
-0.017 -0.948253
-0.016 -0.953018
-0.015 -0.957889
-0.014 -0.962205
-0.013 -0.966456
-0.012 -0.971103
-0.011 -0.975322
-0.01 -0.977998
-0.009 -0.980752
-0.008 -0.983339
-0.007 -0.985462
-0.006 -0.987774
-0.005 -0.990133
-0.004 -0.992061
-0.003 -0.993606
-0.002 -0.99586
-0.001 -0.997749
0 -0.997941
0.001 -0.997966
0.002 -0.997968
0.003 -0.99743
0.004 -0.997312
0.005 -0.997186
0.006 -0.996654
0.007 -0.995589
0.008 -0.995447
0.009 -0.994875
0.01 -0.993034
0.011 -0.990535
0.012 -0.988261
0.013 -0.985736
0.014 -0.983381
0.015 -0.981134
0.016 -0.978581
0.017 -0.975472
0.018 -0.973169
0.019 -0.970988
0.02 -0.967077
0.021 -0.962741
0.022 -0.959046
0.023 -0.955075
0.024 -0.951427
0.025 -0.947831
0.026 -0.943958
0.027 -0.93992
0.028 -0.936346
0.029 -0.932891
0.03 -0.927971
0.031 -0.922843
0.032 -0.918192
0.033 -0.913607
0.034 -0.909273
0.035 -0.904925
0.036 -0.90047
0.037 -0.896078
0.038 -0.89203
0.039 -0.887909
0.04 -0.88286
0.041 -0.877403
0.042 -0.872575
0.043 -0.867563
0.044 -0.863033
0.045 -0.858533
0.046 -0.853747
0.047 -0.849383
0.048 -0.844885
0.049 -0.840288
0.05 -0.83539
0.051 -0.830079
0.052 -0.82521
0.053 -0.820119
0.054 -0.815813
0.055 -0.811273
0.056 -0.806561
0.057 -0.802217
0.058 -0.7976
0.059 -0.793118
0.06 -0.78806
0.061 -0.782908
0.062 -0.778177
0.063 -0.773114
0.064 -0.768736
0.065 -0.764229
0.066 -0.7599
0.067 -0.755712
0.068 -0.750973
0.069 -0.746323
0.07 -0.741864
0.071 -0.737076
0.072 -0.732488
0.073 -0.727781
0.074 -0.723257
0.075 -0.718823
0.076 -0.714698
0.077 -0.710711
0.078 -0.705964
0.079 -0.701322
0.08 -0.697307
0.081 -0.693047
0.082 -0.688478
0.083 -0.684188
0.084 -0.679789
0.085 -0.675441
0.086 -0.671773
0.087 -0.667937
0.088 -0.663417
0.089 -0.658903
0.09 -0.655339
0.091 -0.65124
0.092 -0.646807
0.093 -0.642826
0.094 -0.638681
0.095 -0.634885
0.096 -0.631395
0.097 -0.627825
0.098 -0.623587
0.099 -0.619175
0.1 -0.615776
0.101 -0.612338
0.102 -0.608306
0.103 -0.604401
0.104 -0.600437
0.105 -0.596824
0.106 -0.593666
0.107 -0.590164
0.108 -0.586279
0.109 -0.582155
0.11 -0.579294
0.111 -0.575946
0.112 -0.572016
0.113 -0.568754
0.114 -0.564871
0.115 -0.561403
0.116 -0.558544
0.117 -0.555158
0.118 -0.551681
0.119 -0.547846
0.12 -0.544931
0.121 -0.541802
0.122 -0.538282
0.123 -0.535226
0.124 -0.531436
0.125 -0.528014
0.126 -0.525271
0.127 -0.522014
0.128 -0.518748
0.129 -0.515327
0.13 -0.512447
0.131 -0.5095
0.132 -0.505968
0.133 -0.502918
0.134 -0.499358
0.135 -0.496124
0.136 -0.493481
0.137 -0.490344
0.138 -0.487314
0.139 -0.483896
0.14 -0.4812
0.141 -0.478269
0.142 -0.475023
0.143 -0.472242
0.144 -0.468745
0.145 -0.465509
0.146 -0.462745
0.147 -0.459814
0.148 -0.457213
0.149 -0.453898
0.15 -0.451097
0.151 -0.448248
0.152 -0.445092
0.153 -0.442569
0.154 -0.439357
0.155 -0.436202
0.156 -0.433297
0.157 -0.430744
0.158 -0.428149
0.159 -0.424945
0.16 -0.422652
0.161 -0.419243
0.162 -0.416293
0.163 -0.414
0.164 -0.411049
0.165 -0.407964
0.166 -0.405189
0.167 -0.402754
0.168 -0.400188
0.169 -0.397078
0.17 -0.394547
0.171 -0.391612
0.172 -0.388775
0.173 -0.386571
0.174 -0.383944
0.175 -0.381072
0.176 -0.378216
0.177 -0.375883
0.178 -0.373435
0.179 -0.370458
0.18 -0.368003
0.181 -0.365383
0.182 -0.362765
0.183 -0.360502
0.184 -0.358055
0.185 -0.355366
0.186 -0.352694
0.187 -0.350563
0.188 -0.348184
0.189 -0.345224
0.19 -0.342762
0.191 -0.340307
0.192 -0.337906
0.193 -0.335737
0.194 -0.333491
0.195 -0.330944
0.196 -0.328412
0.197 -0.3264
0.198 -0.324169
0.199 -0.321288
0.2 -0.319092
0.201 -0.316763
0.202 -0.314478
0.203 -0.312223
0.204 -0.310207
0.205 -0.307965
0.206 -0.305511
0.207 -0.303657
0.208 -0.301392
0.209 -0.298657
0.21 -0.296673
0.211 -0.294281
0.212 -0.292224
0.213 -0.290312
0.214 -0.288366
0.215 -0.286163
0.216 -0.283965
0.217 -0.282117
0.218 -0.280185
0.219 -0.277593
0.22 -0.275744
0.221 -0.273599
0.222 -0.271711
0.223 -0.269725
0.224 -0.267836
0.225 -0.265966
0.226 -0.264004
0.227 -0.26225
0.228 -0.260318
0.229 -0.258032
0.23 -0.256178
0.231 -0.254474
0.232 -0.252677
0.233 -0.250751
0.234 -0.249055
0.235 -0.247172
0.236 -0.245445
0.237 -0.243904
0.238 -0.242155
0.239 -0.240057
0.24 -0.238246
0.241 -0.23671
0.242 -0.235174
0.243 -0.233318
0.244 -0.231781
0.245 -0.230014
0.246 -0.228256
0.247 -0.226929
0.248 -0.225446
0.249 -0.223751
0.25 -0.221942
0.251 -0.220409
0.252 -0.218986
0.253 -0.217379
0.254 -0.215917
0.255 -0.214244
0.256 -0.212683
0.257 -0.211503
0.258 -0.210197
0.259 -0.20867
0.26 -0.206932
0.261 -0.20545
0.262 -0.204324
0.263 -0.202784
0.264 -0.201478
0.265 -0.199833
0.266 -0.198511
0.267 -0.197214
0.268 -0.196156
0.269 -0.194906
0.27 -0.193246
0.271 -0.191815
0.272 -0.190797
0.273 -0.18962
0.274 -0.188156
0.275 -0.186675
0.276 -0.185528
0.277 -0.184341
0.278 -0.18321
0.279 -0.182148
0.28 -0.180652
0.281 -0.17929
0.282 -0.178367
0.283 -0.177337
0.284 -0.176111
0.285 -0.174649
0.286 -0.173613
0.287 -0.172385
0.288 -0.171419
0.289 -0.170511
0.29 -0.169193
0.291 -0.167731
0.292 -0.167008
0.293 -0.166122
0.294 -0.164993
0.295 -0.163594
0.296 -0.162511
0.297 -0.161514
0.298 -0.160512
0.299 -0.159651
0.3 -0.158424
0.301 -0.157244
0.302 -0.156736
0.303 -0.155798
0.304 -0.154722
0.305 -0.153374
0.306 -0.152391
0.307 -0.151385
0.308 -0.15051
0.309 -0.149734
0.31 -0.148682
0.311 -0.14755
0.312 -0.146967
0.313 -0.146138
0.314 -0.145163
0.315 -0.143998
0.316 -0.14284
0.317 -0.141924
0.318 -0.141013
0.319 -0.140547
0.32 -0.139561
0.321 -0.138451
0.322 -0.137857
0.323 -0.137044
0.324 -0.136002
0.325 -0.134967
0.326 -0.133992
0.327 -0.132986
0.328 -0.132196
0.329 -0.131829
0.33 -0.130822
0.331 -0.129826
0.332 -0.129288
0.333 -0.128563
0.334 -0.127785
0.335 -0.126752
0.336 -0.125671
0.337 -0.124654
0.338 -0.12389
0.339 -0.123645
0.34 -0.122838
0.341 -0.121859
0.342 -0.121332
0.343 -0.120704
0.344 -0.1199
0.345 -0.118958
0.346 -0.117901
0.347 -0.117012
0.348 -0.116268
0.349 -0.115929
0.35 -0.115377
0.351 -0.114475
0.352 -0.11394
0.353 -0.113272
0.354 -0.112613
0.355 -0.111668
0.356 -0.110601
0.357 -0.109673
0.358 -0.109161
0.359 -0.108854
0.36 -0.108347
0.361 -0.107645
0.362 -0.107009
0.363 -0.106346
0.364 -0.105671
0.365 -0.104826
0.366 -0.103992
0.367 -0.103044
0.368 -0.102533
0.369 -0.102312
0.37 -0.101877
0.371 -0.101214
0.372 -0.100403
0.373 -0.0997171
0.374 -0.0993188
0.375 -0.0984554
0.376 -0.0977354
0.377 -0.0967576
0.378 -0.0963053
0.379 -0.0961785
0.38 -0.0957839
0.381 -0.0952572
0.382 -0.0944984
0.383 -0.0938222
0.384 -0.0933828
0.385 -0.0926254
0.386 -0.0920736
0.387 -0.0910274
0.388 -0.0907282
0.389 -0.0907562
0.39 -0.0902488
0.391 -0.0896266
0.392 -0.0888833
0.393 -0.0884559
0.394 -0.0878856
0.395 -0.0873553
0.396 -0.0867831
0.397 -0.0858571
0.398 -0.0857009
0.399 -0.0857684
0.4 -0.085156
0.401 -0.0846003
0.402 -0.0839393
0.403 -0.0833803
0.404 -0.0828753
0.405 -0.0823987
0.406 -0.0818854
0.407 -0.0811262
0.408 -0.0809512
0.409 -0.080993
0.41 -0.0804504
0.411 -0.0798929
0.412 -0.0793664
0.413 -0.078774
0.414 -0.0783426
0.415 -0.0779329
0.416 -0.0774736
0.417 -0.0768014
0.418 -0.076824
0.419 -0.0767318
0.42 -0.0761233
0.421 -0.0755336
0.422 -0.0751856
0.423 -0.0747925
0.424 -0.074331
0.425 -0.0739247
0.426 -0.0735311
0.427 -0.072948
0.428 -0.0728507
0.429 -0.0728159
0.43 -0.0721554
0.431 -0.0716067
0.432 -0.0714213
0.433 -0.0710433
0.434 -0.0706649
0.435 -0.0704165
0.436 -0.069997
0.437 -0.0694603
0.438 -0.0691844
0.439 -0.069156
0.44 -0.0687027
0.441 -0.0680372
0.442 -0.0679515
0.443 -0.0677034
0.444 -0.0672331
0.445 -0.0670852
0.446 -0.0668393
0.447 -0.0662646
0.448 -0.0658949
0.449 -0.0658608
0.45 -0.0654014
0.451 -0.0647375
0.452 -0.0646804
0.453 -0.0645948
0.454 -0.0642214
0.455 -0.063966
0.456 -0.0636245
0.457 -0.063128
0.458 -0.0628308
0.459 -0.0627659
0.46 -0.0623963
0.461 -0.0617593
0.462 -0.0617836
0.463 -0.0617938
0.464 -0.0614446
0.465 -0.0611747
0.466 -0.0608743
0.467 -0.0603536
0.468 -0.0599562
0.469 -0.0598474
0.47 -0.0594441
0.471 -0.0589134
0.472 -0.0588735
0.473 -0.0589423
0.474 -0.0585561
0.475 -0.0583625
0.476 -0.0579827
0.477 -0.0575102
0.478 -0.0572173
0.479 -0.057067
0.48 -0.0569145
0.481 -0.0563753
0.482 -0.0561845
0.483 -0.0562715
0.484 -0.0559949
0.485 -0.0557471
0.486 -0.0553809
0.487 -0.0548598
0.488 -0.0547352
0.489 -0.0546143
0.49 -0.0543618
0.491 -0.0539845
0.492 -0.0537751
0.493 -0.0538387
0.494 -0.0534936
0.495 -0.0532355
0.496 -0.0528314
0.497 -0.0524694
0.498 -0.0523409
0.499 -0.0521249
0.5 -0.0519827
0.501 -0.0517285
0.502 -0.0514552
0.503 -0.0514434
0.504 -0.0511412
0.505 -0.0508228
0.506 -0.0504515
0.507 -0.0501391
0.508 -0.050081
0.509 -0.0497267
0.51 -0.0496273
0.511 -0.0493647
0.512 -0.0491054
0.513 -0.0492344
0.514 -0.0489768
0.515 -0.0485766
0.516 -0.04833
0.517 -0.0479725
0.518 -0.0479174
0.519 -0.047606
0.52 -0.0474748
0.521 -0.0472805
0.522 -0.04688
0.523 -0.0470253
0.524 -0.046832
0.525 -0.0465032
0.526 -0.0462239
0.527 -0.0459539
0.528 -0.045775
0.529 -0.0455543
0.53 -0.0454368
0.531 -0.0452381
0.532 -0.0449084
0.533 -0.0450709
0.534 -0.0447979
0.535 -0.0443186
0.536 -0.0443191
0.537 -0.0441338
0.538 -0.043953
0.539 -0.0436697
0.54 -0.0434809
0.541 -0.0433135
0.542 -0.0430672
0.543 -0.0432807
0.544 -0.043121
0.545 -0.0424905
0.546 -0.0423418
0.547 -0.0424996
0.548 -0.0422133
0.549 -0.0418726
0.55 -0.0416879
0.551 -0.0415701
0.552 -0.0413081
0.553 -0.0414361
0.554 -0.0411714
0.555 -0.0407208
0.556 -0.0407399
0.557 -0.0406664
0.558 -0.0405465
0.559 -0.0403901
0.56 -0.0402023
0.561 -0.0400015
0.562 -0.0397479
0.563 -0.039806
0.564 -0.0396759
0.565 -0.0392581
0.566 -0.0392395
0.567 -0.039165
0.568 -0.0391175
0.569 -0.0389459
0.57 -0.0387101
0.571 -0.0385246
0.572 -0.0383834
0.573 -0.038384
0.574 -0.0381812
0.575 -0.0378608
0.576 -0.0378464
0.577 -0.0377932
0.578 -0.0377949
0.579 -0.0376418
0.58 -0.0372808
0.581 -0.0371021
0.582 -0.0370825
0.583 -0.0371502
0.584 -0.0370043
0.585 -0.0365875
0.586 -0.036582
0.587 -0.0365192
0.588 -0.0365214
0.589 -0.0364525
0.59 -0.036149
0.591 -0.0360303
0.592 -0.0359888
0.593 -0.0360463
0.594 -0.0358177
0.595 -0.0353881
0.596 -0.0353971
0.597 -0.0353754
0.598 -0.035312
0.599 -0.0353042
0.6 -0.035061
0.601 -0.034963
0.602 -0.0348898
0.603 -0.034925
0.604 -0.0348329
0.605 -0.0343436
0.606 -0.0343422
0.607 -0.0342909
0.608 -0.0341641
0.609 -0.0341941
0.61 -0.0339625
0.611 -0.0338429
0.612 -0.0337512
0.613 -0.0337827
0.614 -0.0337333
0.615 -0.0332926
0.616 -0.0331904
0.617 -0.0331446
0.618 -0.0330865
0.619 -0.033145
0.62 -0.0330199
0.621 -0.0328684
0.622 -0.032646
0.623 -0.0326793
0.624 -0.032668
0.625 -0.0323361
0.626 -0.0322464
0.627 -0.0321512
0.628 -0.0321514
0.629 -0.0321609
0.63 -0.0320596
0.631 -0.031757
0.632 -0.0315349
0.633 -0.0315442
0.634 -0.0316245
0.635 -0.031386
0.636 -0.0312085
0.637 -0.0311514
0.638 -0.0311488
0.639 -0.0312786
0.64 -0.0310288
0.641 -0.0307654
0.642 -0.0305909
0.643 -0.0305362
0.644 -0.0305985
0.645 -0.0302832
0.646 -0.0303163
0.647 -0.0302562
0.648 -0.0302298
0.649 -0.0302313
0.65 -0.0299288
0.651 -0.0298256
0.652 -0.0296512
0.653 -0.0295495
0.654 -0.0296088
0.655 -0.0294462
0.656 -0.0295027
0.657 -0.0293627
0.658 -0.0292457
0.659 -0.0292191
0.66 -0.0289921
0.661 -0.0289501
0.662 -0.0288028
0.663 -0.0286149
0.664 -0.0286226
0.665 -0.0284825
0.666 -0.028525
0.667 -0.0284325
0.668 -0.0283302
0.669 -0.0281625
0.67 -0.027869
0.671 -0.0279769
0.672 -0.0279066
0.673 -0.0276865
0.674 -0.0276482
0.675 -0.0275513
0.676 -0.0276957
0.677 -0.0275565
0.678 -0.0273424
0.679 -0.0272091
0.68 -0.0269339
0.681 -0.0270876
0.682 -0.0271017
0.683 -0.0268335
0.684 -0.0268141
0.685 -0.0267618
0.686 -0.0268897
0.687 -0.0268271
0.688 -0.02655
0.689 -0.0263355
0.69 -0.0260899
0.691 -0.0262187
0.692 -0.026263
0.693 -0.0260714
0.694 -0.026109
0.695 -0.0261178
0.696 -0.026187
0.697 -0.0261261
0.698 -0.0258358
0.699 -0.0255924
0.7 -0.0253404
0.701 -0.0255216
0.702 -0.0255589
0.703 -0.0252921
0.704 -0.0252661
0.705 -0.0252935
0.706 -0.0254326
0.707 -0.0253629
0.708 -0.0250661
0.709 -0.0249386
0.71 -0.0246884
0.711 -0.0248333
0.712 -0.0249235
0.713 -0.0246595
0.714 -0.0246384
0.715 -0.0245912
0.716 -0.0247422
0.717 -0.0247093
0.718 -0.0244575
0.719 -0.0242829
0.72 -0.0240478
0.721 -0.0242583
0.722 -0.0243337
0.723 -0.0241092
0.724 -0.024071
0.725 -0.0239568
0.726 -0.0241292
0.727 -0.0241849
0.728 -0.0239507
0.729 -0.0236907
0.73 -0.023473
0.731 -0.0236688
0.732 -0.0236503
0.733 -0.0234937
0.734 -0.0235498
0.735 -0.0234048
0.736 -0.023523
0.737 -0.0236851
0.738 -0.023455
0.739 -0.0231192
0.74 -0.0229732
0.741 -0.0231473
0.742 -0.0230877
0.743 -0.0230215
0.744 -0.0230935
0.745 -0.0229592
0.746 -0.0231358
0.747 -0.0231789
0.748 -0.0228393
0.749 -0.0226977
0.75 -0.0225906
0.751 -0.0226432
0.752 -0.0226469
0.753 -0.022548
0.754 -0.02269
0.755 -0.0225845
0.756 -0.0225592
0.757 -0.0225578
0.758 -0.0223039
0.759 -0.0221566
0.76 -0.0221127
0.761 -0.0221323
0.762 -0.0221392
0.763 -0.0221024
0.764 -0.0221511
0.765 -0.0220637
0.766 -0.022076
0.767 -0.0220747
0.768 -0.0217539
0.769 -0.0216185
0.77 -0.0216641
0.771 -0.0216353
0.772 -0.0215755
0.773 -0.021537
0.774 -0.0216408
0.775 -0.0216077
0.776 -0.0215471
0.777 -0.0214987
0.778 -0.021237
0.779 -0.0211466
0.78 -0.0213147
0.781 -0.0212296
0.782 -0.0210792
0.783 -0.0210532
0.784 -0.0212276
0.785 -0.0211418
0.786 -0.0209858
0.787 -0.0210597
0.788 -0.0207214
0.789 -0.0205896
0.79 -0.0208896
0.791 -0.0207994
0.792 -0.0205893
0.793 -0.0205319
0.794 -0.0206619
0.795 -0.020612
0.796 -0.020517
0.797 -0.0204867
0.798 -0.0201594
0.799 -0.020137
0.8 -0.0203807
0.801 -0.0203412
0.802 -0.0201929
0.803 -0.0200188
0.804 -0.0201907
0.805 -0.0201846
0.806 -0.0199898
0.807 -0.0199494
0.808 -0.0197012
0.809 -0.0196863
0.81 -0.0199012
0.811 -0.019835
0.812 -0.0197118
0.813 -0.0196119
0.814 -0.0198041
0.815 -0.0197149
0.816 -0.0193805
0.817 -0.0193219
0.818 -0.0191723
0.819 -0.019151
0.82 -0.0194186
0.821 -0.0194352
0.822 -0.0192432
0.823 -0.0191106
0.824 -0.0193259
0.825 -0.0192418
0.826 -0.018873
0.827 -0.0188805
0.828 -0.0186393
0.829 -0.0186349
0.83 -0.0188824
0.831 -0.0189729
0.832 -0.0188653
0.833 -0.018695
0.834 -0.0188715
0.835 -0.0187333
0.836 -0.0183501
0.837 -0.0184024
0.838 -0.0181995
0.839 -0.0181443
0.84 -0.0183303
0.841 -0.018391
0.842 -0.0183579
0.843 -0.0182178
0.844 -0.0183386
0.845 -0.0182183
0.846 -0.0179477
0.847 -0.0180269
0.848 -0.0178645
0.849 -0.0176845
0.85 -0.017908
0.851 -0.0180499
0.852 -0.0178542
0.853 -0.0177081
0.854 -0.0179234
0.855 -0.017818
0.856 -0.0175786
0.857 -0.0176928
0.858 -0.0175857
0.859 -0.01736
0.86 -0.0174493
0.861 -0.0175969
0.862 -0.0175407
0.863 -0.0173058
0.864 -0.0174421
0.865 -0.0174317
0.866 -0.017165
0.867 -0.0172461
0.868 -0.0171803
0.869 -0.0169738
0.87 -0.0170644
0.871 -0.0172315
0.872 -0.0172066
0.873 -0.017
0.874 -0.0170609
0.875 -0.0170549
0.876 -0.0167795
0.877 -0.0168572
0.878 -0.016848
0.879 -0.0166583
0.88 -0.0166609
0.881 -0.016835
0.882 -0.0168703
0.883 -0.0168561
0.884 -0.0166855
0.885 -0.0166401
0.886 -0.0164602
0.887 -0.0165515
0.888 -0.0164974
0.889 -0.0163671
0.89 -0.016371
0.891 -0.016501
0.892 -0.0166078
0.893 -0.0164712
0.894 -0.0163157
0.895 -0.016353
0.896 -0.0162554
0.897 -0.0162411
0.898 -0.0161532
0.899 -0.0160223
0.9 -0.0160425
0.901 -0.0161006
0.902 -0.0162876
0.903 -0.0161254
0.904 -0.0159394
0.905 -0.01604
0.906 -0.0159626
0.907 -0.0158944
0.908 -0.0158209
0.909 -0.015759
0.91 -0.0157319
0.911 -0.0157927
0.912 -0.015949
0.913 -0.0158564
0.914 -0.0155881
0.915 -0.0156758
0.916 -0.0156181
0.917 -0.0155221
0.918 -0.0155707
0.919 -0.015517
0.92 -0.0155033
0.921 -0.0155072
0.922 -0.015659
0.923 -0.0155105
0.924 -0.0152328
0.925 -0.0153185
0.926 -0.0153176
0.927 -0.0151901
0.928 -0.0152474
0.929 -0.0152526
0.93 -0.0152053
0.931 -0.0152487
0.932 -0.0153498
0.933 -0.0152128
0.934 -0.0148578
0.935 -0.0149306
0.936 -0.0149979
0.937 -0.0148643
0.938 -0.0149117
0.939 -0.0149184
0.94 -0.0148777
0.941 -0.0148437
0.942 -0.0148855
0.943 -0.0148022
0.944 -0.0145642
0.945 -0.0146286
0.946 -0.0146555
0.947 -0.014555
0.948 -0.0145852
0.949 -0.014599
0.95 -0.0146135
0.951 -0.0146435
0.952 -0.0146556
0.953 -0.01454
0.954 -0.0142781
0.955 -0.0142622
0.956 -0.014324
0.957 -0.0141995
0.958 -0.0142249
0.959 -0.014293
0.96 -0.0143401
0.961 -0.014356
0.962 -0.014282
0.963 -0.0141746
0.964 -0.0138973
0.965 -0.013924
0.966 -0.0140171
0.967 -0.0138876
0.968 -0.0137997
0.969 -0.0138579
0.97 -0.0140424
0.971 -0.0139308
0.972 -0.0137831
0.973 -0.0137468
0.974 -0.013584
0.975 -0.0135983
0.976 -0.0135727
0.977 -0.0135254
0.978 -0.013534
0.979 -0.0135639
0.98 -0.0137247
0.981 -0.0136514
0.982 -0.0134733
0.983 -0.0134625
0.984 -0.0132938
0.985 -0.0132635
0.986 -0.0132867
0.987 -0.0132312
0.988 -0.0133094
0.989 -0.0133924
0.99 -0.0134774
0.991 -0.0133443
0.992 -0.0131721
0.993 -0.0131605
0.994 -0.0130565
0.995 -0.0129889
0.996 -0.0129847
0.997 -0.0128941
0.998 -0.0129359
0.999 -0.0130523
1 -0.0130939
1.001 -0.0129902
1.002 -0.0128862
1.003 -0.0128943
1.004 -0.0128359
1.005 -0.0127189
1.006 -0.0126618
1.007 -0.0125774
1.008 -0.0126241
1.009 -0.0127954
1.01 -0.0127835
1.011 -0.0127007
1.012 -0.012656
1.013 -0.0126529
1.014 -0.0125374
1.015 -0.0124042
1.016 -0.0123958
1.017 -0.0123274
1.018 -0.012394
1.019 -0.0125455
1.02 -0.0124481
1.021 -0.0123912
1.022 -0.012437
1.023 -0.0123793
1.024 -0.012247
1.025 -0.0122133
1.026 -0.0121935
1.027 -0.0120839
1.028 -0.0121109
1.029 -0.0122802
1.03 -0.0122068
1.031 -0.0120423
1.032 -0.0120177
1.033 -0.0120842
1.034 -0.0120983
1.035 -0.0120354
1.036 -0.0119543
1.037 -0.0118316
1.038 -0.0118763
1.039 -0.0120478
1.04 -0.0119869
1.041 -0.0118735
1.042 -0.0118914
1.043 -0.0118653
1.044 -0.0118771
1.045 -0.0117925
1.046 -0.011739
1.047 -0.0116207
1.048 -0.0116529
1.049 -0.0118236
1.05 -0.0116791
1.051 -0.011606
1.052 -0.0116823
1.053 -0.011653
1.054 -0.0116337
1.055 -0.0115251
1.056 -0.011526
1.057 -0.0113795
1.058 -0.0114006
1.059 -0.0115485
1.06 -0.0114393
1.061 -0.0114098
1.062 -0.0114392
1.063 -0.0114154
1.064 -0.0114262
1.065 -0.011274
1.066 -0.0112569
1.067 -0.0111251
1.068 -0.011151
1.069 -0.0113665
1.07 -0.0112128
1.071 -0.0110933
1.072 -0.0111556
1.073 -0.011162
1.074 -0.011131
1.075 -0.0110408
1.076 -0.0110336
1.077 -0.0109225
1.078 -0.0109279
1.079 -0.0110461
1.08 -0.010996
1.081 -0.0108153
1.082 -0.0108074
1.083 -0.0109123
1.084 -0.0108845
1.085 -0.0108484
1.086 -0.0108201
1.087 -0.0106746
1.088 -0.0106205
1.089 -0.0107751
1.09 -0.0107433
1.091 -0.010567
1.092 -0.0105704
1.093 -0.010665
1.094 -0.0106222
1.095 -0.0104927
1.096 -0.0105312
1.097 -0.0104582
1.098 -0.0103552
1.099 -0.0104582
1.1 -0.0104688
1.101 -0.0102865
1.102 -0.0102738
1.103 -0.0103137
1.104 -0.01025
1.105 -0.0102229
1.106 -0.0102833
1.107 -0.010198
1.108 -0.0101195
1.109 -0.0102683
1.11 -0.0103309
1.111 -0.0100416
1.112 -0.00997766
1.113 -0.0100638
1.114 -0.01002
1.115 -0.0099638
1.116 -0.00999705
1.117 -0.00997103
1.118 -0.00980512
1.119 -0.0099266
1.12 -0.0100423
1.121 -0.0098035
1.122 -0.00977805
1.123 -0.00984285
1.124 -0.00978332
1.125 -0.00973126
1.126 -0.00974906
1.127 -0.00966873
1.128 -0.00952465
1.129 -0.009588
1.13 -0.0097404
1.131 -0.00960286
1.132 -0.00951154
1.133 -0.00961553
1.134 -0.00951229
1.135 -0.00934863
1.136 -0.00941178
1.137 -0.00941401
1.138 -0.0092646
1.139 -0.00934837
1.14 -0.00951848
1.141 -0.00945101
1.142 -0.00931094
1.143 -0.00935947
1.144 -0.00929207
1.145 -0.00915896
1.146 -0.00920514
1.147 -0.00921694
1.148 -0.00903398
1.149 -0.00905383
1.15 -0.00927616
1.151 -0.00927859
1.152 -0.00910915
1.153 -0.00912478
1.154 -0.00905789
1.155 -0.00889606
1.156 -0.00893298
1.157 -0.0089993
1.158 -0.00887101
1.159 -0.00884715
1.16 -0.00902965
1.161 -0.00905055
1.162 -0.00892024
1.163 -0.00899867
1.164 -0.00894769
1.165 -0.00877006
1.166 -0.00869544
1.167 -0.00870094
1.168 -0.00867958
1.169 -0.00866975
1.17 -0.00878229
1.171 -0.00879348
1.172 -0.00873542
1.173 -0.00877157
1.174 -0.00869162
1.175 -0.00854528
1.176 -0.00863682
1.177 -0.00857207
1.178 -0.00851378
1.179 -0.00845904
1.18 -0.00856552
1.181 -0.00859891
1.182 -0.00860161
1.183 -0.00866787
1.184 -0.00858424
1.185 -0.00839991
1.186 -0.00832414
1.187 -0.00837192
1.188 -0.00836643
1.189 -0.00833315
1.19 -0.00835799
1.191 -0.00832309
1.192 -0.00837451
1.193 -0.00841132
1.194 -0.00836881
1.195 -0.00826903
1.196 -0.00819245
1.197 -0.00824617
1.198 -0.00818774
1.199 -0.00810469
1.2 -0.00812312
1.201 -0.00809517
1.202 -0.00821075
1.203 -0.00824412
1.204 -0.008172
1.205 -0.00805305
1.206 -0.00798145
1.207 -0.00810214
1.208 -0.00814176
1.209 -0.00803095
1.21 -0.00791891
1.211 -0.00787989
1.212 -0.00792193
1.213 -0.00800611
1.214 -0.00808124
1.215 -0.00799141
1.216 -0.00790069
1.217 -0.00793091
1.218 -0.0079408
1.219 -0.00786375
1.22 -0.00773975
1.221 -0.00768414
1.222 -0.00779599
1.223 -0.00781555
1.224 -0.00780993
1.225 -0.00777302
1.226 -0.00769759
1.227 -0.00773211
1.228 -0.0077599
1.229 -0.00775264
1.23 -0.00761461
1.231 -0.00750036
1.232 -0.0076186
1.233 -0.00761469
1.234 -0.00761701
1.235 -0.00761737
1.236 -0.00747067
1.237 -0.00751131
1.238 -0.00760674
1.239 -0.00756683
1.24 -0.00743079
1.241 -0.00732646
1.242 -0.00734218
1.243 -0.00738584
1.244 -0.00746586
1.245 -0.00741994
1.246 -0.00722102
1.247 -0.00721479
1.248 -0.00735577
1.249 -0.00736483
1.25 -0.00721421
1.251 -0.00711281
1.252 -0.00716442
1.253 -0.0071857
1.254 -0.00720902
1.255 -0.0072295
1.256 -0.00709978
1.257 -0.00702088
1.258 -0.00712807
1.259 -0.0071396
1.26 -0.00698613
1.261 -0.00687141
1.262 -0.00685126
1.263 -0.0068491
1.264 -0.0069281
1.265 -0.0069681
1.266 -0.00686901
1.267 -0.00681345
1.268 -0.00688111
1.269 -0.00691092
1.27 -0.00677384
1.271 -0.0066551
1.272 -0.0066922
1.273 -0.00673256
1.274 -0.00671655
1.275 -0.00675099
1.276 -0.00673066
1.277 -0.00666233
1.278 -0.00675172
1.279 -0.00676394
1.28 -0.00663557
1.281 -0.00651331
1.282 -0.00653005
1.283 -0.00656395
1.284 -0.00652223
1.285 -0.00656316
1.286 -0.00652379
1.287 -0.00646544
1.288 -0.00650718
1.289 -0.00652575
1.29 -0.00645326
1.291 -0.00636355
1.292 -0.00635384
1.293 -0.0063303
1.294 -0.00628865
1.295 -0.00637395
1.296 -0.00633872
1.297 -0.00630623
1.298 -0.0063323
1.299 -0.00635838
1.3 -0.0063196
1.301 -0.00624002
1.302 -0.00624912
1.303 -0.00613731
1.304 -0.00609052
1.305 -0.00623597
1.306 -0.00621817
1.307 -0.00610561
1.308 -0.00614984
1.309 -0.00619777
1.31 -0.00612954
1.311 -0.00599833
1.312 -0.00599869
1.313 -0.00600544
1.314 -0.00595406
1.315 -0.0060143
1.316 -0.00601036
1.317 -0.00595203
1.318 -0.00595372
1.319 -0.00601378
1.32 -0.00602532
1.321 -0.00587582
1.322 -0.00586566
1.323 -0.00582463
1.324 -0.00578928
1.325 -0.00592795
1.326 -0.0058753
1.327 -0.00584121
1.328 -0.00584663
1.329 -0.00589639
1.33 -0.00597477
1.331 -0.00576416
1.332 -0.0056758
1.333 -0.0056972
1.334 -0.00565405
1.335 -0.00573612
1.336 -0.0057141
1.337 -0.00568666
1.338 -0.00567168
1.339 -0.00568845
1.34 -0.00578669
1.341 -0.00562102
1.342 -0.00552502
1.343 -0.005517
1.344 -0.00550101
1.345 -0.0055913
1.346 -0.00551484
1.347 -0.00546527
1.348 -0.0055007
1.349 -0.00554689
1.35 -0.00560584
1.351 -0.00545028
1.352 -0.00539099
1.353 -0.0053806
1.354 -0.0053748
1.355 -0.0054471
1.356 -0.00539293
1.357 -0.00532782
1.358 -0.00530167
1.359 -0.00535135
1.36 -0.00544823
1.361 -0.00533748
1.362 -0.00529174
1.363 -0.00527393
1.364 -0.00518566
1.365 -0.00528472
1.366 -0.00529198
1.367 -0.0051888
1.368 -0.00515356
1.369 -0.00523825
1.37 -0.00530887
1.371 -0.00520051
1.372 -0.00524227
1.373 -0.0052388
1.374 -0.00508125
1.375 -0.00512436
1.376 -0.00516837
1.377 -0.00505693
1.378 -0.00495319
1.379 -0.00500301
1.38 -0.00506386
1.381 -0.00505763
1.382 -0.00511761
1.383 -0.00508903
1.384 -0.0049298
1.385 -0.00492808
1.386 -0.00501163
1.387 -0.00495069
1.388 -0.00485718
1.389 -0.00487436
1.39 -0.00490215
1.391 -0.00492726
1.392 -0.00493487
1.393 -0.00486085
1.394 -0.00481222
1.395 -0.00490376
1.396 -0.00493488
1.397 -0.00483694
1.398 -0.00476451
1.399 -0.00473379
1.4 -0.00472623
1.401 -0.00478677
1.402 -0.00484906
1.403 -0.00470268
1.404 -0.00463352
1.405 -0.00476907
1.406 -0.00477653
1.407 -0.004653
1.408 -0.00456465
1.409 -0.00455848
1.41 -0.00459248
1.411 -0.00471191
1.412 -0.00477509
1.413 -0.00455298
1.414 -0.00444571
1.415 -0.00459865
1.416 -0.00459628
1.417 -0.00450654
1.418 -0.00447194
1.419 -0.00443826
1.42 -0.00446526
1.421 -0.00455733
1.422 -0.00460982
1.423 -0.00440536
1.424 -0.00430768
1.425 -0.00449869
1.426 -0.00451767
1.427 -0.00440871
1.428 -0.00431773
1.429 -0.00433741
1.43 -0.00441228
1.431 -0.00444913
1.432 -0.00443154
1.433 -0.00422286
1.434 -0.00410756
1.435 -0.00437047
1.436 -0.00439737
1.437 -0.00424852
1.438 -0.00421071
1.439 -0.00425902
1.44 -0.00433108
1.441 -0.00430387
1.442 -0.00430458
1.443 -0.00414246
1.444 -0.00398235
1.445 -0.00419536
1.446 -0.00420427
1.447 -0.00406198
1.448 -0.00409613
1.449 -0.00415861
1.45 -0.00420753
1.451 -0.00416222
1.452 -0.00417285
1.453 -0.00404862
1.454 -0.00395674
1.455 -0.00412535
1.456 -0.00401521
1.457 -0.00393321
1.458 -0.00398017
1.459 -0.00399305
1.46 -0.00411962
1.461 -0.00407675
1.462 -0.00403527
1.463 -0.00392094
1.464 -0.00383763
1.465 -0.00398607
1.466 -0.00387789
1.467 -0.00382991
1.468 -0.00385277
1.469 -0.00375464
1.47 -0.00389215
1.471 -0.00395624
1.472 -0.00392614
1.473 -0.00382444
1.474 -0.00375059
1.475 -0.00388809
1.476 -0.00382838
1.477 -0.00377201
1.478 -0.00379586
1.479 -0.00369817
1.48 -0.00382522
1.481 -0.00386817
1.482 -0.0037546
1.483 -0.00366546
1.484 -0.00365416
1.485 -0.00376593
1.486 -0.0036893
1.487 -0.00365382
1.488 -0.00365653
1.489 -0.00353511
1.49 -0.00365923
1.491 -0.00372039
1.492 -0.00362041
1.493 -0.00361126
1.494 -0.00359856
1.495 -0.00362725
1.496 -0.00353565
1.497 -0.00349143
1.498 -0.00350411
1.499 -0.00343625
1.5 -0.00352445
1.501 -0.00357033
1.502 -0.00346116
1.503 -0.00342556
1.504 -0.00347322
1.505 -0.00352323
1.506 -0.00344809
1.507 -0.00338243
1.508 -0.00335183
1.509 -0.0033456
1.51 -0.00335952
1.511 -0.00337786
1.512 -0.00342067
1.513 -0.00337052
1.514 -0.00332964
1.515 -0.00337671
1.516 -0.00335579
1.517 -0.00331222
1.518 -0.00328649
1.519 -0.00326801
1.52 -0.00324097
1.521 -0.00325207
1.522 -0.00329074
1.523 -0.00320644
1.524 -0.00321883
1.525 -0.00325449
1.526 -0.00317381
1.527 -0.00314382
1.528 -0.00318647
1.529 -0.0031078
1.53 -0.0030931
1.531 -0.00315667
1.532 -0.00316001
1.533 -0.00309147
1.534 -0.00310087
1.535 -0.00311014
1.536 -0.00303145
1.537 -0.00301348
1.538 -0.00308332
1.539 -0.00295718
1.54 -0.00297798
1.541 -0.00302009
1.542 -0.00304827
1.543 -0.00302718
1.544 -0.00300403
1.545 -0.00298763
1.546 -0.00288828
1.547 -0.00288407
1.548 -0.00296987
1.549 -0.0029736
1.55 -0.00283567
1.551 -0.00292269
1.552 -0.00294826
1.553 -0.0029631
1.554 -0.00293362
1.555 -0.00290125
1.556 -0.00284438
1.557 -0.00279986
1.558 -0.00289162
1.559 -0.00286087
1.56 -0.00280132
1.561 -0.00282928
1.562 -0.00286913
1.563 -0.00285586
1.564 -0.00283276
1.565 -0.00281432
1.566 -0.00272293
1.567 -0.00269964
1.568 -0.00283016
1.569 -0.00271445
1.57 -0.00259452
1.571 -0.00270022
1.572 -0.00274178
1.573 -0.00275793
1.574 -0.0027866
1.575 -0.0027816
1.576 -0.00265931
1.577 -0.00263255
1.578 -0.00273408
1.579 -0.00262429
1.58 -0.00254245
1.581 -0.00264408
1.582 -0.00264559
1.583 -0.00270422
1.584 -0.00272315
1.585 -0.00263747
1.586 -0.00248561
1.587 -0.00248347
1.588 -0.00263874
1.589 -0.00256856
1.59 -0.00247828
1.591 -0.00257707
1.592 -0.00259039
1.593 -0.0025765
1.594 -0.002611
1.595 -0.00258548
1.596 -0.00251107
1.597 -0.00242124
1.598 -0.00248996
1.599 -0.00247074
1.6 -0.00243371
1.601 -0.00250911
1.602 -0.00254382
1.603 -0.00255482
1.604 -0.00255906
1.605 -0.00255807
1.606 -0.00241937
1.607 -0.00233016
1.608 -0.00243002
1.609 -0.00243938
1.61 -0.00232845
1.611 -0.00232972
1.612 -0.00240707
1.613 -0.00244581
1.614 -0.00245588
1.615 -0.00246199
1.616 -0.00236279
1.617 -0.00232496
1.618 -0.0023671
1.619 -0.0023235
1.62 -0.00223548
1.621 -0.00226944
1.622 -0.00237961
1.623 -0.00234761
1.624 -0.00226519
1.625 -0.00231588
1.626 -0.00230881
1.627 -0.00227717
1.628 -0.00230257
1.629 -0.00223679
1.63 -0.00215509
1.631 -0.0021844
1.632 -0.0022431
1.633 -0.00224636
1.634 -0.00226754
1.635 -0.00228739
1.636 -0.00225922
1.637 -0.00222305
1.638 -0.00219786
1.639 -0.00215716
1.64 -0.00212463
1.641 -0.00215722
1.642 -0.0021871
1.643 -0.00220865
1.644 -0.00220848
1.645 -0.00222098
1.646 -0.00216813
1.647 -0.00212504
1.648 -0.00213412
1.649 -0.00210072
1.65 -0.00207585
1.651 -0.00204624
1.652 -0.00208333
1.653 -0.0020878
1.654 -0.0021333
1.655 -0.00212842
1.656 -0.00207111
1.657 -0.00208995
1.658 -0.00207931
1.659 -0.0020314
1.66 -0.00205004
1.661 -0.00203848
1.662 -0.00200662
1.663 -0.00205235
1.664 -0.00207706
1.665 -0.00203693
1.666 -0.00199784
1.667 -0.00199868
1.668 -0.00204448
1.669 -0.0019683
1.67 -0.00192922
1.671 -0.00189176
1.672 -0.00187612
1.673 -0.00198403
1.674 -0.00202079
1.675 -0.0019903
1.676 -0.00195175
1.677 -0.0019177
1.678 -0.001991
1.679 -0.0019392
1.68 -0.00189156
1.681 -0.00184659
1.682 -0.0018532
1.683 -0.00188598
1.684 -0.00198128
1.685 -0.00194359
1.686 -0.00181498
1.687 -0.00184352
1.688 -0.00192811
1.689 -0.00190083
1.69 -0.00176812
1.691 -0.00174176
1.692 -0.00174872
1.693 -0.00179392
1.694 -0.00187677
1.695 -0.00185126
1.696 -0.00181218
1.697 -0.00183346
1.698 -0.00189542
1.699 -0.00179512
1.7 -0.00162671
1.701 -0.00165804
1.702 -0.00167757
1.703 -0.0017523
1.704 -0.00177909
1.705 -0.00169889
1.706 -0.00170912
1.707 -0.0016555
1.708 -0.00177317
1.709 -0.00177638
1.71 -0.00158453
1.711 -0.0015735
1.712 -0.00162309
1.713 -0.00164277
1.714 -0.00168342
1.715 -0.00161457
1.716 -0.00161472
1.717 -0.00157935
1.718 -0.00174464
1.719 -0.00171848
1.72 -0.00149801
1.721 -0.00152122
1.722 -0.00161908
1.723 -0.00158363
1.724 -0.00158449
1.725 -0.00157636
1.726 -0.00158043
1.727 -0.00157265
1.728 -0.00162611
1.729 -0.0016095
1.73 -0.00146008
1.731 -0.00146078
1.732 -0.00153937
1.733 -0.0014884
1.734 -0.00145622
1.735 -0.00145965
1.736 -0.00150955
1.737 -0.00156818
1.738 -0.00161991
1.739 -0.00162079
1.74 -0.00144001
1.741 -0.00143841
1.742 -0.00151324
1.743 -0.00140885
1.744 -0.00135986
1.745 -0.00138396
1.746 -0.00143381
1.747 -0.00148907
1.748 -0.00151176
1.749 -0.00147947
1.75 -0.00134401
1.751 -0.00133972
1.752 -0.00142946
1.753 -0.00133961
1.754 -0.00128295
1.755 -0.00136725
1.756 -0.00141303
1.757 -0.00140731
1.758 -0.00149651
1.759 -0.00147246
1.76 -0.00133688
1.761 -0.00131767
1.762 -0.00135612
1.763 -0.00131393
1.764 -0.0012632
1.765 -0.00130257
1.766 -0.00131642
1.767 -0.00130177
1.768 -0.00143598
1.769 -0.00142279
1.77 -0.0012686
1.771 -0.00123236
1.772 -0.00126638
1.773 -0.00124372
1.774 -0.00124971
1.775 -0.0012824
1.776 -0.00127468
1.777 -0.00126642
1.778 -0.00134005
1.779 -0.00130326
1.78 -0.00117383
1.781 -0.00116197
1.782 -0.00120282
1.783 -0.00116441
1.784 -0.00117343
1.785 -0.00119682
1.786 -0.00119779
1.787 -0.00118498
1.788 -0.0012523
1.789 -0.00128148
1.79 -0.00118016
1.791 -0.00113677
1.792 -0.00113443
1.793 -0.00108834
1.794 -0.00112455
1.795 -0.00116651
1.796 -0.00114325
1.797 -0.00113133
1.798 -0.00117779
1.799 -0.00124967
1.8 -0.00118344
1.801 -0.00112045
1.802 -0.00110104
1.803 -0.0010129
1.804 -0.00102427
1.805 -0.00108477
1.806 -0.00107219
1.807 -0.00112458
1.808 -0.00116032
1.809 -0.0011836
1.81 -0.00111327
1.811 -0.00109774
1.812 -0.00104678
1.813 -0.000926882
1.814 -0.000962516
1.815 -0.00101043
1.816 -0.00103811
1.817 -0.00105729
1.818 -0.00112338
1.819 -0.00112049
1.82 -0.0010052
1.821 -0.00102779
1.822 -0.000996751
1.823 -0.000881898
1.824 -0.000916734
1.825 -0.000966403
1.826 -0.000979149
1.827 -0.0010061
1.828 -0.00105173
1.829 -0.00102558
1.83 -0.000904849
1.831 -0.000960529
1.832 -0.000999505
1.833 -0.000868226
1.834 -0.000825006
1.835 -0.000867175
1.836 -0.000913363
1.837 -0.000910749
1.838 -0.000964597
1.839 -0.00103778
1.84 -0.000914266
1.841 -0.00090425
1.842 -0.000970082
1.843 -0.00083075
1.844 -0.000760133
1.845 -0.000821504
1.846 -0.000894067
1.847 -0.000932823
1.848 -0.00091536
1.849 -0.000987694
1.85 -0.000884187
1.851 -0.000816727
1.852 -0.000914936
1.853 -0.000778176
1.854 -0.000678831
1.855 -0.000807881
1.856 -0.000855226
1.857 -0.000851417
1.858 -0.000863795
1.859 -0.000878574
1.86 -0.000817507
1.861 -0.000782973
1.862 -0.000880929
1.863 -0.000791381
1.864 -0.000713063
1.865 -0.000779835
1.866 -0.000785003
1.867 -0.000799694
1.868 -0.000800135
1.869 -0.000808688
1.87 -0.000819646
1.871 -0.000782805
1.872 -0.000786694
1.873 -0.000739913
1.874 -0.000667936
1.875 -0.000716912
1.876 -0.000719295
1.877 -0.000754088
1.878 -0.00082603
1.879 -0.000768685
1.88 -0.000727595
1.881 -0.000669402
1.882 -0.000702315
1.883 -0.000676025
1.884 -0.000618048
1.885 -0.000693157
1.886 -0.000668095
1.887 -0.000655887
1.888 -0.000677302
1.889 -0.000678451
1.89 -0.000714002
1.891 -0.000717798
1.892 -0.00070066
1.893 -0.00065183
1.894 -0.00061714
1.895 -0.000652999
1.896 -0.000647347
1.897 -0.000673285
1.898 -0.000649751
1.899 -0.000634346
1.9 -0.000693801
1.901 -0.000665673
1.902 -0.000690834
1.903 -0.00067454
1.904 -0.000646537
1.905 -0.000647802
1.906 -0.000594733
1.907 -0.000625547
1.908 -0.000557549
1.909 -0.000573471
1.91 -0.00066711
1.911 -0.000619614
1.912 -0.000627402
1.913 -0.0006307
1.914 -0.000584589
1.915 -0.000546164
1.916 -0.000556322
1.917 -0.000579662
1.918 -0.000499156
1.919 -0.000545496
1.92 -0.00067292
1.921 -0.000642706
1.922 -0.000565287
1.923 -0.000539079
1.924 -0.000565796
1.925 -0.000586786
1.926 -0.000586478
1.927 -0.000528249
1.928 -0.000431845
1.929 -0.000480533
1.93 -0.000574114
1.931 -0.000575107
1.932 -0.000560285
1.933 -0.000558293
1.934 -0.000558921
1.935 -0.000579813
1.936 -0.000552901
1.937 -0.000518744
1.938 -0.000468374
1.939 -0.000518001
1.94 -0.000597123
1.941 -0.000529739
1.942 -0.000511205
1.943 -0.000535216
1.944 -0.000519344
1.945 -0.000542348
1.946 -0.000544105
1.947 -0.000508143
1.948 -0.000412168
1.949 -0.000423203
1.95 -0.00055267
1.951 -0.00051625
1.952 -0.000448636
1.953 -0.000477294
1.954 -0.00048803
1.955 -0.000548538
1.956 -0.000511859
1.957 -0.000429228
1.958 -0.000433188
1.959 -0.000443589
1.96 -0.000513871
1.961 -0.000477011
1.962 -0.000451011
1.963 -0.000472496
1.964 -0.000435975
1.965 -0.000460524
1.966 -0.000435115
1.967 -0.000404053
1.968 -0.00041131
1.969 -0.000434186
1.97 -0.0004163
1.971 -0.000306853
1.972 -0.000325767
1.973 -0.000386013
1.974 -0.000410504
1.975 -0.000460505
1.976 -0.000439617
1.977 -0.000407496
1.978 -0.000411488
1.979 -0.000399023
1.98 -0.000307255
1.981 -0.000245346
1.982 -0.000312972
1.983 -0.000305577
1.984 -0.000320605
1.985 -0.000422159
1.986 -0.000415508
1.987 -0.000403972
1.988 -0.000407063
1.989 -0.00034725
1.99 -0.000281039
1.991 -0.000257476
1.992 -0.000300016
1.993 -0.000243798
1.994 -0.000254183
1.995 -0.000351464
1.996 -0.000371418
1.997 -0.000408436
1.998 -0.000344689
1.999 -0.000309753
2 -0.000305298
2.001 -0.000268162
2.002 -0.000335874
2.003 -0.000290057
2.004 -0.000246074
2.005 -0.000292723
2.006 -0.000296154
2.007 -0.000356471
2.008 -0.000313178
2.009 -0.000238738
2.01 -0.000198778
2.011 -0.000262917
2.012 -0.000345347
2.013 -0.00025248
2.014 -0.000244703
2.015 -0.000270939
2.016 -0.000263213
2.017 -0.000312089
2.018 -0.000260616
2.019 -0.000184495
2.02 -0.000137838
2.021 -0.000160612
2.022 -0.000257145
2.023 -0.00022135
2.024 -0.000198287
2.025 -0.000251823
2.026 -0.000250959
2.027 -0.000269066
2.028 -0.000250563
2.029 -0.000165091
2.03 -0.000118956
2.031 -0.000166328
2.032 -0.000235393
2.033 -0.000221706
2.034 -0.000190397
2.035 -0.000181045
2.036 -0.000195371
2.037 -0.00024325
2.038 -0.000211626
2.039 -0.000150303
2.04 -0.000164842
2.041 -0.000200601
2.042 -0.000261946
2.043 -0.000202724
2.044 -0.000102836
2.045 -0.000124357
2.046 -0.000129923
2.047 -0.000153196
2.048 -0.000139069
2.049 -9.76077e-05
2.05 -0.000109707
2.051 -0.000131012
2.052 -0.000222451
2.053 -0.00019331
2.054 -7.44869e-05
2.055 -6.43774e-05
2.056 -0.000110207
2.057 -0.000157463
2.058 -9.26185e-05
2.059 -4.06469e-05
2.06 -6.34927e-05
2.061 -7.74922e-05
2.062 -0.000188859
2.063 -0.000176901
2.064 -2.9674e-05
2.065 -2.99194e-05
2.066 -9.36627e-05
2.067 -0.000144442
2.068 -0.000109558
2.069 -6.18781e-05
2.07 -3.66643e-05
2.071 -8.66049e-06
2.072 -0.000102277
2.073 -0.000126534
2.074 -2.55182e-05
2.075 -2.20773e-05
2.076 -8.08687e-05
2.077 -0.000126149
2.078 -6.69143e-05
2.079 6.63492e-06
2.08 -9.70868e-06
2.081 -1.21061e-05
2.082 -6.12897e-05
2.083 -9.79505e-05
2.084 -2.20366e-05
2.085 1.94158e-05
2.086 1.7837e-05
2.087 -2.6927e-05
2.088 -3.12528e-05
2.089 2.89827e-05
2.09 1.72534e-05
2.091 3.22774e-09
2.092 -3.92074e-05
2.093 -7.4907e-05
2.094 -2.41482e-05
2.095 4.50976e-05
2.096 5.61135e-05
2.097 5.04261e-06
2.098 1.5106e-05
2.099 9.74634e-05
2.1 0.00012479
2.101 7.09612e-05
2.102 -2.3832e-05
2.103 -3.64917e-05
2.104 -1.43862e-06
2.105 2.6003e-05
2.106 7.04569e-05
2.107 4.47669e-05
2.108 7.03479e-05
2.109 0.000137932
2.11 0.00013134
2.111 8.99245e-05
2.112 2.52379e-05
2.113 -2.9594e-05
2.114 -2.49062e-05
2.115 4.55845e-05
2.116 6.87266e-05
2.117 6.0021e-05
2.118 0.0001102
2.119 0.000179666
2.12 0.000161578
2.121 0.000104132
2.122 6.03265e-05
2.123 -2.42204e-05
2.124 -1.80759e-05
2.125 7.48246e-05
2.126 7.49424e-05
2.127 3.96423e-05
2.128 0.000120797
2.129 0.000175066
2.13 0.000159622
2.131 0.000131888
2.132 7.00787e-05
2.133 8.24766e-06
2.134 5.34152e-05
2.135 0.000112025
2.136 6.96338e-05
2.137 4.36094e-05
2.138 0.00015673
2.139 0.000194799
2.14 0.000136954
2.141 0.000138225
2.142 0.000115115
2.143 3.21796e-05
2.144 6.24228e-05
2.145 0.000164366
2.146 0.000154643
2.147 9.7354e-05
2.148 0.000181405
2.149 0.000225602
2.15 0.000179053
2.151 0.000163189
2.152 9.4176e-05
2.153 7.63501e-06
2.154 7.51701e-05
2.155 0.000206092
2.156 0.000185508
2.157 0.000119955
2.158 0.000232104
2.159 0.000279435
2.16 0.000249962
2.161 0.000228065
2.162 0.000141976
2.163 0.000101445
2.164 0.000157532
2.165 0.000239001
2.166 0.000200358
2.167 0.00016155
2.168 0.000248848
2.169 0.000271792
2.17 0.000240168
2.171 0.000228982
2.172 0.000167235
2.173 0.000132187
2.174 0.000163606
2.175 0.00023884
2.176 0.000205089
2.177 0.000123836
2.178 0.000253235
2.179 0.00034926
2.18 0.000297727
2.181 0.000273237
2.182 0.000236999
2.183 0.000234275
2.184 0.000278052
2.185 0.000307429
2.186 0.000238662
2.187 0.000168544
2.188 0.000268645
2.189 0.000320754
2.19 0.000335784
2.191 0.000348574
2.192 0.000292731
2.193 0.00026623
2.194 0.000269709
2.195 0.000306075
2.196 0.000256406
2.197 0.000229768
2.198 0.000347307
2.199 0.000350786
2.2 0.000313218
2.201 0.000365958
2.202 0.000397457
2.203 0.000359587
2.204 0.000325857
2.205 0.000379006
2.206 0.000342518
2.207 0.000264677
2.208 0.000336884
2.209 0.00036339
2.21 0.000324716
2.211 0.000381994
2.212 0.000460582
2.213 0.000446778
2.214 0.000397055
2.215 0.000424234
2.216 0.000429374
2.217 0.00036949
2.218 0.000376821
2.219 0.000370338
2.22 0.000300408
2.221 0.000340518
2.222 0.000426835
2.223 0.000470375
2.224 0.000446358
2.225 0.000447118
2.226 0.000429089
2.227 0.000376806
2.228 0.000419136
2.229 0.000413341
2.23 0.00029611
2.231 0.000347018
2.232 0.000469527
2.233 0.000500775
2.234 0.000458107
2.235 0.000516189
2.236 0.000520454
2.237 0.000422338
2.238 0.000471465
2.239 0.000412959
2.24 0.000365556
2.241 0.000423197
2.242 0.000486101
2.243 0.000534307
2.244 0.000524739
2.245 0.000592915
2.246 0.000546715
2.247 0.000447943
2.248 0.000508167
2.249 0.00044966
2.25 0.00036156
2.251 0.000405656
2.252 0.00048058
2.253 0.000555066
2.254 0.000582913
2.255 0.000583497
2.256 0.000535249
2.257 0.000555261
2.258 0.000568228
2.259 0.000477316
2.26 0.000439616
2.261 0.000435108
2.262 0.000487707
2.263 0.000560451
2.264 0.00062276
2.265 0.00063657
2.266 0.000536576
2.267 0.000565611
2.268 0.000611912
2.269 0.000549602
2.27 0.000529638
2.271 0.000536538
2.272 0.000526839
2.273 0.000566379
2.274 0.000633717
2.275 0.000640983
2.276 0.000576497
2.277 0.000559976
2.278 0.000608272
2.279 0.000571277
2.28 0.000563804
2.281 0.000575563
2.282 0.000529133
2.283 0.000584313
2.284 0.000679995
2.285 0.00062284
2.286 0.00052512
2.287 0.000546114
2.288 0.00057721
2.289 0.00057219
2.29 0.000596058
2.291 0.00062656
2.292 0.000611715
2.293 0.000639771
2.294 0.000733937
2.295 0.000644122
2.296 0.000514587
2.297 0.000585534
2.298 0.00060539
2.299 0.000600512
2.3 0.000632851
2.301 0.000673286
2.302 0.000683428
2.303 0.00069908
2.304 0.000747911
2.305 0.000644229
2.306 0.000527687
2.307 0.00061537
2.308 0.000686091
2.309 0.000646613
2.31 0.000605628
2.311 0.000675152
2.312 0.00072374
2.313 0.000692553
2.314 0.000674138
2.315 0.000647206
2.316 0.000607614
2.317 0.000595958
2.318 0.000650234
2.319 0.000663098
2.32 0.000630355
2.321 0.0007317
2.322 0.000765557
2.323 0.000710898
2.324 0.000729181
2.325 0.000715134
2.326 0.000615129
2.327 0.000562508
2.328 0.000637313
2.329 0.000691502
2.33 0.000649738
2.331 0.000728606
2.332 0.000814577
2.333 0.00076887
2.334 0.000737006
2.335 0.000749173
2.336 0.000686952
2.337 0.000614122
2.338 0.000723573
2.339 0.000711838
2.34 0.00060685
2.341 0.000699513
2.342 0.000774102
2.343 0.00078015
2.344 0.000722771
2.345 0.000672683
2.346 0.000684116
2.347 0.000666014
2.348 0.000716516
2.349 0.00073013
2.35 0.000688536
2.351 0.000717808
2.352 0.000776154
2.353 0.000806368
2.354 0.00075999
2.355 0.000719917
2.356 0.000734591
2.357 0.000728618
2.358 0.00073385
2.359 0.000788588
2.36 0.000720906
2.361 0.000690093
2.362 0.000726828
2.363 0.000792254
2.364 0.000835811
2.365 0.000804152
2.366 0.000795495
2.367 0.000757607
2.368 0.000793573
2.369 0.000839602
2.37 0.000735186
2.371 0.000683135
2.372 0.000708379
2.373 0.000820742
2.374 0.000852219
2.375 0.000793624
2.376 0.000786176
2.377 0.000812404
2.378 0.000854746
2.379 0.000805342
2.38 0.000750711
2.381 0.000766505
2.382 0.000745879
2.383 0.000811614
2.384 0.000835384
2.385 0.000757428
2.386 0.000789947
2.387 0.000838595
2.388 0.000867131
2.389 0.000813793
2.39 0.000754857
2.391 0.000771157
2.392 0.000755344
2.393 0.000846635
2.394 0.000909062
2.395 0.000764825
2.396 0.000781618
2.397 0.000876354
2.398 0.000898138
2.399 0.00089089
2.4 0.000853796
2.401 0.000811694
2.402 0.000784452
2.403 0.000879962
2.404 0.000871812
2.405 0.000725381
2.406 0.000813173
2.407 0.000912135
2.408 0.0008966
2.409 0.000895417
2.41 0.000894693
2.411 0.000894879
2.412 0.00085217
2.413 0.000888559
2.414 0.000876728
2.415 0.000807839
2.416 0.000849524
2.417 0.000937411
2.418 0.000878883
2.419 0.000816935
2.42 0.000876388
2.421 0.000899954
2.422 0.000944412
2.423 0.000971203
2.424 0.000883057
2.425 0.000818513
2.426 0.000870957
2.427 0.000946665
2.428 0.000955496
2.429 0.000885957
2.43 0.000859362
2.431 0.000894253
2.432 0.000968239
2.433 0.00100743
2.434 0.000893441
2.435 0.000854967
2.436 0.000930343
2.437 0.000973423
2.438 0.000982996
2.439 0.000921955
2.44 0.00087844
2.441 0.00090505
2.442 0.00101103
2.443 0.00107551
2.444 0.000906136
2.445 0.000845793
2.446 0.00099415
2.447 0.000998682
2.448 0.00098571
2.449 0.000974797
2.45 0.00091424
2.451 0.000919491
2.452 0.00100381
2.453 0.00104362
2.454 0.0008764
2.455 0.000833028
2.456 0.000966409
2.457 0.000985863
2.458 0.00101004
2.459 0.000995543
2.46 0.000913394
2.461 0.000920685
2.462 0.0010034
2.463 0.000996809
2.464 0.000899631
2.465 0.000881087
2.466 0.000998369
2.467 0.00101938
2.468 0.000993603
2.469 0.000989483
2.47 0.000883172
2.471 0.000885847
2.472 0.000970962
2.473 0.000953052
2.474 0.000882007
2.475 0.000897901
2.476 0.00098646
2.477 0.00102359
2.478 0.00102824
2.479 0.00102837
2.48 0.000933848
2.481 0.000912252
2.482 0.000946689
2.483 0.000922706
2.484 0.000909646
2.485 0.000895597
2.486 0.000957604
2.487 0.00102963
2.488 0.0010575
2.489 0.00106894
2.49 0.000953986
2.491 0.000923649
2.492 0.001115
2.493 0.000980011
2.494 0.000910829
2.495 0.000974752
2.496 0.00102778
2.497 0.00105326
2.498 0.00105189
2.499 0.0010852
