1 418688 6000
2 411244 6000
3 403800 6000
4 396355 6000
5 388911 6000
6 381466 6000
7 374022 6000
8 366577 6000
9 359133 6000
10 351688 6000
11 344244 6000
12 336800 6000
13 329355 6000
14 321911 6000
15 314466 6000
16 307022 6000
17 299577 6000
18 292133 6000
19 284688 6000
20 277244 6000
21 269799 6000
22 262355 6000
23 254911 6000
24 247466 6000
25 240022 6000
26 232577 6000
27 225133 6000
28 217688 6000
29 210244 6000
30 202799 6000
31 195355 6000
32 187911 6000
33 187911 1952
34 195355 1952
35 202799 1952
36 210244 1952
37 217688 1952
38 225133 1952
39 232577 1952
40 240022 1952
41 247466 1952
42 254911 1952
43 262355 1952
44 269799 1952
45 277244 1952
46 284688 1952
47 292133 1952
48 299577 1952
49 307022 1952
50 314466 1952
51 321911 1952
52 329355 1952
53 336800 1952
54 344244 1952
55 351688 1952
56 359133 1952
57 366577 1952
58 374022 1952
59 381466 1952
60 388911 1952
61 396355 1952
62 403800 1952
63 411244 1952
64 418688 1952
65 418688 -2095
66 411244 -2095
67 403800 -2095
68 396355 -2095
69 388911 -2095
70 381466 -2095
71 374022 -2095
72 366577 -2095
73 359133 -2095
74 351688 -2095
75 344244 -2095
76 336800 -2095
77 329355 -2095
78 321911 -2095
79 314466 -2095
80 307022 -2095
81 299577 -2095
82 292133 -2095
83 284688 -2095
84 277244 -2095
85 269799 -2095
86 262355 -2095
87 254911 -2095
88 247466 -2095
89 240022 -2095
90 232577 -2095
91 225133 -2095
92 217688 -2095
93 210244 -2095
94 202799 -2095
95 195355 -2095
96 187911 -2095
97 187911 -6142
98 195355 -6142
99 202799 -6142
100 210244 -6142
101 217688 -6142
102 225133 -6142
103 232577 -6142
104 240022 -6142
105 247466 -6142
106 254911 -6142
107 262355 -6142
108 269799 -6142
109 277244 -6142
110 284688 -6142
111 292133 -6142
112 299577 -6142
113 307022 -6142
114 314466 -6142
115 321911 -6142
116 329355 -6142
117 336800 -6142
118 344244 -6142
119 351688 -6142
120 359133 -6142
121 366577 -6142
122 374022 -6142
123 381466 -6142
124 388911 -6142
125 396355 -6142
126 403800 -6142
127 411244 -6142
128 418688 -6142
129 418688 -10190
130 411244 -10190
131 403800 -10190
132 396355 -10190
133 388911 -10190
134 381466 -10190
135 374022 -10190
136 366577 -10190
137 359133 -10190
138 351688 -10190
139 344244 -10190
140 336800 -10190
141 329355 -10190
142 321911 -10190
143 314466 -10190
144 307022 -10190
145 299577 -10190
146 292133 -10190
147 284688 -10190
148 277244 -10190
149 269799 -10190
150 262355 -10190
151 254911 -10190
152 247466 -10190
153 240022 -10190
154 232577 -10190
155 225133 -10190
156 217688 -10190
157 210244 -10190
158 202799 -10190
159 195355 -10190
160 187911 -10190
161 187911 -14238
162 195355 -14238
163 202799 -14238
164 210244 -14238
165 217688 -14238
166 225133 -14238
167 232577 -14238
168 240022 -14238
169 247466 -14238
170 254911 -14238
171 262355 -14238
172 269799 -14238
173 277244 -14238
174 284688 -14238
175 292133 -14238
176 299577 -14238
177 307022 -14238
178 314466 -14238
179 321911 -14238
180 329355 -14238
181 336800 -14238
182 344244 -14238
183 351688 -14238
184 359133 -14238
185 366577 -14238
186 374022 -14238
187 381466 -14238
188 388911 -14238
189 396355 -14238
190 403800 -14238
191 411244 -14238
192 418688 -14238
193 418688 -18285
194 411244 -18285
195 403800 -18285
196 396355 -18285
197 388911 -18285
198 381466 -18285
199 374022 -18285
200 366577 -18285
201 359133 -18285
202 351688 -18285
203 344244 -18285
204 336800 -18285
205 329355 -18285
206 321911 -18285
207 314466 -18285
208 307022 -18285
209 299577 -18285
210 292133 -18285
211 284688 -18285
212 277244 -18285
213 269799 -18285
214 262355 -18285
215 254911 -18285
216 247466 -18285
217 240022 -18285
218 232577 -18285
219 225133 -18285
220 217688 -18285
221 210244 -18285
222 202799 -18285
223 195355 -18285
224 187911 -18285
225 187911 -22333
226 195355 -22333
227 202799 -22333
228 210244 -22333
229 217688 -22333
230 225133 -22333
231 232577 -22333
232 240022 -22333
233 247466 -22333
234 254911 -22333
235 262355 -22333
236 269799 -22333
237 277244 -22333
238 284688 -22333
239 292133 -22333
240 299577 -22333
241 307022 -22333
242 314466 -22333
243 321911 -22333
244 329355 -22333
245 336800 -22333
246 344244 -22333
247 351688 -22333
248 359133 -22333
249 366577 -22333
250 374022 -22333
251 381466 -22333
252 388911 -22333
253 396355 -22333
254 403800 -22333
255 411244 -22333
256 418688 -22333
257 418688 -26380
258 411244 -26380
259 403800 -26380
260 396355 -26380
261 388911 -26380
262 381466 -26380
263 374022 -26380
264 366577 -26380
265 359133 -26380
266 351688 -26380
267 344244 -26380
268 336800 -26380
269 329355 -26380
270 321911 -26380
271 314466 -26380
272 307022 -26380
273 299577 -26380
274 292133 -26380
275 284688 -26380
276 277244 -26380
277 269799 -26380
278 262355 -26380
279 254911 -26380
280 247466 -26380
281 240022 -26380
282 232577 -26380
283 225133 -26380
284 217688 -26380
285 210244 -26380
286 202799 -26380
287 195355 -26380
288 187911 -26380
289 180466 -26380
290 173022 -26380
291 165577 -26380
292 158133 -26380
293 150688 -26380
294 143244 -26380
295 135799 -26380
296 135799 -30428
297 143244 -30428
298 150688 -30428
299 158133 -30428
300 165577 -30428
301 173022 -30428
302 180466 -30428
303 187911 -30428
304 195355 -30428
305 202799 -30428
306 210244 -30428
307 217688 -30428
308 225133 -30428
309 232577 -30428
310 240022 -30428
311 247466 -30428
312 254911 -30428
313 262355 -30428
314 269799 -30428
315 277244 -30428
316 284688 -30428
317 292133 -30428
318 299577 -30428
319 307022 -30428
320 314466 -30428
321 321911 -30428
322 329355 -30428
323 336800 -30428
324 344244 -30428
325 351688 -30428
326 359133 -30428
327 366577 -30428
328 374022 -30428
329 381466 -30428
330 388911 -30428
331 396355 -30428
332 403800 -30428
333 411244 -30428
334 418688 -30428
335 426133 -30428
336 433577 -30428
337 441022 -30428
338 448466 -30428
339 455911 -30428
340 463355 -30428
341 470800 -30428
342 470800 -34476
343 463355 -34476
344 455911 -34476
345 448466 -34476
346 441022 -34476
347 433577 -34476
348 426133 -34476
349 418688 -34476
350 411244 -34476
351 403800 -34476
352 396355 -34476
353 388911 -34476
354 381466 -34476
355 374022 -34476
356 366577 -34476
357 359133 -34476
358 351688 -34476
359 344244 -34476
360 336800 -34476
361 329355 -34476
362 321911 -34476
363 314466 -34476
364 307022 -34476
365 299577 -34476
366 292133 -34476
367 284688 -34476
368 277244 -34476
369 269799 -34476
370 262355 -34476
371 254911 -34476
372 247466 -34476
373 240022 -34476
374 232577 -34476
375 225133 -34476
376 217688 -34476
377 210244 -34476
378 202799 -34476
379 195355 -34476
380 187911 -34476
381 180466 -34476
382 173022 -34476
383 165577 -34476
384 158133 -34476
385 150688 -34476
386 143244 -34476
387 135799 -34476
388 135799 -38523
389 143244 -38523
390 150688 -38523
391 158133 -38523
392 165577 -38523
393 173022 -38523
394 180466 -38523
395 187911 -38523
396 195355 -38523
397 202799 -38523
398 210244 -38523
399 217688 -38523
400 225133 -38523
401 232577 -38523
402 240022 -38523
403 247466 -38523
404 254911 -38523
405 262355 -38523
406 269799 -38523
407 277244 -38523
408 284688 -38523
409 292133 -38523
410 299577 -38523
411 307022 -38523
412 314466 -38523
413 321911 -38523
414 329355 -38523
415 336800 -38523
416 344244 -38523
417 351688 -38523
418 359133 -38523
419 366577 -38523
420 374022 -38523
421 381466 -38523
422 388911 -38523
423 396355 -38523
424 403800 -38523
425 411244 -38523
426 418688 -38523
427 426133 -38523
428 433577 -38523
429 441022 -38523
430 448466 -38523
431 455911 -38523
432 463355 -38523
433 470800 -38523
434 470800 -42571
435 463355 -42571
436 455911 -42571
437 448466 -42571
438 441022 -42571
439 433577 -42571
440 426133 -42571
441 418688 -42571
442 411244 -42571
443 403800 -42571
444 396355 -42571
445 388911 -42571
446 381466 -42571
447 374022 -42571
448 366577 -42571
449 359133 -42571
450 351688 -42571
451 344244 -42571
452 336800 -42571
453 329355 -42571
454 321911 -42571
455 314466 -42571
456 307022 -42571
457 299577 -42571
458 292133 -42571
459 284688 -42571
460 277244 -42571
461 269799 -42571
462 262355 -42571
463 254911 -42571
464 247466 -42571
465 240022 -42571
466 232577 -42571
467 225133 -42571
468 217688 -42571
469 210244 -42571
470 202799 -42571
471 195355 -42571
472 187911 -42571
473 180466 -42571
474 173022 -42571
475 165577 -42571
476 158133 -42571
477 150688 -42571
478 143244 -42571
479 135799 -42571
480 135799 -46619
481 143244 -46619
482 150688 -46619
483 158133 -46619
484 165577 -46619
485 173022 -46619
486 180466 -46619
487 187911 -46619
488 195355 -46619
489 202799 -46619
490 210244 -46619
491 217688 -46619
492 225133 -46619
493 232577 -46619
494 240022 -46619
495 247466 -46619
496 254911 -46619
497 262355 -46619
498 269799 -46619
499 277244 -46619
500 284688 -46619
501 292133 -46619
502 299577 -46619
503 307022 -46619
504 314466 -46619
505 321911 -46619
506 329355 -46619
507 336800 -46619
508 344244 -46619
509 351688 -46619
510 359133 -46619
511 366577 -46619
512 374022 -46619
513 381466 -46619
514 388911 -46619
515 396355 -46619
516 403800 -46619
517 411244 -46619
518 418688 -46619
519 426133 -46619
520 433577 -46619
521 441022 -46619
522 448466 -46619
523 455911 -46619
524 463355 -46619
525 470800 -46619
526 470800 -50666
527 463355 -50666
528 455911 -50666
529 448466 -50666
530 441022 -50666
531 433577 -50666
532 426133 -50666
533 418688 -50666
534 411244 -50666
535 403800 -50666
536 396355 -50666
537 388911 -50666
538 381466 -50666
539 374022 -50666
540 366577 -50666
541 359133 -50666
542 351688 -50666
543 344244 -50666
544 336800 -50666
545 329355 -50666
546 321911 -50666
547 314466 -50666
548 307022 -50666
549 299577 -50666
550 292133 -50666
551 284688 -50666
552 277244 -50666
553 269799 -50666
554 262355 -50666
555 254911 -50666
556 247466 -50666
557 240022 -50666
558 232577 -50666
559 225133 -50666
560 217688 -50666
561 210244 -50666
562 202799 -50666
563 195355 -50666
564 187911 -50666
565 180466 -50666
566 173022 -50666
567 165577 -50666
568 158133 -50666
569 150688 -50666
570 143244 -50666
571 135799 -50666
572 135799 -54714
573 143244 -54714
574 150688 -54714
575 158133 -54714
576 165577 -54714
577 173022 -54714
578 180466 -54714
579 187911 -54714
580 195355 -54714
581 202799 -54714
582 210244 -54714
583 217688 -54714
584 225133 -54714
585 232577 -54714
586 240022 -54714
587 247466 -54714
588 254911 -54714
589 262355 -54714
590 269799 -54714
591 277244 -54714
592 284688 -54714
593 292133 -54714
594 299577 -54714
595 307022 -54714
596 314466 -54714
597 321911 -54714
598 329355 -54714
599 336800 -54714
600 344244 -54714
601 351688 -54714
602 359133 -54714
603 366577 -54714
604 374022 -54714
605 381466 -54714
606 388911 -54714
607 396355 -54714
608 403800 -54714
609 411244 -54714
610 418688 -54714
611 426133 -54714
612 433577 -54714
613 441022 -54714
614 448466 -54714
615 455911 -54714
616 463355 -54714
617 470800 -54714
618 470800 -58761
619 463355 -58761
620 455911 -58761
621 448466 -58761
622 441022 -58761
623 433577 -58761
624 426133 -58761
625 418688 -58761
626 411244 -58761
627 403800 -58761
628 396355 -58761
629 388911 -58761
630 381466 -58761
631 374022 -58761
632 366577 -58761
633 359133 -58761
634 351688 -58761
635 344244 -58761
636 336800 -58761
637 329355 -58761
638 321911 -58761
639 314466 -58761
640 307022 -58761
641 299577 -58761
642 292133 -58761
643 284688 -58761
644 277244 -58761
645 269799 -58761
646 262355 -58761
647 254911 -58761
648 247466 -58761
649 240022 -58761
650 232577 -58761
651 225133 -58761
652 217688 -58761
653 210244 -58761
654 202799 -58761
655 195355 -58761
656 187911 -58761
657 180466 -58761
658 173022 -58761
659 165577 -58761
660 158133 -58761
661 150688 -58761
662 143244 -58761
663 135799 -58761
664 135799 -62809
665 143244 -62809
666 150688 -62809
667 158133 -62809
668 165577 -62809
669 173022 -62809
670 180466 -62809
671 187911 -62809
672 195355 -62809
673 202799 -62809
674 210244 -62809
675 217688 -62809
676 225133 -62809
677 232577 -62809
678 240022 -62809
679 247466 -62809
680 254911 -62809
681 262355 -62809
682 269799 -62809
683 277244 -62809
684 284688 -62809
685 292133 -62809
686 299577 -62809
687 307022 -62809
688 314466 -62809
689 321911 -62809
690 329355 -62809
691 336800 -62809
692 344244 -62809
693 351688 -62809
694 359133 -62809
695 366577 -62809
696 374022 -62809
697 381466 -62809
698 388911 -62809
699 396355 -62809
700 403800 -62809
701 411244 -62809
702 418688 -62809
703 426133 -62809
704 433577 -62809
705 441022 -62809
706 448466 -62809
707 455911 -62809
708 463355 -62809
709 470800 -62809
710 470800 -66857
711 463355 -66857
712 455911 -66857
713 448466 -66857
714 441022 -66857
715 433577 -66857
716 426133 -66857
717 418688 -66857
718 411244 -66857
719 403800 -66857
720 396355 -66857
721 388911 -66857
722 381466 -66857
723 374022 -66857
724 366577 -66857
725 359133 -66857
726 351688 -66857
727 344244 -66857
728 336800 -66857
729 329355 -66857
730 321911 -66857
731 314466 -66857
732 307022 -66857
733 299577 -66857
734 292133 -66857
735 284688 -66857
736 277244 -66857
737 269799 -66857
738 262355 -66857
739 254911 -66857
740 247466 -66857
741 240022 -66857
742 232577 -66857
743 225133 -66857
744 217688 -66857
745 210244 -66857
746 202799 -66857
747 195355 -66857
748 187911 -66857
749 180466 -66857
750 173022 -66857
751 165577 -66857
752 158133 -66857
753 150688 -66857
754 143244 -66857
755 135799 -66857
756 135799 -70904
757 143244 -70904
758 150688 -70904
759 158133 -70904
760 165577 -70904
761 173022 -70904
762 180466 -70904
763 187911 -70904
764 195355 -70904
765 202799 -70904
766 210244 -70904
767 217688 -70904
768 225133 -70904
769 232577 -70904
770 240022 -70904
771 247466 -70904
772 254911 -70904
773 262355 -70904
774 269799 -70904
775 277244 -70904
776 284688 -70904
777 292133 -70904
778 299577 -70904
779 307022 -70904
780 314466 -70904
781 321911 -70904
782 329355 -70904
783 336800 -70904
784 344244 -70904
785 351688 -70904
786 359133 -70904
787 366577 -70904
788 374022 -70904
789 381466 -70904
790 388911 -70904
791 396355 -70904
792 403800 -70904
793 411244 -70904
794 418688 -70904
795 426133 -70904
796 433577 -70904
797 441022 -70904
798 448466 -70904
799 455911 -70904
800 463355 -70904
801 470800 -70904
802 470800 -74952
803 463355 -74952
804 455911 -74952
805 448466 -74952
806 441022 -74952
807 433577 -74952
808 426133 -74952
809 418688 -74952
810 411244 -74952
811 403800 -74952
812 396355 -74952
813 388911 -74952
814 381466 -74952
815 374022 -74952
816 366577 -74952
817 359133 -74952
818 351688 -74952
819 344244 -74952
820 336800 -74952
821 329355 -74952
822 321911 -74952
823 314466 -74952
824 307022 -74952
825 299577 -74952
826 292133 -74952
827 284688 -74952
828 277244 -74952
829 269799 -74952
830 262355 -74952
831 254911 -74952
832 247466 -74952
833 240022 -74952
834 232577 -74952
835 225133 -74952
836 217688 -74952
837 210244 -74952
838 202799 -74952
839 195355 -74952
840 187911 -74952
841 180466 -74952
842 173022 -74952
843 165577 -74952
844 158133 -74952
845 150688 -74952
846 143244 -74952
847 135799 -74952
848 135799 -79000
849 143244 -79000
850 150688 -79000
851 158133 -79000
852 165577 -79000
853 173022 -79000
854 180466 -79000
855 187911 -79000
856 195355 -79000
857 202799 -79000
858 210244 -79000
859 217688 -79000
860 225133 -79000
861 232577 -79000
862 240022 -79000
863 247466 -79000
864 254911 -79000
865 262355 -79000
866 269799 -79000
867 277244 -79000
868 284688 -79000
869 292133 -79000
870 299577 -79000
871 307022 -79000
872 314466 -79000
873 321911 -79000
874 329355 -79000
875 336800 -79000
876 344244 -79000
877 351688 -79000
878 359133 -79000
879 366577 -79000
880 374022 -79000
881 381466 -79000
882 388911 -79000
883 396355 -79000
884 403800 -79000
885 411244 -79000
886 418688 -79000
887 426133 -79000
888 433577 -79000
889 441022 -79000
890 448466 -79000
891 455911 -79000
892 463355 -79000
893 470800 -79000
894 470800 -83047
895 463355 -83047
896 455911 -83047
897 448466 -83047
898 441022 -83047
899 433577 -83047
900 426133 -83047
901 418688 -83047
902 411244 -83047
903 403800 -83047
904 396355 -83047
905 388911 -83047
906 381466 -83047
907 374022 -83047
908 366577 -83047
909 359133 -83047
910 351688 -83047
911 344244 -83047
912 336800 -83047
913 329355 -83047
914 321911 -83047
915 314466 -83047
916 307022 -83047
917 299577 -83047
918 292133 -83047
919 284688 -83047
920 277244 -83047
921 269799 -83047
922 262355 -83047
923 254911 -83047
924 247466 -83047
925 240022 -83047
926 232577 -83047
927 225133 -83047
928 217688 -83047
929 210244 -83047
930 202799 -83047
931 195355 -83047
932 187911 -83047
933 180466 -83047
934 173022 -83047
935 165577 -83047
936 158133 -83047
937 150688 -83047
938 143244 -83047
939 135799 -83047
940 135799 -87095
941 143244 -87095
942 150688 -87095
943 158133 -87095
944 165577 -87095
945 173022 -87095
946 180466 -87095
947 187911 -87095
948 195355 -87095
949 202799 -87095
950 210244 -87095
951 217688 -87095
952 225133 -87095
953 232577 -87095
954 240022 -87095
955 247466 -87095
956 254911 -87095
957 262355 -87095
958 269799 -87095
959 277244 -87095
960 284688 -87095
961 292133 -87095
962 299577 -87095
963 307022 -87095
964 314466 -87095
965 321911 -87095
966 329355 -87095
967 336800 -87095
968 344244 -87095
969 351688 -87095
970 359133 -87095
971 366577 -87095
972 374022 -87095
973 381466 -87095
974 388911 -87095
975 396355 -87095
976 403800 -87095
977 411244 -87095
978 418688 -87095
979 426133 -87095
980 433577 -87095
981 441022 -87095
982 448466 -87095
983 455911 -87095
984 463355 -87095
985 470800 -87095
986 470800 -91142
987 463355 -91142
988 455911 -91142
989 448466 -91142
990 441022 -91142
991 433577 -91142
992 426133 -91142
993 418688 -91142
994 411244 -91142
995 403800 -91142
996 396355 -91142
997 388911 -91142
998 381466 -91142
999 374022 -91142
1000 366577 -91142
1001 359133 -91142
1002 351688 -91142
1003 344244 -91142
1004 336800 -91142
1005 329355 -91142
1006 321911 -91142
1007 314466 -91142
1008 307022 -91142
1009 299577 -91142
1010 292133 -91142
1011 284688 -91142
1012 277244 -91142
1013 269799 -91142
1014 262355 -91142
1015 254911 -91142
1016 247466 -91142
1017 240022 -91142
1018 232577 -91142
1019 225133 -91142
1020 217688 -91142
1021 210244 -91142
1022 202799 -91142
1023 195355 -91142
1024 187911 -91142
1025 180466 -91142
1026 173022 -91142
1027 165577 -91142
1028 158133 -91142
1029 150688 -91142
1030 143244 -91142
1031 135799 -91142
1032 135799 -95190
1033 143244 -95190
1034 150688 -95190
1035 158133 -95190
1036 165577 -95190
1037 173022 -95190
1038 180466 -95190
1039 187911 -95190
1040 195355 -95190
1041 202799 -95190
1042 210244 -95190
1043 217688 -95190
1044 225133 -95190
1045 232577 -95190
1046 240022 -95190
1047 247466 -95190
1048 254911 -95190
1049 262355 -95190
1050 269799 -95190
1051 277244 -95190
1052 284688 -95190
1053 292133 -95190
1054 299577 -95190
1055 307022 -95190
1056 314466 -95190
1057 321911 -95190
1058 329355 -95190
1059 336800 -95190
1060 344244 -95190
1061 351688 -95190
1062 359133 -95190
1063 366577 -95190
1064 374022 -95190
1065 381466 -95190
1066 388911 -95190
1067 396355 -95190
1068 403800 -95190
1069 411244 -95190
1070 418688 -95190
1071 426133 -95190
1072 433577 -95190
1073 441022 -95190
1074 448466 -95190
1075 455911 -95190
1076 463355 -95190
1077 470800 -95190
1078 470800 -99238
1079 463355 -99238
1080 455911 -99238
1081 448466 -99238
1082 441022 -99238
1083 433577 -99238
1084 426133 -99238
1085 418688 -99238
1086 411244 -99238
1087 403800 -99238
1088 396355 -99238
1089 388911 -99238
1090 381466 -99238
1091 374022 -99238
1092 366577 -99238
1093 359133 -99238
1094 351688 -99238
1095 344244 -99238
1096 336800 -99238
1097 329355 -99238
1098 321911 -99238
1099 314466 -99238
1100 307022 -99238
1101 299577 -99238
1102 292133 -99238
1103 284688 -99238
1104 277244 -99238
1105 269799 -99238
1106 262355 -99238
1107 254911 -99238
1108 247466 -99238
1109 240022 -99238
1110 232577 -99238
1111 225133 -99238
1112 217688 -99238
1113 210244 -99238
1114 202799 -99238
1115 195355 -99238
1116 187911 -99238
1117 180466 -99238
1118 173022 -99238
1119 165577 -99238
1120 158133 -99238
1121 150688 -99238
1122 143244 -99238
1123 135799 -99238
1124 135799 -103285
1125 143244 -103285
1126 150688 -103285
1127 158133 -103285
1128 165577 -103285
1129 173022 -103285
1130 180466 -103285
1131 187911 -103285
1132 195355 -103285
1133 202799 -103285
1134 210244 -103285
1135 217688 -103285
1136 225133 -103285
1137 232577 -103285
1138 240022 -103285
1139 247466 -103285
1140 254911 -103285
1141 262355 -103285
1142 269799 -103285
1143 277244 -103285
1144 284688 -103285
1145 292133 -103285
1146 299577 -103285
1147 307022 -103285
1148 314466 -103285
1149 321911 -103285
1150 329355 -103285
1151 336800 -103285
1152 344244 -103285
1153 351688 -103285
1154 359133 -103285
1155 366577 -103285
1156 374022 -103285
1157 381466 -103285
1158 388911 -103285
1159 396355 -103285
1160 403800 -103285
1161 411244 -103285
1162 418688 -103285
1163 426133 -103285
1164 433577 -103285
1165 441022 -103285
1166 448466 -103285
1167 455911 -103285
1168 463355 -103285
1169 470800 -103285
1170 470800 -107333
1171 463355 -107333
1172 455911 -107333
1173 448466 -107333
1174 441022 -107333
1175 433577 -107333
1176 426133 -107333
1177 418688 -107333
1178 411244 -107333
1179 403800 -107333
1180 396355 -107333
1181 388911 -107333
1182 381466 -107333
1183 374022 -107333
1184 366577 -107333
1185 359133 -107333
1186 351688 -107333
1187 344244 -107333
1188 336800 -107333
1189 329355 -107333
1190 321911 -107333
1191 314466 -107333
1192 307022 -107333
1193 299577 -107333
1194 292133 -107333
1195 284688 -107333
1196 277244 -107333
1197 269799 -107333
1198 262355 -107333
1199 254911 -107333
1200 247466 -107333
1201 240022 -107333
1202 232577 -107333
1203 225133 -107333
1204 217688 -107333
1205 210244 -107333
1206 202799 -107333
1207 195355 -107333
1208 187911 -107333
1209 180466 -107333
1210 173022 -107333
1211 165577 -107333
1212 158133 -107333
1213 150688 -107333
1214 143244 -107333
1215 135799 -107333
1216 135799 -111380
1217 143244 -111380
1218 150688 -111380
1219 158133 -111380
1220 165577 -111380
1221 173022 -111380
1222 180466 -111380
1223 187911 -111380
1224 195355 -111380
1225 202799 -111380
1226 210244 -111380
1227 217688 -111380
1228 225133 -111380
1229 232577 -111380
1230 240022 -111380
1231 247466 -111380
1232 254911 -111380
1233 262355 -111380
1234 269799 -111380
1235 277244 -111380
1236 284688 -111380
1237 292133 -111380
1238 299577 -111380
1239 307022 -111380
1240 314466 -111380
1241 321911 -111380
1242 329355 -111380
1243 336800 -111380
1244 344244 -111380
1245 351688 -111380
1246 359133 -111380
1247 366577 -111380
1248 374022 -111380
1249 381466 -111380
1250 388911 -111380
1251 396355 -111380
1252 403800 -111380
1253 411244 -111380
1254 418688 -111380
1255 426133 -111380
1256 433577 -111380
1257 441022 -111380
1258 448466 -111380
1259 455911 -111380
1260 463355 -111380
1261 470800 -111380
1262 470800 -115428
1263 463355 -115428
1264 455911 -115428
1265 448466 -115428
1266 441022 -115428
1267 433577 -115428
1268 426133 -115428
1269 418688 -115428
1270 411244 -115428
1271 403800 -115428
1272 396355 -115428
1273 388911 -115428
1274 381466 -115428
1275 374022 -115428
1276 366577 -115428
1277 359133 -115428
1278 351688 -115428
1279 344244 -115428
1280 336800 -115428
1281 329355 -115428
1282 321911 -115428
1283 314466 -115428
1284 307022 -115428
1285 299577 -115428
1286 292133 -115428
1287 284688 -115428
1288 277244 -115428
1289 269799 -115428
1290 262355 -115428
1291 254911 -115428
1292 247466 -115428
1293 240022 -115428
1294 232577 -115428
1295 225133 -115428
1296 217688 -115428
1297 210244 -115428
1298 202799 -115428
1299 195355 -115428
1300 187911 -115428
1301 180466 -115428
1302 173022 -115428
1303 165577 -115428
1304 158133 -115428
1305 150688 -115428
1306 143244 -115428
1307 135799 -115428
1308 135799 -119476
1309 143244 -119476
1310 150688 -119476
1311 158133 -119476
1312 165577 -119476
1313 173022 -119476
1314 180466 -119476
1315 187911 -119476
1316 195355 -119476
1317 202799 -119476
1318 210244 -119476
1319 217688 -119476
1320 225133 -119476
1321 232577 -119476
1322 240022 -119476
1323 247466 -119476
1324 254911 -119476
1325 262355 -119476
1326 269799 -119476
1327 277244 -119476
1328 284688 -119476
1329 292133 -119476
1330 299577 -119476
1331 307022 -119476
1332 314466 -119476
1333 321911 -119476
1334 329355 -119476
1335 336800 -119476
1336 344244 -119476
1337 351688 -119476
1338 359133 -119476
1339 366577 -119476
1340 374022 -119476
1341 381466 -119476
1342 388911 -119476
1343 396355 -119476
1344 403800 -119476
1345 411244 -119476
1346 418688 -119476
1347 426133 -119476
1348 433577 -119476
1349 441022 -119476
1350 448466 -119476
1351 455911 -119476
1352 463355 -119476
1353 470800 -119476
1354 470800 -123523
1355 463355 -123523
1356 455911 -123523
1357 448466 -123523
1358 441022 -123523
1359 433577 -123523
1360 426133 -123523
1361 418688 -123523
1362 411244 -123523
1363 403800 -123523
1364 396355 -123523
1365 388911 -123523
1366 381466 -123523
1367 374022 -123523
1368 366577 -123523
1369 359133 -123523
1370 351688 -123523
1371 344244 -123523
1372 336800 -123523
1373 329355 -123523
1374 321911 -123523
1375 314466 -123523
1376 307022 -123523
1377 299577 -123523
1378 292133 -123523
1379 284688 -123523
1380 277244 -123523
1381 269799 -123523
1382 262355 -123523
1383 254911 -123523
1384 247466 -123523
1385 240022 -123523
1386 232577 -123523
1387 225133 -123523
1388 217688 -123523
1389 210244 -123523
1390 202799 -123523
1391 195355 -123523
1392 187911 -123523
1393 180466 -123523
1394 173022 -123523
1395 165577 -123523
1396 158133 -123523
1397 150688 -123523
1398 143244 -123523
1399 135799 -123523
1400 135799 -127571
1401 143244 -127571
1402 150688 -127571
1403 158133 -127571
1404 165577 -127571
1405 173022 -127571
1406 180466 -127571
1407 187911 -127571
1408 195355 -127571
1409 202799 -127571
1410 210244 -127571
1411 217688 -127571
1412 225133 -127571
1413 232577 -127571
1414 240022 -127571
1415 247466 -127571
1416 254911 -127571
1417 262355 -127571
1418 269799 -127571
1419 277244 -127571
1420 284688 -127571
1421 292133 -127571
1422 299577 -127571
1423 307022 -127571
1424 314466 -127571
1425 321911 -127571
1426 329355 -127571
1427 336800 -127571
1428 344244 -127571
1429 351688 -127571
1430 359133 -127571
1431 366577 -127571
1432 374022 -127571
1433 381466 -127571
1434 388911 -127571
1435 396355 -127571
1436 403800 -127571
1437 411244 -127571
1438 418688 -127571
1439 426133 -127571
1440 433577 -127571
1441 441022 -127571
1442 448466 -127571
1443 455911 -127571
1444 463355 -127571
1445 470800 -127571
1446 470800 -131619
1447 463355 -131619
1448 455911 -131619
1449 448466 -131619
1450 441022 -131619
1451 433577 -131619
1452 426133 -131619
1453 418688 -131619
1454 411244 -131619
1455 403800 -131619
1456 396355 -131619
1457 388911 -131619
1458 381466 -131619
1459 374022 -131619
1460 366577 -131619
1461 359133 -131619
1462 351688 -131619
1463 344244 -131619
1464 336800 -131619
1465 329355 -131619
1466 321911 -131619
1467 314466 -131619
1468 307022 -131619
1469 299577 -131619
1470 292133 -131619
1471 284688 -131619
1472 277244 -131619
1473 269799 -131619
1474 262355 -131619
1475 254911 -131619
1476 247466 -131619
1477 240022 -131619
1478 232577 -131619
1479 225133 -131619
1480 217688 -131619
1481 210244 -131619
1482 202799 -131619
1483 195355 -131619
1484 187911 -131619
1485 180466 -131619
1486 173022 -131619
1487 165577 -131619
1488 158133 -131619
1489 150688 -131619
1490 143244 -131619
1491 135799 -131619
1492 135799 -135666
1493 143244 -135666
1494 150688 -135666
1495 158133 -135666
1496 165577 -135666
1497 173022 -135666
1498 180466 -135666
1499 187911 -135666
1500 195355 -135666
1501 202799 -135666
1502 210244 -135666
1503 217688 -135666
1504 225133 -135666
1505 232577 -135666
1506 240022 -135666
1507 247466 -135666
1508 254911 -135666
1509 262355 -135666
1510 269799 -135666
1511 277244 -135666
1512 284688 -135666
1513 292133 -135666
1514 299577 -135666
1515 307022 -135666
1516 314466 -135666
1517 321911 -135666
1518 329355 -135666
1519 336800 -135666
1520 344244 -135666
1521 351688 -135666
1522 359133 -135666
1523 366577 -135666
1524 374022 -135666
1525 381466 -135666
1526 388911 -135666
1527 396355 -135666
1528 403800 -135666
1529 411244 -135666
1530 418688 -135666
1531 426133 -135666
1532 433577 -135666
1533 441022 -135666
1534 448466 -135666
1535 455911 -135666
1536 463355 -135666
1537 470800 -135666
1538 470800 -139714
1539 463355 -139714
1540 455911 -139714
1541 448466 -139714
1542 441022 -139714
1543 433577 -139714
1544 426133 -139714
1545 418688 -139714
1546 411244 -139714
1547 403800 -139714
1548 396355 -139714
1549 388911 -139714
1550 381466 -139714
1551 374022 -139714
1552 366577 -139714
1553 359133 -139714
1554 351688 -139714
1555 344244 -139714
1556 336800 -139714
1557 329355 -139714
1558 321911 -139714
1559 314466 -139714
1560 307022 -139714
1561 299577 -139714
1562 292133 -139714
1563 284688 -139714
1564 277244 -139714
1565 269799 -139714
1566 262355 -139714
1567 254911 -139714
1568 247466 -139714
1569 240022 -139714
1570 232577 -139714
1571 225133 -139714
1572 217688 -139714
1573 210244 -139714
1574 202799 -139714
1575 195355 -139714
1576 187911 -139714
1577 180466 -139714
1578 173022 -139714
1579 165577 -139714
1580 158133 -139714
1581 150688 -139714
1582 143244 -139714
1583 135799 -139714
1584 135799 -143761
1585 143244 -143761
1586 150688 -143761
1587 158133 -143761
1588 165577 -143761
1589 173022 -143761
1590 180466 -143761
1591 187911 -143761
1592 195355 -143761
1593 202799 -143761
1594 210244 -143761
1595 217688 -143761
1596 225133 -143761
1597 232577 -143761
1598 240022 -143761
1599 247466 -143761
1600 254911 -143761
1601 262355 -143761
1602 269799 -143761
1603 277244 -143761
1604 284688 -143761
1605 292133 -143761
1606 299577 -143761
1607 307022 -143761
1608 314466 -143761
1609 321911 -143761
1610 329355 -143761
1611 336800 -143761
1612 344244 -143761
1613 351688 -143761
1614 359133 -143761
1615 366577 -143761
1616 374022 -143761
1617 381466 -143761
1618 388911 -143761
1619 396355 -143761
1620 403800 -143761
1621 411244 -143761
1622 418688 -143761
1623 426133 -143761
1624 433577 -143761
1625 441022 -143761
1626 448466 -143761
1627 455911 -143761
1628 463355 -143761
1629 470800 -143761
1630 470800 -147809
1631 463355 -147809
1632 455911 -147809
1633 448466 -147809
1634 441022 -147809
1635 433577 -147809
1636 426133 -147809
1637 418688 -147809
1638 411244 -147809
1639 403800 -147809
1640 396355 -147809
1641 388911 -147809
1642 381466 -147809
1643 374022 -147809
1644 366577 -147809
1645 359133 -147809
1646 351688 -147809
1647 344244 -147809
1648 336800 -147809
1649 329355 -147809
1650 321911 -147809
1651 314466 -147809
1652 307022 -147809
1653 299577 -147809
1654 292133 -147809
1655 284688 -147809
1656 277244 -147809
1657 269799 -147809
1658 262355 -147809
1659 254911 -147809
1660 247466 -147809
1661 240022 -147809
1662 232577 -147809
1663 225133 -147809
1664 217688 -147809
1665 210244 -147809
1666 202799 -147809
1667 195355 -147809
1668 187911 -147809
1669 180466 -147809
1670 173022 -147809
1671 165577 -147809
1672 158133 -147809
1673 150688 -147809
1674 143244 -147809
1675 135799 -147809
1676 135799 -151857
1677 143244 -151857
1678 150688 -151857
1679 158133 -151857
1680 165577 -151857
1681 173022 -151857
1682 180466 -151857
1683 187911 -151857
1684 195355 -151857
1685 202799 -151857
1686 210244 -151857
1687 217688 -151857
1688 225133 -151857
1689 232577 -151857
1690 240022 -151857
1691 247466 -151857
1692 254911 -151857
1693 262355 -151857
1694 269799 -151857
1695 277244 -151857
1696 284688 -151857
1697 292133 -151857
1698 299577 -151857
1699 307022 -151857
1700 314466 -151857
1701 321911 -151857
1702 329355 -151857
1703 336800 -151857
1704 344244 -151857
1705 351688 -151857
1706 359133 -151857
1707 366577 -151857
1708 374022 -151857
1709 381466 -151857
1710 388911 -151857
1711 396355 -151857
1712 403800 -151857
1713 411244 -151857
1714 418688 -151857
1715 426133 -151857
1716 433577 -151857
1717 441022 -151857
1718 448466 -151857
1719 455911 -151857
1720 463355 -151857
1721 470800 -151857
1722 470800 -155904
1723 463355 -155904
1724 455911 -155904
1725 448466 -155904
1726 441022 -155904
1727 433577 -155904
1728 426133 -155904
1729 418688 -155904
1730 411244 -155904
1731 403800 -155904
1732 396355 -155904
1733 388911 -155904
1734 381466 -155904
1735 374022 -155904
1736 366577 -155904
1737 359133 -155904
1738 351688 -155904
1739 344244 -155904
1740 336800 -155904
1741 329355 -155904
1742 321911 -155904
1743 314466 -155904
1744 307022 -155904
1745 299577 -155904
1746 292133 -155904
1747 284688 -155904
1748 277244 -155904
1749 269799 -155904
1750 262355 -155904
1751 254911 -155904
1752 247466 -155904
1753 240022 -155904
1754 232577 -155904
1755 225133 -155904
1756 217688 -155904
1757 210244 -155904
1758 202799 -155904
1759 195355 -155904
1760 187911 -155904
1761 180466 -155904
1762 173022 -155904
1763 165577 -155904
1764 158133 -155904
1765 150688 -155904
1766 143244 -155904
1767 135799 -155904
1768 135799 -159952
1769 143244 -159952
1770 150688 -159952
1771 158133 -159952
1772 165577 -159952
1773 173022 -159952
1774 180466 -159952
1775 187911 -159952
1776 195355 -159952
1777 202799 -159952
1778 210244 -159952
1779 217688 -159952
1780 225133 -159952
1781 232577 -159952
1782 240022 -159952
1783 247466 -159952
1784 254911 -159952
1785 262355 -159952
1786 269799 -159952
1787 277244 -159952
1788 284688 -159952
1789 292133 -159952
1790 299577 -159952
1791 307022 -159952
1792 314466 -159952
1793 321911 -159952
1794 329355 -159952
1795 336800 -159952
1796 344244 -159952
1797 351688 -159952
1798 359133 -159952
1799 366577 -159952
1800 374022 -159952
1801 381466 -159952
1802 388911 -159952
1803 396355 -159952
1804 403800 -159952
1805 411244 -159952
1806 418688 -159952
1807 426133 -159952
1808 433577 -159952
1809 441022 -159952
1810 448466 -159952
1811 455911 -159952
1812 463355 -159952
1813 470800 -159952
1814 470800 -163999
1815 463355 -163999
1816 455911 -163999
1817 448466 -163999
1818 441022 -163999
1819 433577 -163999
1820 426133 -163999
1821 418688 -163999
1822 411244 -163999
1823 403800 -163999
1824 396355 -163999
1825 388911 -163999
1826 381466 -163999
1827 374022 -163999
1828 366577 -163999
1829 359133 -163999
1830 351688 -163999
1831 344244 -163999
1832 336800 -163999
1833 329355 -163999
1834 321911 -163999
1835 314466 -163999
1836 307022 -163999
1837 299577 -163999
1838 292133 -163999
1839 284688 -163999
1840 277244 -163999
1841 269799 -163999
1842 262355 -163999
1843 254911 -163999
1844 247466 -163999
1845 240022 -163999
1846 232577 -163999
1847 225133 -163999
1848 217688 -163999
1849 210244 -163999
1850 202799 -163999
1851 195355 -163999
1852 187911 -163999
1853 180466 -163999
1854 173022 -163999
1855 165577 -163999
1856 158133 -163999
1857 150688 -163999
1858 143244 -163999
1859 135799 -163999
1860 135799 -168047
1861 143244 -168047
1862 150688 -168047
1863 158133 -168047
1864 165577 -168047
1865 173022 -168047
1866 180466 -168047
1867 187911 -168047
1868 195355 -168047
1869 202799 -168047
1870 210244 -168047
1871 217688 -168047
1872 225133 -168047
1873 232577 -168047
1874 240022 -168047
1875 247466 -168047
1876 254911 -168047
1877 262355 -168047
1878 269799 -168047
1879 277244 -168047
1880 284688 -168047
1881 292133 -168047
1882 299577 -168047
1883 307022 -168047
1884 314466 -168047
1885 321911 -168047
1886 329355 -168047
1887 336800 -168047
1888 344244 -168047
1889 351688 -168047
1890 359133 -168047
1891 366577 -168047
1892 374022 -168047
1893 381466 -168047
1894 388911 -168047
1895 396355 -168047
1896 403800 -168047
1897 411244 -168047
1898 418688 -168047
1899 426133 -168047
1900 433577 -168047
1901 441022 -168047
1902 448466 -168047
1903 455911 -168047
1904 463355 -168047
1905 470800 -168047
1906 470800 -172095
1907 463355 -172095
1908 455911 -172095
1909 448466 -172095
1910 441022 -172095
1911 433577 -172095
1912 426133 -172095
1913 418688 -172095
1914 411244 -172095
1915 403800 -172095
1916 396355 -172095
1917 388911 -172095
1918 381466 -172095
1919 374022 -172095
1920 366577 -172095
1921 359133 -172095
1922 351688 -172095
1923 344244 -172095
1924 336800 -172095
1925 329355 -172095
1926 321911 -172095
1927 314466 -172095
1928 307022 -172095
1929 299577 -172095
1930 292133 -172095
1931 284688 -172095
1932 277244 -172095
1933 269799 -172095
1934 262355 -172095
1935 254911 -172095
1936 247466 -172095
1937 240022 -172095
1938 232577 -172095
1939 225133 -172095
1940 217688 -172095
1941 210244 -172095
1942 202799 -172095
1943 195355 -172095
1944 187911 -172095
1945 180466 -172095
1946 173022 -172095
1947 165577 -172095
1948 158133 -172095
1949 150688 -172095
1950 143244 -172095
1951 135799 -172095
1952 135799 -176142
1953 143244 -176142
1954 150688 -176142
1955 158133 -176142
1956 165577 -176142
1957 173022 -176142
1958 180466 -176142
1959 187911 -176142
1960 195355 -176142
1961 202799 -176142
1962 210244 -176142
1963 217688 -176142
1964 225133 -176142
1965 232577 -176142
1966 240022 -176142
1967 247466 -176142
1968 254911 -176142
1969 262355 -176142
1970 269799 -176142
1971 277244 -176142
1972 284688 -176142
1973 292133 -176142
1974 299577 -176142
1975 307022 -176142
1976 314466 -176142
1977 321911 -176142
1978 329355 -176142
1979 336800 -176142
1980 344244 -176142
1981 351688 -176142
1982 359133 -176142
1983 366577 -176142
1984 374022 -176142
1985 381466 -176142
1986 388911 -176142
1987 396355 -176142
1988 403800 -176142
1989 411244 -176142
1990 418688 -176142
1991 426133 -176142
1992 433577 -176142
1993 441022 -176142
1994 448466 -176142
1995 455911 -176142
1996 463355 -176142
1997 470800 -176142
1998 470800 -180190
1999 463355 -180190
2000 455911 -180190
2001 448466 -180190
2002 441022 -180190
2003 433577 -180190
2004 426133 -180190
2005 418688 -180190
2006 411244 -180190
2007 403800 -180190
2008 396355 -180190
2009 388911 -180190
2010 381466 -180190
2011 374022 -180190
2012 366577 -180190
2013 359133 -180190
2014 351688 -180190
2015 344244 -180190
2016 336800 -180190
2017 329355 -180190
2018 321911 -180190
2019 314466 -180190
2020 307022 -180190
2021 299577 -180190
2022 292133 -180190
2023 284688 -180190
2024 277244 -180190
2025 269799 -180190
2026 262355 -180190
2027 254911 -180190
2028 247466 -180190
2029 240022 -180190
2030 232577 -180190
2031 225133 -180190
2032 217688 -180190
2033 210244 -180190
2034 202799 -180190
2035 195355 -180190
2036 187911 -180190
2037 180466 -180190
2038 173022 -180190
2039 165577 -180190
2040 158133 -180190
2041 150688 -180190
2042 143244 -180190
2043 135799 -180190
2044 135799 -184238
2045 143244 -184238
2046 150688 -184238
2047 158133 -184238
2048 165577 -184238
2049 173022 -184238
2050 180466 -184238
2051 187911 -184238
2052 195355 -184238
2053 202799 -184238
2054 210244 -184238
2055 217688 -184238
2056 225133 -184238
2057 232577 -184238
2058 240022 -184238
2059 247466 -184238
2060 254911 -184238
2061 262355 -184238
2062 269799 -184238
2063 277244 -184238
2064 284688 -184238
2065 292133 -184238
2066 299577 -184238
2067 307022 -184238
2068 314466 -184238
2069 321911 -184238
2070 329355 -184238
2071 336800 -184238
2072 344244 -184238
2073 351688 -184238
2074 359133 -184238
2075 366577 -184238
2076 374022 -184238
2077 381466 -184238
2078 388911 -184238
2079 396355 -184238
2080 403800 -184238
2081 411244 -184238
2082 418688 -184238
2083 426133 -184238
2084 433577 -184238
2085 441022 -184238
2086 448466 -184238
2087 455911 -184238
2088 463355 -184238
2089 470800 -184238
2090 470800 -188285
2091 463355 -188285
2092 455911 -188285
2093 448466 -188285
2094 441022 -188285
2095 433577 -188285
2096 426133 -188285
2097 418688 -188285
2098 411244 -188285
2099 403800 -188285
2100 396355 -188285
2101 388911 -188285
2102 381466 -188285
2103 374022 -188285
2104 366577 -188285
2105 359133 -188285
2106 351688 -188285
2107 344244 -188285
2108 336800 -188285
2109 329355 -188285
2110 321911 -188285
2111 314466 -188285
2112 307022 -188285
2113 299577 -188285
2114 292133 -188285
2115 284688 -188285
2116 277244 -188285
2117 269799 -188285
2118 262355 -188285
2119 254911 -188285
2120 247466 -188285
2121 240022 -188285
2122 232577 -188285
2123 225133 -188285
2124 217688 -188285
2125 210244 -188285
2126 202799 -188285
2127 195355 -188285
2128 187911 -188285
2129 180466 -188285
2130 173022 -188285
2131 165577 -188285
2132 158133 -188285
2133 150688 -188285
2134 143244 -188285
2135 135799 -188285
2136 135799 -192333
2137 143244 -192333
2138 150688 -192333
2139 158133 -192333
2140 165577 -192333
2141 173022 -192333
2142 180466 -192333
2143 187911 -192333
2144 195355 -192333
2145 202799 -192333
2146 210244 -192333
2147 217688 -192333
2148 225133 -192333
2149 232577 -192333
2150 240022 -192333
2151 247466 -192333
2152 254911 -192333
2153 262355 -192333
2154 269799 -192333
2155 277244 -192333
2156 284688 -192333
2157 292133 -192333
2158 299577 -192333
2159 307022 -192333
2160 314466 -192333
2161 321911 -192333
2162 329355 -192333
2163 336800 -192333
2164 344244 -192333
2165 351688 -192333
2166 359133 -192333
2167 366577 -192333
2168 374022 -192333
2169 381466 -192333
2170 388911 -192333
2171 396355 -192333
2172 403800 -192333
2173 411244 -192333
2174 418688 -192333
2175 426133 -192333
2176 433577 -192333
2177 441022 -192333
2178 448466 -192333
2179 455911 -192333
2180 463355 -192333
2181 470800 -192333
2182 470800 -196380
2183 463355 -196380
2184 455911 -196380
2185 448466 -196380
2186 441022 -196380
2187 433577 -196380
2188 426133 -196380
2189 418688 -196380
2190 411244 -196380
2191 403800 -196380
2192 396355 -196380
2193 388911 -196380
2194 381466 -196380
2195 374022 -196380
2196 366577 -196380
2197 359133 -196380
2198 351688 -196380
2199 344244 -196380
2200 336800 -196380
2201 329355 -196380
2202 321911 -196380
2203 314466 -196380
2204 307022 -196380
2205 299577 -196380
2206 292133 -196380
2207 284688 -196380
2208 277244 -196380
2209 269799 -196380
2210 262355 -196380
2211 254911 -196380
2212 247466 -196380
2213 240022 -196380
2214 232577 -196380
2215 225133 -196380
2216 217688 -196380
2217 210244 -196380
2218 202799 -196380
2219 195355 -196380
2220 187911 -196380
2221 180466 -196380
2222 173022 -196380
2223 165577 -196380
2224 158133 -196380
2225 150688 -196380
2226 143244 -196380
2227 135799 -196380
2228 135799 -200428
2229 143244 -200428
2230 150688 -200428
2231 158133 -200428
2232 165577 -200428
2233 173022 -200428
2234 180466 -200428
2235 187911 -200428
2236 195355 -200428
2237 202799 -200428
2238 210244 -200428
2239 217688 -200428
2240 225133 -200428
2241 232577 -200428
2242 240022 -200428
2243 247466 -200428
2244 254911 -200428
2245 262355 -200428
2246 269799 -200428
2247 277244 -200428
2248 284688 -200428
2249 292133 -200428
2250 299577 -200428
2251 307022 -200428
2252 314466 -200428
2253 321911 -200428
2254 329355 -200428
2255 336800 -200428
2256 344244 -200428
2257 351688 -200428
2258 359133 -200428
2259 366577 -200428
2260 374022 -200428
2261 381466 -200428
2262 388911 -200428
2263 396355 -200428
2264 403800 -200428
2265 411244 -200428
2266 418688 -200428
2267 426133 -200428
2268 433577 -200428
2269 441022 -200428
2270 448466 -200428
2271 455911 -200428
2272 463355 -200428
2273 470800 -200428
2274 470800 -204476
2275 463355 -204476
2276 455911 -204476
2277 448466 -204476
2278 441022 -204476
2279 433577 -204476
2280 426133 -204476
2281 418688 -204476
2282 411244 -204476
2283 403800 -204476
2284 396355 -204476
2285 388911 -204476
2286 381466 -204476
2287 374022 -204476
2288 366577 -204476
2289 359133 -204476
2290 351688 -204476
2291 344244 -204476
2292 336800 -204476
2293 329355 -204476
2294 321911 -204476
2295 314466 -204476
2296 307022 -204476
2297 299577 -204476
2298 292133 -204476
2299 284688 -204476
2300 277244 -204476
2301 269799 -204476
2302 262355 -204476
2303 254911 -204476
2304 247466 -204476
2305 240022 -204476
2306 232577 -204476
2307 225133 -204476
2308 217688 -204476
2309 210244 -204476
2310 202799 -204476
2311 195355 -204476
2312 187911 -204476
2313 180466 -204476
2314 173022 -204476
2315 165577 -204476
2316 158133 -204476
2317 150688 -204476
2318 143244 -204476
2319 135799 -204476
2320 135799 -208523
2321 143244 -208523
2322 150688 -208523
2323 158133 -208523
2324 165577 -208523
2325 173022 -208523
2326 180466 -208523
2327 187911 -208523
2328 195355 -208523
2329 202799 -208523
2330 210244 -208523
2331 217688 -208523
2332 225133 -208523
2333 232577 -208523
2334 240022 -208523
2335 247466 -208523
2336 254911 -208523
2337 262355 -208523
2338 269799 -208523
2339 277244 -208523
2340 284688 -208523
2341 292133 -208523
2342 299577 -208523
2343 307022 -208523
2344 314466 -208523
2345 321911 -208523
2346 329355 -208523
2347 336800 -208523
2348 344244 -208523
2349 351688 -208523
2350 359133 -208523
2351 366577 -208523
2352 374022 -208523
2353 381466 -208523
2354 388911 -208523
2355 396355 -208523
2356 403800 -208523
2357 411244 -208523
2358 418688 -208523
2359 426133 -208523
2360 433577 -208523
2361 441022 -208523
2362 448466 -208523
2363 455911 -208523
2364 463355 -208523
2365 470800 -208523
2366 470800 -212571
2367 463355 -212571
2368 455911 -212571
2369 448466 -212571
2370 441022 -212571
2371 433577 -212571
2372 426133 -212571
2373 418688 -212571
2374 411244 -212571
2375 403800 -212571
2376 396355 -212571
2377 388911 -212571
2378 381466 -212571
2379 374022 -212571
2380 366577 -212571
2381 359133 -212571
2382 351688 -212571
2383 344244 -212571
2384 336800 -212571
2385 329355 -212571
2386 321911 -212571
2387 314466 -212571
2388 307022 -212571
2389 299577 -212571
2390 292133 -212571
2391 284688 -212571
2392 277244 -212571
2393 269799 -212571
2394 262355 -212571
2395 254911 -212571
2396 247466 -212571
2397 240022 -212571
2398 232577 -212571
2399 225133 -212571
2400 217688 -212571
2401 210244 -212571
2402 202799 -212571
2403 195355 -212571
2404 187911 -212571
2405 180466 -212571
2406 173022 -212571
2407 165577 -212571
2408 158133 -212571
2409 150688 -212571
2410 143244 -212571
2411 135799 -212571
2412 135799 -216619
2413 143244 -216619
2414 150688 -216619
2415 158133 -216619
2416 165577 -216619
2417 173022 -216619
2418 180466 -216619
2419 187911 -216619
2420 195355 -216619
2421 202799 -216619
2422 210244 -216619
2423 217688 -216619
2424 225133 -216619
2425 232577 -216619
2426 240022 -216619
2427 247466 -216619
2428 254911 -216619
2429 262355 -216619
2430 269799 -216619
2431 277244 -216619
2432 284688 -216619
2433 292133 -216619
2434 299577 -216619
2435 307022 -216619
2436 314466 -216619
2437 321911 -216619
2438 329355 -216619
2439 336800 -216619
2440 344244 -216619
2441 351688 -216619
2442 359133 -216619
2443 366577 -216619
2444 374022 -216619
2445 381466 -216619
2446 388911 -216619
2447 396355 -216619
2448 403800 -216619
2449 411244 -216619
2450 418688 -216619
2451 426133 -216619
2452 433577 -216619
2453 441022 -216619
2454 448466 -216619
2455 455911 -216619
2456 463355 -216619
2457 470800 -216619
2458 470800 -220666
2459 463355 -220666
2460 455911 -220666
2461 448466 -220666
2462 441022 -220666
2463 433577 -220666
2464 426133 -220666
2465 418688 -220666
2466 411244 -220666
2467 403800 -220666
2468 396355 -220666
2469 388911 -220666
2470 381466 -220666
2471 374022 -220666
2472 366577 -220666
2473 359133 -220666
2474 351688 -220666
2475 344244 -220666
2476 336800 -220666
2477 329355 -220666
2478 321911 -220666
2479 314466 -220666
2480 307022 -220666
2481 299577 -220666
2482 292133 -220666
2483 284688 -220666
2484 277244 -220666
2485 269799 -220666
2486 262355 -220666
2487 254911 -220666
2488 247466 -220666
2489 240022 -220666
2490 232577 -220666
2491 225133 -220666
2492 217688 -220666
2493 210244 -220666
2494 202799 -220666
2495 195355 -220666
2496 187911 -220666
2497 180466 -220666
2498 173022 -220666
2499 165577 -220666
2500 158133 -220666
2501 150688 -220666
2502 143244 -220666
2503 135799 -220666
2504 135799 -224714
2505 143244 -224714
2506 150688 -224714
2507 158133 -224714
2508 165577 -224714
2509 173022 -224714
2510 180466 -224714
2511 187911 -224714
2512 195355 -224714
2513 202799 -224714
2514 210244 -224714
2515 217688 -224714
2516 225133 -224714
2517 232577 -224714
2518 240022 -224714
2519 247466 -224714
2520 254911 -224714
2521 262355 -224714
2522 269799 -224714
2523 277244 -224714
2524 284688 -224714
2525 292133 -224714
2526 299577 -224714
2527 307022 -224714
2528 314466 -224714
2529 321911 -224714
2530 329355 -224714
2531 336800 -224714
2532 344244 -224714
2533 351688 -224714
2534 359133 -224714
2535 366577 -224714
2536 374022 -224714
2537 381466 -224714
2538 388911 -224714
2539 396355 -224714
2540 403800 -224714
2541 411244 -224714
2542 418688 -224714
2543 426133 -224714
2544 433577 -224714
2545 441022 -224714
2546 448466 -224714
2547 455911 -224714
2548 463355 -224714
2549 470800 -224714
2550 470800 -228761
2551 463355 -228761
2552 455911 -228761
2553 448466 -228761
2554 441022 -228761
2555 433577 -228761
2556 426133 -228761
2557 418688 -228761
2558 411244 -228761
2559 403800 -228761
2560 396355 -228761
2561 388911 -228761
2562 381466 -228761
2563 374022 -228761
2564 366577 -228761
2565 359133 -228761
2566 351688 -228761
2567 344244 -228761
2568 336800 -228761
2569 329355 -228761
2570 321911 -228761
2571 314466 -228761
2572 307022 -228761
2573 299577 -228761
2574 292133 -228761
2575 284688 -228761
2576 277244 -228761
2577 269799 -228761
2578 262355 -228761
2579 254911 -228761
2580 247466 -228761
2581 240022 -228761
2582 232577 -228761
2583 225133 -228761
2584 217688 -228761
2585 210244 -228761
2586 202799 -228761
2587 195355 -228761
2588 187911 -228761
2589 180466 -228761
2590 173022 -228761
2591 165577 -228761
2592 158133 -228761
2593 150688 -228761
2594 143244 -228761
2595 135799 -228761
2596 135799 -232809
2597 143244 -232809
2598 150688 -232809
2599 158133 -232809
2600 165577 -232809
2601 173022 -232809
2602 180466 -232809
2603 187911 -232809
2604 195355 -232809
2605 202799 -232809
2606 210244 -232809
2607 217688 -232809
2608 225133 -232809
2609 232577 -232809
2610 240022 -232809
2611 247466 -232809
2612 254911 -232809
2613 262355 -232809
2614 269799 -232809
2615 277244 -232809
2616 284688 -232809
2617 292133 -232809
2618 299577 -232809
2619 307022 -232809
2620 314466 -232809
2621 321911 -232809
2622 329355 -232809
2623 336800 -232809
2624 344244 -232809
2625 351688 -232809
2626 359133 -232809
2627 366577 -232809
2628 374022 -232809
2629 381466 -232809
2630 388911 -232809
2631 396355 -232809
2632 403800 -232809
2633 411244 -232809
2634 418688 -232809
2635 426133 -232809
2636 433577 -232809
2637 441022 -232809
2638 448466 -232809
2639 455911 -232809
2640 463355 -232809
2641 470800 -232809
2642 470800 -236857
2643 463355 -236857
2644 455911 -236857
2645 448466 -236857
2646 441022 -236857
2647 433577 -236857
2648 426133 -236857
2649 418688 -236857
2650 411244 -236857
2651 403800 -236857
2652 396355 -236857
2653 388911 -236857
2654 381466 -236857
2655 374022 -236857
2656 366577 -236857
2657 359133 -236857
2658 351688 -236857
2659 344244 -236857
2660 336800 -236857
2661 329355 -236857
2662 321911 -236857
2663 314466 -236857
2664 307022 -236857
2665 299577 -236857
2666 292133 -236857
2667 284688 -236857
2668 277244 -236857
2669 269799 -236857
2670 262355 -236857
2671 254911 -236857
2672 247466 -236857
2673 240022 -236857
2674 232577 -236857
2675 225133 -236857
2676 217688 -236857
2677 210244 -236857
2678 202799 -236857
2679 195355 -236857
2680 187911 -236857
2681 180466 -236857
2682 173022 -236857
2683 165577 -236857
2684 158133 -236857
2685 150688 -236857
2686 143244 -236857
2687 135799 -236857
2688 135799 -240904
2689 143244 -240904
2690 150688 -240904
2691 158133 -240904
2692 165577 -240904
2693 173022 -240904
2694 180466 -240904
2695 187911 -240904
2696 195355 -240904
2697 202799 -240904
2698 210244 -240904
2699 217688 -240904
2700 225133 -240904
2701 232577 -240904
2702 240022 -240904
2703 247466 -240904
2704 254911 -240904
2705 262355 -240904
2706 269799 -240904
2707 277244 -240904
2708 284688 -240904
2709 292133 -240904
2710 299577 -240904
2711 307022 -240904
2712 314466 -240904
2713 321911 -240904
2714 329355 -240904
2715 336800 -240904
2716 344244 -240904
2717 351688 -240904
2718 359133 -240904
2719 366577 -240904
2720 374022 -240904
2721 381466 -240904
2722 388911 -240904
2723 396355 -240904
2724 403800 -240904
2725 411244 -240904
2726 418688 -240904
2727 426133 -240904
2728 433577 -240904
2729 441022 -240904
2730 448466 -240904
2731 455911 -240904
2732 463355 -240904
2733 470800 -240904
2734 470800 -244952
2735 463355 -244952
2736 455911 -244952
2737 448466 -244952
2738 441022 -244952
2739 433577 -244952
2740 426133 -244952
2741 418688 -244952
2742 411244 -244952
2743 403800 -244952
2744 396355 -244952
2745 388911 -244952
2746 381466 -244952
2747 374022 -244952
2748 366577 -244952
2749 359133 -244952
2750 351688 -244952
2751 344244 -244952
2752 336800 -244952
2753 329355 -244952
2754 321911 -244952
2755 314466 -244952
2756 307022 -244952
2757 299577 -244952
2758 292133 -244952
2759 284688 -244952
2760 277244 -244952
2761 269799 -244952
2762 262355 -244952
2763 254911 -244952
2764 247466 -244952
2765 240022 -244952
2766 232577 -244952
2767 225133 -244952
2768 217688 -244952
2769 210244 -244952
2770 202799 -244952
2771 195355 -244952
2772 187911 -244952
2773 180466 -244952
2774 173022 -244952
2775 165577 -244952
2776 158133 -244952
2777 150688 -244952
2778 143244 -244952
2779 135799 -244952
2780 135799 -248999
2781 143244 -248999
2782 150688 -248999
2783 158133 -248999
2784 165577 -248999
2785 173022 -248999
2786 180466 -248999
2787 187911 -248999
2788 195355 -248999
2789 202799 -248999
2790 210244 -248999
2791 217688 -248999
2792 225133 -248999
2793 232577 -248999
2794 240022 -248999
2795 247466 -248999
2796 254911 -248999
2797 262355 -248999
2798 269799 -248999
2799 277244 -248999
2800 284688 -248999
2801 292133 -248999
2802 299577 -248999
2803 307022 -248999
2804 314466 -248999
2805 321911 -248999
2806 329355 -248999
2807 336800 -248999
2808 344244 -248999
2809 351688 -248999
2810 359133 -248999
2811 366577 -248999
2812 374022 -248999
2813 381466 -248999
2814 388911 -248999
2815 396355 -248999
2816 403800 -248999
2817 411244 -248999
2818 418688 -248999
2819 426133 -248999
2820 433577 -248999
2821 441022 -248999
2822 448466 -248999
2823 455911 -248999
2824 463355 -248999
2825 470800 -248999
2826 470800 -253047
2827 463355 -253047
2828 455911 -253047
2829 448466 -253047
2830 441022 -253047
2831 433577 -253047
2832 426133 -253047
2833 418688 -253047
2834 411244 -253047
2835 403800 -253047
2836 396355 -253047
2837 388911 -253047
2838 381466 -253047
2839 374022 -253047
2840 366577 -253047
2841 359133 -253047
2842 351688 -253047
2843 344244 -253047
2844 336800 -253047
2845 329355 -253047
2846 321911 -253047
2847 314466 -253047
2848 307022 -253047
2849 299577 -253047
2850 292133 -253047
2851 284688 -253047
2852 277244 -253047
2853 269799 -253047
2854 262355 -253047
2855 254911 -253047
2856 247466 -253047
2857 240022 -253047
2858 232577 -253047
2859 225133 -253047
2860 217688 -253047
2861 210244 -253047
2862 202799 -253047
2863 195355 -253047
2864 187911 -253047
2865 180466 -253047
2866 173022 -253047
2867 165577 -253047
2868 158133 -253047
2869 150688 -253047
2870 143244 -253047
2871 135799 -253047
2872 135799 -257095
2873 143244 -257095
2874 150688 -257095
2875 158133 -257095
2876 165577 -257095
2877 173022 -257095
2878 180466 -257095
2879 187911 -257095
2880 195355 -257095
2881 202799 -257095
2882 210244 -257095
2883 217688 -257095
2884 225133 -257095
2885 232577 -257095
2886 240022 -257095
2887 247466 -257095
2888 254911 -257095
2889 262355 -257095
2890 269799 -257095
2891 277244 -257095
2892 284688 -257095
2893 292133 -257095
2894 299577 -257095
2895 307022 -257095
2896 314466 -257095
2897 321911 -257095
2898 329355 -257095
2899 336800 -257095
2900 344244 -257095
2901 351688 -257095
2902 359133 -257095
2903 366577 -257095
2904 374022 -257095
2905 381466 -257095
2906 388911 -257095
2907 396355 -257095
2908 403800 -257095
2909 411244 -257095
2910 418688 -257095
2911 426133 -257095
2912 433577 -257095
2913 441022 -257095
2914 448466 -257095
2915 455911 -257095
2916 463355 -257095
2917 470800 -257095
2918 470800 -261142
2919 463355 -261142
2920 455911 -261142
2921 448466 -261142
2922 441022 -261142
2923 433577 -261142
2924 426133 -261142
2925 418688 -261142
2926 411244 -261142
2927 403800 -261142
2928 396355 -261142
2929 388911 -261142
2930 381466 -261142
2931 374022 -261142
2932 366577 -261142
2933 359133 -261142
2934 351688 -261142
2935 344244 -261142
2936 336800 -261142
2937 329355 -261142
2938 321911 -261142
2939 314466 -261142
2940 307022 -261142
2941 299577 -261142
2942 292133 -261142
2943 284688 -261142
2944 277244 -261142
2945 269799 -261142
2946 262355 -261142
2947 254911 -261142
2948 247466 -261142
2949 240022 -261142
2950 232577 -261142
2951 225133 -261142
2952 217688 -261142
2953 210244 -261142
2954 202799 -261142
2955 195355 -261142
2956 187911 -261142
2957 180466 -261142
2958 173022 -261142
2959 165577 -261142
2960 158133 -261142
2961 150688 -261142
2962 143244 -261142
2963 135799 -261142
2964 135799 -265190
2965 143244 -265190
2966 150688 -265190
2967 158133 -265190
2968 165577 -265190
2969 173022 -265190
2970 180466 -265190
2971 187911 -265190
2972 195355 -265190
2973 202799 -265190
2974 210244 -265190
2975 217688 -265190
2976 225133 -265190
2977 232577 -265190
2978 240022 -265190
2979 247466 -265190
2980 254911 -265190
2981 262355 -265190
2982 269799 -265190
2983 277244 -265190
2984 284688 -265190
2985 292133 -265190
2986 299577 -265190
2987 307022 -265190
2988 314466 -265190
2989 321911 -265190
2990 329355 -265190
2991 336800 -265190
2992 344244 -265190
2993 351688 -265190
2994 359133 -265190
2995 366577 -265190
2996 374022 -265190
2997 381466 -265190
2998 388911 -265190
2999 396355 -265190
3000 403800 -265190
3001 411244 -265190
3002 418688 -265190
3003 426133 -265190
3004 433577 -265190
3005 441022 -265190
3006 448466 -265190
3007 455911 -265190
3008 463355 -265190
3009 470800 -265190
3010 470800 -269238
3011 463355 -269238
3012 455911 -269238
3013 448466 -269238
3014 441022 -269238
3015 433577 -269238
3016 426133 -269238
3017 418688 -269238
3018 411244 -269238
3019 403800 -269238
3020 396355 -269238
3021 388911 -269238
3022 381466 -269238
3023 374022 -269238
3024 366577 -269238
3025 359133 -269238
3026 351688 -269238
3027 344244 -269238
3028 336800 -269238
3029 329355 -269238
3030 321911 -269238
3031 314466 -269238
3032 307022 -269238
3033 299577 -269238
3034 292133 -269238
3035 284688 -269238
3036 277244 -269238
3037 269799 -269238
3038 262355 -269238
3039 254911 -269238
3040 247466 -269238
3041 240022 -269238
3042 232577 -269238
3043 225133 -269238
3044 217688 -269238
3045 210244 -269238
3046 202799 -269238
3047 195355 -269238
3048 187911 -269238
3049 180466 -269238
3050 173022 -269238
3051 165577 -269238
3052 158133 -269238
3053 150688 -269238
3054 143244 -269238
3055 135799 -269238
3056 135799 -273285
3057 143244 -273285
3058 150688 -273285
3059 158133 -273285
3060 165577 -273285
3061 173022 -273285
3062 180466 -273285
3063 187911 -273285
3064 195355 -273285
3065 202799 -273285
3066 210244 -273285
3067 217688 -273285
3068 225133 -273285
3069 232577 -273285
3070 240022 -273285
3071 247466 -273285
3072 254911 -273285
3073 262355 -273285
3074 269799 -273285
3075 277244 -273285
3076 284688 -273285
3077 292133 -273285
3078 299577 -273285
3079 307022 -273285
3080 314466 -273285
3081 321911 -273285
3082 329355 -273285
3083 336800 -273285
3084 344244 -273285
3085 351688 -273285
3086 359133 -273285
3087 366577 -273285
3088 374022 -273285
3089 381466 -273285
3090 388911 -273285
3091 396355 -273285
3092 403800 -273285
3093 411244 -273285
3094 418688 -273285
3095 426133 -273285
3096 433577 -273285
3097 441022 -273285
3098 448466 -273285
3099 455911 -273285
3100 463355 -273285
3101 470800 -273285
3102 470800 -277333
3103 463355 -277333
3104 455911 -277333
3105 448466 -277333
3106 441022 -277333
3107 433577 -277333
3108 426133 -277333
3109 418688 -277333
3110 411244 -277333
3111 403800 -277333
3112 396355 -277333
3113 388911 -277333
3114 381466 -277333
3115 374022 -277333
3116 366577 -277333
3117 359133 -277333
3118 351688 -277333
3119 344244 -277333
3120 336800 -277333
3121 329355 -277333
3122 321911 -277333
3123 314466 -277333
3124 307022 -277333
3125 299577 -277333
3126 292133 -277333
3127 284688 -277333
3128 277244 -277333
3129 269799 -277333
3130 262355 -277333
3131 254911 -277333
3132 247466 -277333
3133 240022 -277333
3134 232577 -277333
3135 225133 -277333
3136 217688 -277333
3137 210244 -277333
3138 202799 -277333
3139 195355 -277333
3140 187911 -277333
3141 180466 -277333
3142 173022 -277333
3143 165577 -277333
3144 158133 -277333
3145 150688 -277333
3146 143244 -277333
3147 135799 -277333
3148 135799 -281380
3149 143244 -281380
3150 150688 -281380
3151 158133 -281380
3152 165577 -281380
3153 173022 -281380
3154 180466 -281380
3155 187911 -281380
3156 195355 -281380
3157 202799 -281380
3158 210244 -281380
3159 217688 -281380
3160 225133 -281380
3161 232577 -281380
3162 240022 -281380
3163 247466 -281380
3164 254911 -281380
3165 262355 -281380
3166 269799 -281380
3167 277244 -281380
3168 284688 -281380
3169 292133 -281380
3170 299577 -281380
3171 307022 -281380
3172 314466 -281380
3173 321911 -281380
3174 329355 -281380
3175 336800 -281380
3176 344244 -281380
3177 351688 -281380
3178 359133 -281380
3179 366577 -281380
3180 374022 -281380
3181 381466 -281380
3182 388911 -281380
3183 396355 -281380
3184 403800 -281380
3185 411244 -281380
3186 418688 -281380
3187 426133 -281380
3188 433577 -281380
3189 441022 -281380
3190 448466 -281380
3191 455911 -281380
3192 463355 -281380
3193 470800 -281380
3194 470800 -285428
3195 463355 -285428
3196 455911 -285428
3197 448466 -285428
3198 441022 -285428
3199 433577 -285428
3200 426133 -285428
3201 418688 -285428
3202 411244 -285428
3203 403800 -285428
3204 396355 -285428
3205 388911 -285428
3206 381466 -285428
3207 374022 -285428
3208 366577 -285428
3209 359133 -285428
3210 351688 -285428
3211 344244 -285428
3212 336800 -285428
3213 329355 -285428
3214 321911 -285428
3215 314466 -285428
3216 307022 -285428
3217 299577 -285428
3218 292133 -285428
3219 284688 -285428
3220 277244 -285428
3221 269799 -285428
3222 262355 -285428
3223 254911 -285428
3224 247466 -285428
3225 240022 -285428
3226 232577 -285428
3227 225133 -285428
3228 217688 -285428
3229 210244 -285428
3230 202799 -285428
3231 195355 -285428
3232 187911 -285428
3233 180466 -285428
3234 173022 -285428
3235 165577 -285428
3236 158133 -285428
3237 150688 -285428
3238 143244 -285428
3239 135799 -285428
3240 135799 -289476
3241 143244 -289476
3242 150688 -289476
3243 158133 -289476
3244 165577 -289476
3245 173022 -289476
3246 180466 -289476
3247 187911 -289476
3248 195355 -289476
3249 202799 -289476
3250 210244 -289476
3251 217688 -289476
3252 225133 -289476
3253 232577 -289476
3254 240022 -289476
3255 247466 -289476
3256 254911 -289476
3257 262355 -289476
3258 269799 -289476
3259 277244 -289476
3260 284688 -289476
3261 292133 -289476
3262 299577 -289476
3263 307022 -289476
3264 314466 -289476
3265 321911 -289476
3266 329355 -289476
3267 336800 -289476
3268 344244 -289476
3269 351688 -289476
3270 359133 -289476
3271 366577 -289476
3272 374022 -289476
3273 381466 -289476
3274 388911 -289476
3275 396355 -289476
3276 403800 -289476
3277 411244 -289476
3278 418688 -289476
3279 426133 -289476
3280 433577 -289476
3281 441022 -289476
3282 448466 -289476
3283 455911 -289476
3284 463355 -289476
3285 470800 -289476
3286 470800 -293523
3287 463355 -293523
3288 455911 -293523
3289 448466 -293523
3290 441022 -293523
3291 433577 -293523
3292 426133 -293523
3293 418688 -293523
3294 411244 -293523
3295 403800 -293523
3296 396355 -293523
3297 388911 -293523
3298 381466 -293523
3299 374022 -293523
3300 366577 -293523
3301 359133 -293523
3302 351688 -293523
3303 344244 -293523
3304 336800 -293523
3305 329355 -293523
3306 321911 -293523
3307 314466 -293523
3308 307022 -293523
3309 299577 -293523
3310 292133 -293523
3311 284688 -293523
3312 277244 -293523
3313 269799 -293523
3314 262355 -293523
3315 254911 -293523
3316 247466 -293523
3317 240022 -293523
3318 232577 -293523
3319 225133 -293523
3320 217688 -293523
3321 217688 -297571
3322 225133 -297571
3323 232577 -297571
3324 240022 -297571
3325 247466 -297571
3326 254911 -297571
3327 262355 -297571
3328 269799 -297571
3329 277244 -297571
3330 284688 -297571
3331 292133 -297571
3332 299577 -297571
3333 307022 -297571
3334 314466 -297571
3335 321911 -297571
3336 329355 -297571
3337 336800 -297571
3338 344244 -297571
3339 351688 -297571
3340 359133 -297571
3341 366577 -297571
3342 374022 -297571
3343 381466 -297571
3344 388911 -297571
3345 396355 -297571
3346 403800 -297571
3347 411244 -297571
3348 418688 -297571
3349 418688 -301619
3350 411244 -301619
3351 403800 -301619
3352 396355 -301619
3353 388911 -301619
3354 381466 -301619
3355 374022 -301619
3356 366577 -301619
3357 359133 -301619
3358 351688 -301619
3359 344244 -301619
3360 336800 -301619
3361 329355 -301619
3362 321911 -301619
3363 314466 -301619
3364 307022 -301619
3365 299577 -301619
3366 292133 -301619
3367 284688 -301619
3368 277244 -301619
3369 269799 -301619
3370 262355 -301619
3371 254911 -301619
3372 247466 -301619
3373 240022 -301619
3374 232577 -301619
3375 225133 -301619
3376 217688 -301619
3377 217688 -305666
3378 225133 -305666
3379 232577 -305666
3380 240022 -305666
3381 247466 -305666
3382 254911 -305666
3383 262355 -305666
3384 269799 -305666
3385 277244 -305666
3386 284688 -305666
3387 292133 -305666
3388 299577 -305666
3389 307022 -305666
3390 314466 -305666
3391 321911 -305666
3392 329355 -305666
3393 336800 -305666
3394 344244 -305666
3395 351688 -305666
3396 359133 -305666
3397 366577 -305666
3398 374022 -305666
3399 381466 -305666
3400 388911 -305666
3401 396355 -305666
3402 403800 -305666
3403 411244 -305666
3404 418688 -305666
3405 418688 -309714
3406 411244 -309714
3407 403800 -309714
3408 396355 -309714
3409 388911 -309714
3410 381466 -309714
3411 374022 -309714
3412 366577 -309714
3413 359133 -309714
3414 351688 -309714
3415 344244 -309714
3416 336800 -309714
3417 329355 -309714
3418 321911 -309714
3419 314466 -309714
3420 307022 -309714
3421 299577 -309714
3422 292133 -309714
3423 284688 -309714
3424 277244 -309714
3425 269799 -309714
3426 262355 -309714
3427 254911 -309714
3428 247466 -309714
3429 240022 -309714
3430 232577 -309714
3431 225133 -309714
3432 217688 -309714
3433 217688 -313761
3434 225133 -313761
3435 232577 -313761
3436 240022 -313761
3437 247466 -313761
3438 254911 -313761
3439 262355 -313761
3440 269799 -313761
3441 277244 -313761
3442 284688 -313761
3443 292133 -313761
3444 299577 -313761
3445 307022 -313761
3446 314466 -313761
3447 321911 -313761
3448 329355 -313761
3449 336800 -313761
3450 344244 -313761
3451 351688 -313761
3452 359133 -313761
3453 366577 -313761
3454 374022 -313761
3455 381466 -313761
3456 388911 -313761
3457 396355 -313761
3458 403800 -313761
3459 411244 -313761
3460 418688 -313761
3461 418688 -317809
3462 411244 -317809
3463 403800 -317809
3464 396355 -317809
3465 388911 -317809
3466 381466 -317809
3467 374022 -317809
3468 366577 -317809
3469 359133 -317809
3470 351688 -317809
3471 344244 -317809
3472 336800 -317809
3473 329355 -317809
3474 321911 -317809
3475 314466 -317809
3476 307022 -317809
3477 299577 -317809
3478 292133 -317809
3479 284688 -317809
3480 277244 -317809
3481 269799 -317809
3482 262355 -317809
3483 254911 -317809
3484 247466 -317809
3485 240022 -317809
3486 232577 -317809
3487 225133 -317809
3488 217688 -317809
3489 217688 -321857
3490 225133 -321857
3491 232577 -321857
3492 240022 -321857
3493 247466 -321857
3494 254911 -321857
3495 262355 -321857
3496 269799 -321857
3497 277244 -321857
3498 284688 -321857
3499 292133 -321857
3500 299577 -321857
3501 307022 -321857
3502 314466 -321857
3503 321911 -321857
3504 329355 -321857
3505 336800 -321857
3506 344244 -321857
3507 351688 -321857
3508 359133 -321857
3509 366577 -321857
3510 374022 -321857
3511 381466 -321857
3512 388911 -321857
3513 396355 -321857
3514 403800 -321857
3515 411244 -321857
3516 418688 -321857
3517 418688 -325904
3518 411244 -325904
3519 403800 -325904
3520 396355 -325904
3521 388911 -325904
3522 381466 -325904
3523 374022 -325904
3524 366577 -325904
3525 359133 -325904
3526 351688 -325904
3527 344244 -325904
3528 336800 -325904
3529 329355 -325904
3530 321911 -325904
3531 314466 -325904
3532 307022 -325904
3533 299577 -325904
3534 292133 -325904
3535 284688 -325904
3536 277244 -325904
3537 269799 -325904
3538 262355 -325904
3539 254911 -325904
3540 247466 -325904
3541 240022 -325904
3542 232577 -325904
3543 225133 -325904
3544 217688 -325904
3545 217688 -329952
3546 225133 -329952
3547 232577 -329952
3548 240022 -329952
3549 247466 -329952
3550 254911 -329952
3551 262355 -329952
3552 269799 -329952
3553 277244 -329952
3554 284688 -329952
3555 292133 -329952
3556 299577 -329952
3557 307022 -329952
3558 314466 -329952
3559 321911 -329952
3560 329355 -329952
3561 336800 -329952
3562 344244 -329952
3563 351688 -329952
3564 359133 -329952
3565 366577 -329952
3566 374022 -329952
3567 381466 -329952
3568 388911 -329952
3569 396355 -329952
3570 403800 -329952
3571 411244 -329952
3572 418688 -329952
3573 418688 -333999
3574 411244 -333999
3575 403800 -333999
3576 396355 -333999
3577 388911 -333999
3578 381466 -333999
3579 374022 -333999
3580 366577 -333999
3581 359133 -333999
3582 351688 -333999
3583 344244 -333999
3584 336800 -333999
3585 329355 -333999
3586 321911 -333999
3587 314466 -333999
3588 307022 -333999
3589 299577 -333999
3590 292133 -333999
3591 284688 -333999
3592 277244 -333999
3593 269799 -333999
3594 262355 -333999
3595 254911 -333999
3596 247466 -333999
3597 240022 -333999
3598 232577 -333999
3599 225133 -333999
3600 217688 -333999
