1	391038	6000
2	383061	6000
3	375085	6000
4	367109	6000
5	359133	6000
6	351157	6000
7	343180	6000
8	335204	6000
9	327228	6000
10	319252	6000
11	311276	6000
12	303299	6000
13	295323	6000
14	287347	6000
15	279371	6000
16	271395	6000
17	263419	6000
18	255442	6000
19	247466	6000
20	239490	6000
21	231514	6000
22	223538	6000
23	215561	6000
24	207585	6000
25	199609	6000
26	191633	6000
27	183657	6000
28	183657	1696
29	191633	1696
30	199609	1696
31	207585	1696
32	215561	1696
33	223538	1696
34	231514	1696
35	239490	1696
36	247466	1696
37	255442	1696
38	263419	1696
39	271395	1696
40	279371	1696
41	287347	1696
42	295323	1696
43	303299	1696
44	311276	1696
45	319252	1696
46	327228	1696
47	335204	1696
48	343180	1696
49	351157	1696
50	359133	1696
51	367109	1696
52	375085	1696
53	383061	1696
54	391038	1696
55	391038	-2607
56	383061	-2607
57	375085	-2607
58	367109	-2607
59	359133	-2607
60	351157	-2607
61	343180	-2607
62	335204	-2607
63	327228	-2607
64	319252	-2607
65	311276	-2607
66	303299	-2607
67	295323	-2607
68	287347	-2607
69	279371	-2607
70	271395	-2607
71	263419	-2607
72	255442	-2607
73	247466	-2607
74	239490	-2607
75	231514	-2607
76	223538	-2607
77	215561	-2607
78	207585	-2607
79	199609	-2607
80	191633	-2607
81	183657	-2607
82	183657	-6911
83	191633	-6911
84	199609	-6911
85	207585	-6911
86	215561	-6911
87	223538	-6911
88	231514	-6911
89	239490	-6911
90	247466	-6911
91	255442	-6911
92	263419	-6911
93	271395	-6911
94	279371	-6911
95	287347	-6911
96	295323	-6911
97	303299	-6911
98	311276	-6911
99	319252	-6911
100	327228	-6911
101	335204	-6911
102	343180	-6911
103	351157	-6911
104	359133	-6911
105	367109	-6911
106	375085	-6911
107	383061	-6911
108	391038	-6911
109	391038	-11215
110	383061	-11215
111	375085	-11215
112	367109	-11215
113	359133	-11215
114	351157	-11215
115	343180	-11215
116	335204	-11215
117	327228	-11215
118	319252	-11215
119	311276	-11215
120	303299	-11215
121	295323	-11215
122	287347	-11215
123	279371	-11215
124	271395	-11215
125	263419	-11215
126	255442	-11215
127	247466	-11215
128	239490	-11215
129	231514	-11215
130	223538	-11215
131	215561	-11215
132	207585	-11215
133	199609	-11215
134	191633	-11215
135	183657	-11215
136	183657	-15518
137	191633	-15518
138	199609	-15518
139	207585	-15518
140	215561	-15518
141	223538	-15518
142	231514	-15518
143	239490	-15518
144	247466	-15518
145	255442	-15518
146	263419	-15518
147	271395	-15518
148	279371	-15518
149	287347	-15518
150	295323	-15518
151	303299	-15518
152	311276	-15518
153	319252	-15518
154	327228	-15518
155	335204	-15518
156	343180	-15518
157	351157	-15518
158	359133	-15518
159	367109	-15518
160	375085	-15518
161	383061	-15518
162	391038	-15518
163	391038	-19822
164	383061	-19822
165	375085	-19822
166	367109	-19822
167	359133	-19822
168	351157	-19822
169	343180	-19822
170	335204	-19822
171	327228	-19822
172	319252	-19822
173	311276	-19822
174	303299	-19822
175	295323	-19822
176	287347	-19822
177	279371	-19822
178	271395	-19822
179	263419	-19822
180	255442	-19822
181	247466	-19822
182	239490	-19822
183	231514	-19822
184	223538	-19822
185	215561	-19822
186	207585	-19822
187	199609	-19822
188	191633	-19822
189	183657	-19822
190	183657	-24126
191	191633	-24126
192	199609	-24126
193	207585	-24126
194	215561	-24126
195	223538	-24126
196	231514	-24126
197	239490	-24126
198	247466	-24126
199	255442	-24126
200	263419	-24126
201	271395	-24126
202	279371	-24126
203	287347	-24126
204	295323	-24126
205	303299	-24126
206	311276	-24126
207	319252	-24126
208	327228	-24126
209	335204	-24126
210	343180	-24126
211	351157	-24126
212	359133	-24126
213	367109	-24126
214	375085	-24126
215	383061	-24126
216	391038	-24126
217	399014	-24126
218	406990	-24126
219	414966	-24126
220	422942	-24126
221	430919	-24126
222	438895	-24126
223	446871	-24126
224	454847	-24126
225	462823	-24126
226	470800	-24126
227	470800	-28430
228	462823	-28430
229	454847	-28430
230	446871	-28430
231	438895	-28430
232	430919	-28430
233	422942	-28430
234	414966	-28430
235	406990	-28430
236	399014	-28430
237	391038	-28430
238	383061	-28430
239	375085	-28430
240	367109	-28430
241	359133	-28430
242	351157	-28430
243	343180	-28430
244	335204	-28430
245	327228	-28430
246	319252	-28430
247	311276	-28430
248	303299	-28430
249	295323	-28430
250	287347	-28430
251	279371	-28430
252	271395	-28430
253	263419	-28430
254	255442	-28430
255	247466	-28430
256	239490	-28430
257	231514	-28430
258	223538	-28430
259	215561	-28430
260	207585	-28430
261	199609	-28430
262	191633	-28430
263	183657	-28430
264	175680	-28430
265	167704	-28430
266	159728	-28430
267	151752	-28430
268	143776	-28430
269	135799	-28430
270	135799	-32734
271	143776	-32734
272	151752	-32734
273	159728	-32734
274	167704	-32734
275	175680	-32734
276	183657	-32734
277	191633	-32734
278	199609	-32734
279	207585	-32734
280	215561	-32734
281	223538	-32734
282	231514	-32734
283	239490	-32734
284	247466	-32734
285	255442	-32734
286	263419	-32734
287	271395	-32734
288	279371	-32734
289	287347	-32734
290	295323	-32734
291	303299	-32734
292	311276	-32734
293	319252	-32734
294	327228	-32734
295	335204	-32734
296	343180	-32734
297	351157	-32734
298	359133	-32734
299	367109	-32734
300	375085	-32734
301	383061	-32734
302	391038	-32734
303	399014	-32734
304	406990	-32734
305	414966	-32734
306	422942	-32734
307	430919	-32734
308	438895	-32734
309	446871	-32734
310	454847	-32734
311	462823	-32734
312	470800	-32734
313	470800	-37037
314	462823	-37037
315	454847	-37037
316	446871	-37037
317	438895	-37037
318	430919	-37037
319	422942	-37037
320	414966	-37037
321	406990	-37037
322	399014	-37037
323	391038	-37037
324	383061	-37037
325	375085	-37037
326	367109	-37037
327	359133	-37037
328	351157	-37037
329	343180	-37037
330	335204	-37037
331	327228	-37037
332	319252	-37037
333	311276	-37037
334	303299	-37037
335	295323	-37037
336	287347	-37037
337	279371	-37037
338	271395	-37037
339	263419	-37037
340	255442	-37037
341	247466	-37037
342	239490	-37037
343	231514	-37037
344	223538	-37037
345	215561	-37037
346	207585	-37037
347	199609	-37037
348	191633	-37037
349	183657	-37037
350	175680	-37037
351	167704	-37037
352	159728	-37037
353	151752	-37037
354	143776	-37037
355	135799	-37037
356	135799	-41341
357	143776	-41341
358	151752	-41341
359	159728	-41341
360	167704	-41341
361	175680	-41341
362	183657	-41341
363	191633	-41341
364	199609	-41341
365	207585	-41341
366	215561	-41341
367	223538	-41341
368	231514	-41341
369	239490	-41341
370	247466	-41341
371	255442	-41341
372	263419	-41341
373	271395	-41341
374	279371	-41341
375	287347	-41341
376	295323	-41341
377	303299	-41341
378	311276	-41341
379	319252	-41341
380	327228	-41341
381	335204	-41341
382	343180	-41341
383	351157	-41341
384	359133	-41341
385	367109	-41341
386	375085	-41341
387	383061	-41341
388	391038	-41341
389	399014	-41341
390	406990	-41341
391	414966	-41341
392	422942	-41341
393	430919	-41341
394	438895	-41341
395	446871	-41341
396	454847	-41341
397	462823	-41341
398	470800	-41341
399	470800	-45645
400	462823	-45645
401	454847	-45645
402	446871	-45645
403	438895	-45645
404	430919	-45645
405	422942	-45645
406	414966	-45645
407	406990	-45645
408	399014	-45645
409	391038	-45645
410	383061	-45645
411	375085	-45645
412	367109	-45645
413	359133	-45645
414	351157	-45645
415	343180	-45645
416	335204	-45645
417	327228	-45645
418	319252	-45645
419	311276	-45645
420	303299	-45645
421	295323	-45645
422	287347	-45645
423	279371	-45645
424	271395	-45645
425	263419	-45645
426	255442	-45645
427	247466	-45645
428	239490	-45645
429	231514	-45645
430	223538	-45645
431	215561	-45645
432	207585	-45645
433	199609	-45645
434	191633	-45645
435	183657	-45645
436	175680	-45645
437	167704	-45645
438	159728	-45645
439	151752	-45645
440	143776	-45645
441	135799	-45645
442	135799	-49949
443	143776	-49949
444	151752	-49949
445	159728	-49949
446	167704	-49949
447	175680	-49949
448	183657	-49949
449	191633	-49949
450	199609	-49949
451	207585	-49949
452	215561	-49949
453	223538	-49949
454	231514	-49949
455	239490	-49949
456	247466	-49949
457	255442	-49949
458	263419	-49949
459	271395	-49949
460	279371	-49949
461	287347	-49949
462	295323	-49949
463	303299	-49949
464	311276	-49949
465	319252	-49949
466	327228	-49949
467	335204	-49949
468	343180	-49949
469	351157	-49949
470	359133	-49949
471	367109	-49949
472	375085	-49949
473	383061	-49949
474	391038	-49949
475	399014	-49949
476	406990	-49949
477	414966	-49949
478	422942	-49949
479	430919	-49949
480	438895	-49949
481	446871	-49949
482	454847	-49949
483	462823	-49949
484	470800	-49949
485	470800	-54253
486	462823	-54253
487	454847	-54253
488	446871	-54253
489	438895	-54253
490	430919	-54253
491	422942	-54253
492	414966	-54253
493	406990	-54253
494	399014	-54253
495	391038	-54253
496	383061	-54253
497	375085	-54253
498	367109	-54253
499	359133	-54253
500	351157	-54253
501	343180	-54253
502	335204	-54253
503	327228	-54253
504	319252	-54253
505	311276	-54253
506	303299	-54253
507	295323	-54253
508	287347	-54253
509	279371	-54253
510	271395	-54253
511	263419	-54253
512	255442	-54253
513	247466	-54253
514	239490	-54253
515	231514	-54253
516	223538	-54253
517	215561	-54253
518	207585	-54253
519	199609	-54253
520	191633	-54253
521	183657	-54253
522	175680	-54253
523	167704	-54253
524	159728	-54253
525	151752	-54253
526	143776	-54253
527	135799	-54253
528	135799	-58556
529	143776	-58556
530	151752	-58556
531	159728	-58556
532	167704	-58556
533	175680	-58556
534	183657	-58556
535	191633	-58556
536	199609	-58556
537	207585	-58556
538	215561	-58556
539	223538	-58556
540	231514	-58556
541	239490	-58556
542	247466	-58556
543	255442	-58556
544	263419	-58556
545	271395	-58556
546	279371	-58556
547	287347	-58556
548	295323	-58556
549	303299	-58556
550	311276	-58556
551	319252	-58556
552	327228	-58556
553	335204	-58556
554	343180	-58556
555	351157	-58556
556	359133	-58556
557	367109	-58556
558	375085	-58556
559	383061	-58556
560	391038	-58556
561	399014	-58556
562	406990	-58556
563	414966	-58556
564	422942	-58556
565	430919	-58556
566	438895	-58556
567	446871	-58556
568	454847	-58556
569	462823	-58556
570	470800	-58556
571	470800	-62860
572	462823	-62860
573	454847	-62860
574	446871	-62860
575	438895	-62860
576	430919	-62860
577	422942	-62860
578	414966	-62860
579	406990	-62860
580	399014	-62860
581	391038	-62860
582	383061	-62860
583	375085	-62860
584	367109	-62860
585	359133	-62860
586	351157	-62860
587	343180	-62860
588	335204	-62860
589	327228	-62860
590	319252	-62860
591	311276	-62860
592	303299	-62860
593	295323	-62860
594	287347	-62860
595	279371	-62860
596	271395	-62860
597	263419	-62860
598	255442	-62860
599	247466	-62860
600	239490	-62860
601	231514	-62860
602	223538	-62860
603	215561	-62860
604	207585	-62860
605	199609	-62860
606	191633	-62860
607	183657	-62860
608	175680	-62860
609	167704	-62860
610	159728	-62860
611	151752	-62860
612	143776	-62860
613	135799	-62860
614	135799	-67164
615	143776	-67164
616	151752	-67164
617	159728	-67164
618	167704	-67164
619	175680	-67164
620	183657	-67164
621	191633	-67164
622	199609	-67164
623	207585	-67164
624	215561	-67164
625	223538	-67164
626	231514	-67164
627	239490	-67164
628	247466	-67164
629	255442	-67164
630	263419	-67164
631	271395	-67164
632	279371	-67164
633	287347	-67164
634	295323	-67164
635	303299	-67164
636	311276	-67164
637	319252	-67164
638	327228	-67164
639	335204	-67164
640	343180	-67164
641	351157	-67164
642	359133	-67164
643	367109	-67164
644	375085	-67164
645	383061	-67164
646	391038	-67164
647	399014	-67164
648	406990	-67164
649	414966	-67164
650	422942	-67164
651	430919	-67164
652	438895	-67164
653	446871	-67164
654	454847	-67164
655	462823	-67164
656	470800	-67164
657	470800	-71468
658	462823	-71468
659	454847	-71468
660	446871	-71468
661	438895	-71468
662	430919	-71468
663	422942	-71468
664	414966	-71468
665	406990	-71468
666	399014	-71468
667	391038	-71468
668	383061	-71468
669	375085	-71468
670	367109	-71468
671	359133	-71468
672	351157	-71468
673	343180	-71468
674	335204	-71468
675	327228	-71468
676	319252	-71468
677	311276	-71468
678	303299	-71468
679	295323	-71468
680	287347	-71468
681	279371	-71468
682	271395	-71468
683	263419	-71468
684	255442	-71468
685	247466	-71468
686	239490	-71468
687	231514	-71468
688	223538	-71468
689	215561	-71468
690	207585	-71468
691	199609	-71468
692	191633	-71468
693	183657	-71468
694	175680	-71468
695	167704	-71468
696	159728	-71468
697	151752	-71468
698	143776	-71468
699	135799	-71468
700	135799	-75772
701	143776	-75772
702	151752	-75772
703	159728	-75772
704	167704	-75772
705	175680	-75772
706	183657	-75772
707	191633	-75772
708	199609	-75772
709	207585	-75772
710	215561	-75772
711	223538	-75772
712	231514	-75772
713	239490	-75772
714	247466	-75772
715	255442	-75772
716	263419	-75772
717	271395	-75772
718	279371	-75772
719	287347	-75772
720	295323	-75772
721	303299	-75772
722	311276	-75772
723	319252	-75772
724	327228	-75772
725	335204	-75772
726	343180	-75772
727	351157	-75772
728	359133	-75772
729	367109	-75772
730	375085	-75772
731	383061	-75772
732	391038	-75772
733	399014	-75772
734	406990	-75772
735	414966	-75772
736	422942	-75772
737	430919	-75772
738	438895	-75772
739	446871	-75772
740	454847	-75772
741	462823	-75772
742	470800	-75772
743	470800	-80075
744	462823	-80075
745	454847	-80075
746	446871	-80075
747	438895	-80075
748	430919	-80075
749	422942	-80075
750	414966	-80075
751	406990	-80075
752	399014	-80075
753	391038	-80075
754	383061	-80075
755	375085	-80075
756	367109	-80075
757	359133	-80075
758	351157	-80075
759	343180	-80075
760	335204	-80075
761	327228	-80075
762	319252	-80075
763	311276	-80075
764	303299	-80075
765	295323	-80075
766	287347	-80075
767	279371	-80075
768	271395	-80075
769	263419	-80075
770	255442	-80075
771	247466	-80075
772	239490	-80075
773	231514	-80075
774	223538	-80075
775	215561	-80075
776	207585	-80075
777	199609	-80075
778	191633	-80075
779	183657	-80075
780	175680	-80075
781	167704	-80075
782	159728	-80075
783	151752	-80075
784	143776	-80075
785	135799	-80075
786	135799	-84379
787	143776	-84379
788	151752	-84379
789	159728	-84379
790	167704	-84379
791	175680	-84379
792	183657	-84379
793	191633	-84379
794	199609	-84379
795	207585	-84379
796	215561	-84379
797	223538	-84379
798	231514	-84379
799	239490	-84379
800	247466	-84379
801	255442	-84379
802	263419	-84379
803	271395	-84379
804	279371	-84379
805	287347	-84379
806	295323	-84379
807	303299	-84379
808	311276	-84379
809	319252	-84379
810	327228	-84379
811	335204	-84379
812	343180	-84379
813	351157	-84379
814	359133	-84379
815	367109	-84379
816	375085	-84379
817	383061	-84379
818	391038	-84379
819	399014	-84379
820	406990	-84379
821	414966	-84379
822	422942	-84379
823	430919	-84379
824	438895	-84379
825	446871	-84379
826	454847	-84379
827	462823	-84379
828	470800	-84379
829	470800	-88683
830	462823	-88683
831	454847	-88683
832	446871	-88683
833	438895	-88683
834	430919	-88683
835	422942	-88683
836	414966	-88683
837	406990	-88683
838	399014	-88683
839	391038	-88683
840	383061	-88683
841	375085	-88683
842	367109	-88683
843	359133	-88683
844	351157	-88683
845	343180	-88683
846	335204	-88683
847	327228	-88683
848	319252	-88683
849	311276	-88683
850	303299	-88683
851	295323	-88683
852	287347	-88683
853	279371	-88683
854	271395	-88683
855	263419	-88683
856	255442	-88683
857	247466	-88683
858	239490	-88683
859	231514	-88683
860	223538	-88683
861	215561	-88683
862	207585	-88683
863	199609	-88683
864	191633	-88683
865	183657	-88683
866	175680	-88683
867	167704	-88683
868	159728	-88683
869	151752	-88683
870	143776	-88683
871	135799	-88683
872	135799	-92987
873	143776	-92987
874	151752	-92987
875	159728	-92987
876	167704	-92987
877	175680	-92987
878	183657	-92987
879	191633	-92987
880	199609	-92987
881	207585	-92987
882	215561	-92987
883	223538	-92987
884	231514	-92987
885	239490	-92987
886	247466	-92987
887	255442	-92987
888	263419	-92987
889	271395	-92987
890	279371	-92987
891	287347	-92987
892	295323	-92987
893	303299	-92987
894	311276	-92987
895	319252	-92987
896	327228	-92987
897	335204	-92987
898	343180	-92987
899	351157	-92987
900	359133	-92987
901	367109	-92987
902	375085	-92987
903	383061	-92987
904	391038	-92987
905	399014	-92987
906	406990	-92987
907	414966	-92987
908	422942	-92987
909	430919	-92987
910	438895	-92987
911	446871	-92987
912	454847	-92987
913	462823	-92987
914	470800	-92987
915	470800	-97291
916	462823	-97291
917	454847	-97291
918	446871	-97291
919	438895	-97291
920	430919	-97291
921	422942	-97291
922	414966	-97291
923	406990	-97291
924	399014	-97291
925	391038	-97291
926	383061	-97291
927	375085	-97291
928	367109	-97291
929	359133	-97291
930	351157	-97291
931	343180	-97291
932	335204	-97291
933	327228	-97291
934	319252	-97291
935	311276	-97291
936	303299	-97291
937	295323	-97291
938	287347	-97291
939	279371	-97291
940	271395	-97291
941	263419	-97291
942	255442	-97291
943	247466	-97291
944	239490	-97291
945	231514	-97291
946	223538	-97291
947	215561	-97291
948	207585	-97291
949	199609	-97291
950	191633	-97291
951	183657	-97291
952	175680	-97291
953	167704	-97291
954	159728	-97291
955	151752	-97291
956	143776	-97291
957	135799	-97291
958	135799	-101594
959	143776	-101594
960	151752	-101594
961	159728	-101594
962	167704	-101594
963	175680	-101594
964	183657	-101594
965	191633	-101594
966	199609	-101594
967	207585	-101594
968	215561	-101594
969	223538	-101594
970	231514	-101594
971	239490	-101594
972	247466	-101594
973	255442	-101594
974	263419	-101594
975	271395	-101594
976	279371	-101594
977	287347	-101594
978	295323	-101594
979	303299	-101594
980	311276	-101594
981	319252	-101594
982	327228	-101594
983	335204	-101594
984	343180	-101594
985	351157	-101594
986	359133	-101594
987	367109	-101594
988	375085	-101594
989	383061	-101594
990	391038	-101594
991	399014	-101594
992	406990	-101594
993	414966	-101594
994	422942	-101594
995	430919	-101594
996	438895	-101594
997	446871	-101594
998	454847	-101594
999	462823	-101594
1000	470800	-101594
1001	470800	-105898
1002	462823	-105898
1003	454847	-105898
1004	446871	-105898
1005	438895	-105898
1006	430919	-105898
1007	422942	-105898
1008	414966	-105898
1009	406990	-105898
1010	399014	-105898
1011	391038	-105898
1012	383061	-105898
1013	375085	-105898
1014	367109	-105898
1015	359133	-105898
1016	351157	-105898
1017	343180	-105898
1018	335204	-105898
1019	327228	-105898
1020	319252	-105898
1021	311276	-105898
1022	303299	-105898
1023	295323	-105898
1024	287347	-105898
1025	279371	-105898
1026	271395	-105898
1027	263419	-105898
1028	255442	-105898
1029	247466	-105898
1030	239490	-105898
1031	231514	-105898
1032	223538	-105898
1033	215561	-105898
1034	207585	-105898
1035	199609	-105898
1036	191633	-105898
1037	183657	-105898
1038	175680	-105898
1039	167704	-105898
1040	159728	-105898
1041	151752	-105898
1042	143776	-105898
1043	135799	-105898
1044	135799	-110202
1045	143776	-110202
1046	151752	-110202
1047	159728	-110202
1048	167704	-110202
1049	175680	-110202
1050	183657	-110202
1051	191633	-110202
1052	199609	-110202
1053	207585	-110202
1054	215561	-110202
1055	223538	-110202
1056	231514	-110202
1057	239490	-110202
1058	247466	-110202
1059	255442	-110202
1060	263419	-110202
1061	271395	-110202
1062	279371	-110202
1063	287347	-110202
1064	295323	-110202
1065	303299	-110202
1066	311276	-110202
1067	319252	-110202
1068	327228	-110202
1069	335204	-110202
1070	343180	-110202
1071	351157	-110202
1072	359133	-110202
1073	367109	-110202
1074	375085	-110202
1075	383061	-110202
1076	391038	-110202
1077	399014	-110202
1078	406990	-110202
1079	414966	-110202
1080	422942	-110202
1081	430919	-110202
1082	438895	-110202
1083	446871	-110202
1084	454847	-110202
1085	462823	-110202
1086	470800	-110202
1087	470800	-114506
1088	462823	-114506
1089	454847	-114506
1090	446871	-114506
1091	438895	-114506
1092	430919	-114506
1093	422942	-114506
1094	414966	-114506
1095	406990	-114506
1096	399014	-114506
1097	391038	-114506
1098	383061	-114506
1099	375085	-114506
1100	367109	-114506
1101	359133	-114506
1102	351157	-114506
1103	343180	-114506
1104	335204	-114506
1105	327228	-114506
1106	319252	-114506
1107	311276	-114506
1108	303299	-114506
1109	295323	-114506
1110	287347	-114506
1111	279371	-114506
1112	271395	-114506
1113	263419	-114506
1114	255442	-114506
1115	247466	-114506
1116	239490	-114506
1117	231514	-114506
1118	223538	-114506
1119	215561	-114506
1120	207585	-114506
1121	199609	-114506
1122	191633	-114506
1123	183657	-114506
1124	175680	-114506
1125	167704	-114506
1126	159728	-114506
1127	151752	-114506
1128	143776	-114506
1129	135799	-114506
1130	135799	-118810
1131	143776	-118810
1132	151752	-118810
1133	159728	-118810
1134	167704	-118810
1135	175680	-118810
1136	183657	-118810
1137	191633	-118810
1138	199609	-118810
1139	207585	-118810
1140	215561	-118810
1141	223538	-118810
1142	231514	-118810
1143	239490	-118810
1144	247466	-118810
1145	255442	-118810
1146	263419	-118810
1147	271395	-118810
1148	279371	-118810
1149	287347	-118810
1150	295323	-118810
1151	303299	-118810
1152	311276	-118810
1153	319252	-118810
1154	327228	-118810
1155	335204	-118810
1156	343180	-118810
1157	351157	-118810
1158	359133	-118810
1159	367109	-118810
1160	375085	-118810
1161	383061	-118810
1162	391038	-118810
1163	399014	-118810
1164	406990	-118810
1165	414966	-118810
1166	422942	-118810
1167	430919	-118810
1168	438895	-118810
1169	446871	-118810
1170	454847	-118810
1171	462823	-118810
1172	470800	-118810
1173	470800	-123113
1174	462823	-123113
1175	454847	-123113
1176	446871	-123113
1177	438895	-123113
1178	430919	-123113
1179	422942	-123113
1180	414966	-123113
1181	406990	-123113
1182	399014	-123113
1183	391038	-123113
1184	383061	-123113
1185	375085	-123113
1186	367109	-123113
1187	359133	-123113
1188	351157	-123113
1189	343180	-123113
1190	335204	-123113
1191	327228	-123113
1192	319252	-123113
1193	311276	-123113
1194	303299	-123113
1195	295323	-123113
1196	287347	-123113
1197	279371	-123113
1198	271395	-123113
1199	263419	-123113
1200	255442	-123113
1201	247466	-123113
1202	239490	-123113
1203	231514	-123113
1204	223538	-123113
1205	215561	-123113
1206	207585	-123113
1207	199609	-123113
1208	191633	-123113
1209	183657	-123113
1210	175680	-123113
1211	167704	-123113
1212	159728	-123113
1213	151752	-123113
1214	143776	-123113
1215	135799	-123113
1216	135799	-127417
1217	143776	-127417
1218	151752	-127417
1219	159728	-127417
1220	167704	-127417
1221	175680	-127417
1222	183657	-127417
1223	191633	-127417
1224	199609	-127417
1225	207585	-127417
1226	215561	-127417
1227	223538	-127417
1228	231514	-127417
1229	239490	-127417
1230	247466	-127417
1231	255442	-127417
1232	263419	-127417
1233	271395	-127417
1234	279371	-127417
1235	287347	-127417
1236	295323	-127417
1237	303299	-127417
1238	311276	-127417
1239	319252	-127417
1240	327228	-127417
1241	335204	-127417
1242	343180	-127417
1243	351157	-127417
1244	359133	-127417
1245	367109	-127417
1246	375085	-127417
1247	383061	-127417
1248	391038	-127417
1249	399014	-127417
1250	406990	-127417
1251	414966	-127417
1252	422942	-127417
1253	430919	-127417
1254	438895	-127417
1255	446871	-127417
1256	454847	-127417
1257	462823	-127417
1258	470800	-127417
1259	470800	-131721
1260	462823	-131721
1261	454847	-131721
1262	446871	-131721
1263	438895	-131721
1264	430919	-131721
1265	422942	-131721
1266	414966	-131721
1267	406990	-131721
1268	399014	-131721
1269	391038	-131721
1270	383061	-131721
1271	375085	-131721
1272	367109	-131721
1273	359133	-131721
1274	351157	-131721
1275	343180	-131721
1276	335204	-131721
1277	327228	-131721
1278	319252	-131721
1279	311276	-131721
1280	303299	-131721
1281	295323	-131721
1282	287347	-131721
1283	279371	-131721
1284	271395	-131721
1285	263419	-131721
1286	255442	-131721
1287	247466	-131721
1288	239490	-131721
1289	231514	-131721
1290	223538	-131721
1291	215561	-131721
1292	207585	-131721
1293	199609	-131721
1294	191633	-131721
1295	183657	-131721
1296	175680	-131721
1297	167704	-131721
1298	159728	-131721
1299	151752	-131721
1300	143776	-131721
1301	135799	-131721
1302	135799	-136025
1303	143776	-136025
1304	151752	-136025
1305	159728	-136025
1306	167704	-136025
1307	175680	-136025
1308	183657	-136025
1309	191633	-136025
1310	199609	-136025
1311	207585	-136025
1312	215561	-136025
1313	223538	-136025
1314	231514	-136025
1315	239490	-136025
1316	247466	-136025
1317	255442	-136025
1318	263419	-136025
1319	271395	-136025
1320	279371	-136025
1321	287347	-136025
1322	295323	-136025
1323	303299	-136025
1324	311276	-136025
1325	319252	-136025
1326	327228	-136025
1327	335204	-136025
1328	343180	-136025
1329	351157	-136025
1330	359133	-136025
1331	367109	-136025
1332	375085	-136025
1333	383061	-136025
1334	391038	-136025
1335	399014	-136025
1336	406990	-136025
1337	414966	-136025
1338	422942	-136025
1339	430919	-136025
1340	438895	-136025
1341	446871	-136025
1342	454847	-136025
1343	462823	-136025
1344	470800	-136025
1345	470800	-140329
1346	462823	-140329
1347	454847	-140329
1348	446871	-140329
1349	438895	-140329
1350	430919	-140329
1351	422942	-140329
1352	414966	-140329
1353	406990	-140329
1354	399014	-140329
1355	391038	-140329
1356	383061	-140329
1357	375085	-140329
1358	367109	-140329
1359	359133	-140329
1360	351157	-140329
1361	343180	-140329
1362	335204	-140329
1363	327228	-140329
1364	319252	-140329
1365	311276	-140329
1366	303299	-140329
1367	295323	-140329
1368	287347	-140329
1369	279371	-140329
1370	271395	-140329
1371	263419	-140329
1372	255442	-140329
1373	247466	-140329
1374	239490	-140329
1375	231514	-140329
1376	223538	-140329
1377	215561	-140329
1378	207585	-140329
1379	199609	-140329
1380	191633	-140329
1381	183657	-140329
1382	175680	-140329
1383	167704	-140329
1384	159728	-140329
1385	151752	-140329
1386	143776	-140329
1387	135799	-140329
1388	135799	-144632
1389	143776	-144632
1390	151752	-144632
1391	159728	-144632
1392	167704	-144632
1393	175680	-144632
1394	183657	-144632
1395	191633	-144632
1396	199609	-144632
1397	207585	-144632
1398	215561	-144632
1399	223538	-144632
1400	231514	-144632
1401	239490	-144632
1402	247466	-144632
1403	255442	-144632
1404	263419	-144632
1405	271395	-144632
1406	279371	-144632
1407	287347	-144632
1408	295323	-144632
1409	303299	-144632
1410	311276	-144632
1411	319252	-144632
1412	327228	-144632
1413	335204	-144632
1414	343180	-144632
1415	351157	-144632
1416	359133	-144632
1417	367109	-144632
1418	375085	-144632
1419	383061	-144632
1420	391038	-144632
1421	399014	-144632
1422	406990	-144632
1423	414966	-144632
1424	422942	-144632
1425	430919	-144632
1426	438895	-144632
1427	446871	-144632
1428	454847	-144632
1429	462823	-144632
1430	470800	-144632
1431	470800	-148936
1432	462823	-148936
1433	454847	-148936
1434	446871	-148936
1435	438895	-148936
1436	430919	-148936
1437	422942	-148936
1438	414966	-148936
1439	406990	-148936
1440	399014	-148936
1441	391038	-148936
1442	383061	-148936
1443	375085	-148936
1444	367109	-148936
1445	359133	-148936
1446	351157	-148936
1447	343180	-148936
1448	335204	-148936
1449	327228	-148936
1450	319252	-148936
1451	311276	-148936
1452	303299	-148936
1453	295323	-148936
1454	287347	-148936
1455	279371	-148936
1456	271395	-148936
1457	263419	-148936
1458	255442	-148936
1459	247466	-148936
1460	239490	-148936
1461	231514	-148936
1462	223538	-148936
1463	215561	-148936
1464	207585	-148936
1465	199609	-148936
1466	191633	-148936
1467	183657	-148936
1468	175680	-148936
1469	167704	-148936
1470	159728	-148936
1471	151752	-148936
1472	143776	-148936
1473	135799	-148936
1474	135799	-153240
1475	143776	-153240
1476	151752	-153240
1477	159728	-153240
1478	167704	-153240
1479	175680	-153240
1480	183657	-153240
1481	191633	-153240
1482	199609	-153240
1483	207585	-153240
1484	215561	-153240
1485	223538	-153240
1486	231514	-153240
1487	239490	-153240
1488	247466	-153240
1489	255442	-153240
1490	263419	-153240
1491	271395	-153240
1492	279371	-153240
1493	287347	-153240
1494	295323	-153240
1495	303299	-153240
1496	311276	-153240
1497	319252	-153240
1498	327228	-153240
1499	335204	-153240
1500	343180	-153240
1501	351157	-153240
1502	359133	-153240
1503	367109	-153240
1504	375085	-153240
1505	383061	-153240
1506	391038	-153240
1507	399014	-153240
1508	406990	-153240
1509	414966	-153240
1510	422942	-153240
1511	430919	-153240
1512	438895	-153240
1513	446871	-153240
1514	454847	-153240
1515	462823	-153240
1516	470800	-153240
1517	470800	-157544
1518	462823	-157544
1519	454847	-157544
1520	446871	-157544
1521	438895	-157544
1522	430919	-157544
1523	422942	-157544
1524	414966	-157544
1525	406990	-157544
1526	399014	-157544
1527	391038	-157544
1528	383061	-157544
1529	375085	-157544
1530	367109	-157544
1531	359133	-157544
1532	351157	-157544
1533	343180	-157544
1534	335204	-157544
1535	327228	-157544
1536	319252	-157544
1537	311276	-157544
1538	303299	-157544
1539	295323	-157544
1540	287347	-157544
1541	279371	-157544
1542	271395	-157544
1543	263419	-157544
1544	255442	-157544
1545	247466	-157544
1546	239490	-157544
1547	231514	-157544
1548	223538	-157544
1549	215561	-157544
1550	207585	-157544
1551	199609	-157544
1552	191633	-157544
1553	183657	-157544
1554	175680	-157544
1555	167704	-157544
1556	159728	-157544
1557	151752	-157544
1558	143776	-157544
1559	135799	-157544
1560	135799	-161848
1561	143776	-161848
1562	151752	-161848
1563	159728	-161848
1564	167704	-161848
1565	175680	-161848
1566	183657	-161848
1567	191633	-161848
1568	199609	-161848
1569	207585	-161848
1570	215561	-161848
1571	223538	-161848
1572	231514	-161848
1573	239490	-161848
1574	247466	-161848
1575	255442	-161848
1576	263419	-161848
1577	271395	-161848
1578	279371	-161848
1579	287347	-161848
1580	295323	-161848
1581	303299	-161848
1582	311276	-161848
1583	319252	-161848
1584	327228	-161848
1585	335204	-161848
1586	343180	-161848
1587	351157	-161848
1588	359133	-161848
1589	367109	-161848
1590	375085	-161848
1591	383061	-161848
1592	391038	-161848
1593	399014	-161848
1594	406990	-161848
1595	414966	-161848
1596	422942	-161848
1597	430919	-161848
1598	438895	-161848
1599	446871	-161848
1600	454847	-161848
1601	462823	-161848
1602	470800	-161848
1603	470800	-166151
1604	462823	-166151
1605	454847	-166151
1606	446871	-166151
1607	438895	-166151
1608	430919	-166151
1609	422942	-166151
1610	414966	-166151
1611	406990	-166151
1612	399014	-166151
1613	391038	-166151
1614	383061	-166151
1615	375085	-166151
1616	367109	-166151
1617	359133	-166151
1618	351157	-166151
1619	343180	-166151
1620	335204	-166151
1621	327228	-166151
1622	319252	-166151
1623	311276	-166151
1624	303299	-166151
1625	295323	-166151
1626	287347	-166151
1627	279371	-166151
1628	271395	-166151
1629	263419	-166151
1630	255442	-166151
1631	247466	-166151
1632	239490	-166151
1633	231514	-166151
1634	223538	-166151
1635	215561	-166151
1636	207585	-166151
1637	199609	-166151
1638	191633	-166151
1639	183657	-166151
1640	175680	-166151
1641	167704	-166151
1642	159728	-166151
1643	151752	-166151
1644	143776	-166151
1645	135799	-166151
1646	135799	-170455
1647	143776	-170455
1648	151752	-170455
1649	159728	-170455
1650	167704	-170455
1651	175680	-170455
1652	183657	-170455
1653	191633	-170455
1654	199609	-170455
1655	207585	-170455
1656	215561	-170455
1657	223538	-170455
1658	231514	-170455
1659	239490	-170455
1660	247466	-170455
1661	255442	-170455
1662	263419	-170455
1663	271395	-170455
1664	279371	-170455
1665	287347	-170455
1666	295323	-170455
1667	303299	-170455
1668	311276	-170455
1669	319252	-170455
1670	327228	-170455
1671	335204	-170455
1672	343180	-170455
1673	351157	-170455
1674	359133	-170455
1675	367109	-170455
1676	375085	-170455
1677	383061	-170455
1678	391038	-170455
1679	399014	-170455
1680	406990	-170455
1681	414966	-170455
1682	422942	-170455
1683	430919	-170455
1684	438895	-170455
1685	446871	-170455
1686	454847	-170455
1687	462823	-170455
1688	470800	-170455
1689	470800	-174759
1690	462823	-174759
1691	454847	-174759
1692	446871	-174759
1693	438895	-174759
1694	430919	-174759
1695	422942	-174759
1696	414966	-174759
1697	406990	-174759
1698	399014	-174759
1699	391038	-174759
1700	383061	-174759
1701	375085	-174759
1702	367109	-174759
1703	359133	-174759
1704	351157	-174759
1705	343180	-174759
1706	335204	-174759
1707	327228	-174759
1708	319252	-174759
1709	311276	-174759
1710	303299	-174759
1711	295323	-174759
1712	287347	-174759
1713	279371	-174759
1714	271395	-174759
1715	263419	-174759
1716	255442	-174759
1717	247466	-174759
1718	239490	-174759
1719	231514	-174759
1720	223538	-174759
1721	215561	-174759
1722	207585	-174759
1723	199609	-174759
1724	191633	-174759
1725	183657	-174759
1726	175680	-174759
1727	167704	-174759
1728	159728	-174759
1729	151752	-174759
1730	143776	-174759
1731	135799	-174759
1732	135799	-179063
1733	143776	-179063
1734	151752	-179063
1735	159728	-179063
1736	167704	-179063
1737	175680	-179063
1738	183657	-179063
1739	191633	-179063
1740	199609	-179063
1741	207585	-179063
1742	215561	-179063
1743	223538	-179063
1744	231514	-179063
1745	239490	-179063
1746	247466	-179063
1747	255442	-179063
1748	263419	-179063
1749	271395	-179063
1750	279371	-179063
1751	287347	-179063
1752	295323	-179063
1753	303299	-179063
1754	311276	-179063
1755	319252	-179063
1756	327228	-179063
1757	335204	-179063
1758	343180	-179063
1759	351157	-179063
1760	359133	-179063
1761	367109	-179063
1762	375085	-179063
1763	383061	-179063
1764	391038	-179063
1765	399014	-179063
1766	406990	-179063
1767	414966	-179063
1768	422942	-179063
1769	430919	-179063
1770	438895	-179063
1771	446871	-179063
1772	454847	-179063
1773	462823	-179063
1774	470800	-179063
1775	470800	-183367
1776	462823	-183367
1777	454847	-183367
1778	446871	-183367
1779	438895	-183367
1780	430919	-183367
1781	422942	-183367
1782	414966	-183367
1783	406990	-183367
1784	399014	-183367
1785	391038	-183367
1786	383061	-183367
1787	375085	-183367
1788	367109	-183367
1789	359133	-183367
1790	351157	-183367
1791	343180	-183367
1792	335204	-183367
1793	327228	-183367
1794	319252	-183367
1795	311276	-183367
1796	303299	-183367
1797	295323	-183367
1798	287347	-183367
1799	279371	-183367
1800	271395	-183367
1801	263419	-183367
1802	255442	-183367
1803	247466	-183367
1804	239490	-183367
1805	231514	-183367
1806	223538	-183367
1807	215561	-183367
1808	207585	-183367
1809	199609	-183367
1810	191633	-183367
1811	183657	-183367
1812	175680	-183367
1813	167704	-183367
1814	159728	-183367
1815	151752	-183367
1816	143776	-183367
1817	135799	-183367
1818	135799	-187670
1819	143776	-187670
1820	151752	-187670
1821	159728	-187670
1822	167704	-187670
1823	175680	-187670
1824	183657	-187670
1825	191633	-187670
1826	199609	-187670
1827	207585	-187670
1828	215561	-187670
1829	223538	-187670
1830	231514	-187670
1831	239490	-187670
1832	247466	-187670
1833	255442	-187670
1834	263419	-187670
1835	271395	-187670
1836	279371	-187670
1837	287347	-187670
1838	295323	-187670
1839	303299	-187670
1840	311276	-187670
1841	319252	-187670
1842	327228	-187670
1843	335204	-187670
1844	343180	-187670
1845	351157	-187670
1846	359133	-187670
1847	367109	-187670
1848	375085	-187670
1849	383061	-187670
1850	391038	-187670
1851	399014	-187670
1852	406990	-187670
1853	414966	-187670
1854	422942	-187670
1855	430919	-187670
1856	438895	-187670
1857	446871	-187670
1858	454847	-187670
1859	462823	-187670
1860	470800	-187670
1861	470800	-191974
1862	462823	-191974
1863	454847	-191974
1864	446871	-191974
1865	438895	-191974
1866	430919	-191974
1867	422942	-191974
1868	414966	-191974
1869	406990	-191974
1870	399014	-191974
1871	391038	-191974
1872	383061	-191974
1873	375085	-191974
1874	367109	-191974
1875	359133	-191974
1876	351157	-191974
1877	343180	-191974
1878	335204	-191974
1879	327228	-191974
1880	319252	-191974
1881	311276	-191974
1882	303299	-191974
1883	295323	-191974
1884	287347	-191974
1885	279371	-191974
1886	271395	-191974
1887	263419	-191974
1888	255442	-191974
1889	247466	-191974
1890	239490	-191974
1891	231514	-191974
1892	223538	-191974
1893	215561	-191974
1894	207585	-191974
1895	199609	-191974
1896	191633	-191974
1897	183657	-191974
1898	175680	-191974
1899	167704	-191974
1900	159728	-191974
1901	151752	-191974
1902	143776	-191974
1903	135799	-191974
1904	135799	-196278
1905	143776	-196278
1906	151752	-196278
1907	159728	-196278
1908	167704	-196278
1909	175680	-196278
1910	183657	-196278
1911	191633	-196278
1912	199609	-196278
1913	207585	-196278
1914	215561	-196278
1915	223538	-196278
1916	231514	-196278
1917	239490	-196278
1918	247466	-196278
1919	255442	-196278
1920	263419	-196278
1921	271395	-196278
1922	279371	-196278
1923	287347	-196278
1924	295323	-196278
1925	303299	-196278
1926	311276	-196278
1927	319252	-196278
1928	327228	-196278
1929	335204	-196278
1930	343180	-196278
1931	351157	-196278
1932	359133	-196278
1933	367109	-196278
1934	375085	-196278
1935	383061	-196278
1936	391038	-196278
1937	399014	-196278
1938	406990	-196278
1939	414966	-196278
1940	422942	-196278
1941	430919	-196278
1942	438895	-196278
1943	446871	-196278
1944	454847	-196278
1945	462823	-196278
1946	470800	-196278
1947	470800	-200582
1948	462823	-200582
1949	454847	-200582
1950	446871	-200582
1951	438895	-200582
1952	430919	-200582
1953	422942	-200582
1954	414966	-200582
1955	406990	-200582
1956	399014	-200582
1957	391038	-200582
1958	383061	-200582
1959	375085	-200582
1960	367109	-200582
1961	359133	-200582
1962	351157	-200582
1963	343180	-200582
1964	335204	-200582
1965	327228	-200582
1966	319252	-200582
1967	311276	-200582
1968	303299	-200582
1969	295323	-200582
1970	287347	-200582
1971	279371	-200582
1972	271395	-200582
1973	263419	-200582
1974	255442	-200582
1975	247466	-200582
1976	239490	-200582
1977	231514	-200582
1978	223538	-200582
1979	215561	-200582
1980	207585	-200582
1981	199609	-200582
1982	191633	-200582
1983	183657	-200582
1984	175680	-200582
1985	167704	-200582
1986	159728	-200582
1987	151752	-200582
1988	143776	-200582
1989	135799	-200582
1990	135799	-204886
1991	143776	-204886
1992	151752	-204886
1993	159728	-204886
1994	167704	-204886
1995	175680	-204886
1996	183657	-204886
1997	191633	-204886
1998	199609	-204886
1999	207585	-204886
2000	215561	-204886
2001	223538	-204886
2002	231514	-204886
2003	239490	-204886
2004	247466	-204886
2005	255442	-204886
2006	263419	-204886
2007	271395	-204886
2008	279371	-204886
2009	287347	-204886
2010	295323	-204886
2011	303299	-204886
2012	311276	-204886
2013	319252	-204886
2014	327228	-204886
2015	335204	-204886
2016	343180	-204886
2017	351157	-204886
2018	359133	-204886
2019	367109	-204886
2020	375085	-204886
2021	383061	-204886
2022	391038	-204886
2023	399014	-204886
2024	406990	-204886
2025	414966	-204886
2026	422942	-204886
2027	430919	-204886
2028	438895	-204886
2029	446871	-204886
2030	454847	-204886
2031	462823	-204886
2032	470800	-204886
2033	470800	-209189
2034	462823	-209189
2035	454847	-209189
2036	446871	-209189
2037	438895	-209189
2038	430919	-209189
2039	422942	-209189
2040	414966	-209189
2041	406990	-209189
2042	399014	-209189
2043	391038	-209189
2044	383061	-209189
2045	375085	-209189
2046	367109	-209189
2047	359133	-209189
2048	351157	-209189
2049	343180	-209189
2050	335204	-209189
2051	327228	-209189
2052	319252	-209189
2053	311276	-209189
2054	303299	-209189
2055	295323	-209189
2056	287347	-209189
2057	279371	-209189
2058	271395	-209189
2059	263419	-209189
2060	255442	-209189
2061	247466	-209189
2062	239490	-209189
2063	231514	-209189
2064	223538	-209189
2065	215561	-209189
2066	207585	-209189
2067	199609	-209189
2068	191633	-209189
2069	183657	-209189
2070	175680	-209189
2071	167704	-209189
2072	159728	-209189
2073	151752	-209189
2074	143776	-209189
2075	135799	-209189
2076	135799	-213493
2077	143776	-213493
2078	151752	-213493
2079	159728	-213493
2080	167704	-213493
2081	175680	-213493
2082	183657	-213493
2083	191633	-213493
2084	199609	-213493
2085	207585	-213493
2086	215561	-213493
2087	223538	-213493
2088	231514	-213493
2089	239490	-213493
2090	247466	-213493
2091	255442	-213493
2092	263419	-213493
2093	271395	-213493
2094	279371	-213493
2095	287347	-213493
2096	295323	-213493
2097	303299	-213493
2098	311276	-213493
2099	319252	-213493
2100	327228	-213493
2101	335204	-213493
2102	343180	-213493
2103	351157	-213493
2104	359133	-213493
2105	367109	-213493
2106	375085	-213493
2107	383061	-213493
2108	391038	-213493
2109	399014	-213493
2110	406990	-213493
2111	414966	-213493
2112	422942	-213493
2113	430919	-213493
2114	438895	-213493
2115	446871	-213493
2116	454847	-213493
2117	462823	-213493
2118	470800	-213493
2119	470800	-217797
2120	462823	-217797
2121	454847	-217797
2122	446871	-217797
2123	438895	-217797
2124	430919	-217797
2125	422942	-217797
2126	414966	-217797
2127	406990	-217797
2128	399014	-217797
2129	391038	-217797
2130	383061	-217797
2131	375085	-217797
2132	367109	-217797
2133	359133	-217797
2134	351157	-217797
2135	343180	-217797
2136	335204	-217797
2137	327228	-217797
2138	319252	-217797
2139	311276	-217797
2140	303299	-217797
2141	295323	-217797
2142	287347	-217797
2143	279371	-217797
2144	271395	-217797
2145	263419	-217797
2146	255442	-217797
2147	247466	-217797
2148	239490	-217797
2149	231514	-217797
2150	223538	-217797
2151	215561	-217797
2152	207585	-217797
2153	199609	-217797
2154	191633	-217797
2155	183657	-217797
2156	175680	-217797
2157	167704	-217797
2158	159728	-217797
2159	151752	-217797
2160	143776	-217797
2161	135799	-217797
2162	135799	-222101
2163	143776	-222101
2164	151752	-222101
2165	159728	-222101
2166	167704	-222101
2167	175680	-222101
2168	183657	-222101
2169	191633	-222101
2170	199609	-222101
2171	207585	-222101
2172	215561	-222101
2173	223538	-222101
2174	231514	-222101
2175	239490	-222101
2176	247466	-222101
2177	255442	-222101
2178	263419	-222101
2179	271395	-222101
2180	279371	-222101
2181	287347	-222101
2182	295323	-222101
2183	303299	-222101
2184	311276	-222101
2185	319252	-222101
2186	327228	-222101
2187	335204	-222101
2188	343180	-222101
2189	351157	-222101
2190	359133	-222101
2191	367109	-222101
2192	375085	-222101
2193	383061	-222101
2194	391038	-222101
2195	399014	-222101
2196	406990	-222101
2197	414966	-222101
2198	422942	-222101
2199	430919	-222101
2200	438895	-222101
2201	446871	-222101
2202	454847	-222101
2203	462823	-222101
2204	470800	-222101
2205	470800	-226405
2206	462823	-226405
2207	454847	-226405
2208	446871	-226405
2209	438895	-226405
2210	430919	-226405
2211	422942	-226405
2212	414966	-226405
2213	406990	-226405
2214	399014	-226405
2215	391038	-226405
2216	383061	-226405
2217	375085	-226405
2218	367109	-226405
2219	359133	-226405
2220	351157	-226405
2221	343180	-226405
2222	335204	-226405
2223	327228	-226405
2224	319252	-226405
2225	311276	-226405
2226	303299	-226405
2227	295323	-226405
2228	287347	-226405
2229	279371	-226405
2230	271395	-226405
2231	263419	-226405
2232	255442	-226405
2233	247466	-226405
2234	239490	-226405
2235	231514	-226405
2236	223538	-226405
2237	215561	-226405
2238	207585	-226405
2239	199609	-226405
2240	191633	-226405
2241	183657	-226405
2242	175680	-226405
2243	167704	-226405
2244	159728	-226405
2245	151752	-226405
2246	143776	-226405
2247	135799	-226405
2248	135799	-230708
2249	143776	-230708
2250	151752	-230708
2251	159728	-230708
2252	167704	-230708
2253	175680	-230708
2254	183657	-230708
2255	191633	-230708
2256	199609	-230708
2257	207585	-230708
2258	215561	-230708
2259	223538	-230708
2260	231514	-230708
2261	239490	-230708
2262	247466	-230708
2263	255442	-230708
2264	263419	-230708
2265	271395	-230708
2266	279371	-230708
2267	287347	-230708
2268	295323	-230708
2269	303299	-230708
2270	311276	-230708
2271	319252	-230708
2272	327228	-230708
2273	335204	-230708
2274	343180	-230708
2275	351157	-230708
2276	359133	-230708
2277	367109	-230708
2278	375085	-230708
2279	383061	-230708
2280	391038	-230708
2281	399014	-230708
2282	406990	-230708
2283	414966	-230708
2284	422942	-230708
2285	430919	-230708
2286	438895	-230708
2287	446871	-230708
2288	454847	-230708
2289	462823	-230708
2290	470800	-230708
2291	470800	-235012
2292	462823	-235012
2293	454847	-235012
2294	446871	-235012
2295	438895	-235012
2296	430919	-235012
2297	422942	-235012
2298	414966	-235012
2299	406990	-235012
2300	399014	-235012
2301	391038	-235012
2302	383061	-235012
2303	375085	-235012
2304	367109	-235012
2305	359133	-235012
2306	351157	-235012
2307	343180	-235012
2308	335204	-235012
2309	327228	-235012
2310	319252	-235012
2311	311276	-235012
2312	303299	-235012
2313	295323	-235012
2314	287347	-235012
2315	279371	-235012
2316	271395	-235012
2317	263419	-235012
2318	255442	-235012
2319	247466	-235012
2320	239490	-235012
2321	231514	-235012
2322	223538	-235012
2323	215561	-235012
2324	207585	-235012
2325	199609	-235012
2326	191633	-235012
2327	183657	-235012
2328	175680	-235012
2329	167704	-235012
2330	159728	-235012
2331	151752	-235012
2332	143776	-235012
2333	135799	-235012
2334	135799	-239316
2335	143776	-239316
2336	151752	-239316
2337	159728	-239316
2338	167704	-239316
2339	175680	-239316
2340	183657	-239316
2341	191633	-239316
2342	199609	-239316
2343	207585	-239316
2344	215561	-239316
2345	223538	-239316
2346	231514	-239316
2347	239490	-239316
2348	247466	-239316
2349	255442	-239316
2350	263419	-239316
2351	271395	-239316
2352	279371	-239316
2353	287347	-239316
2354	295323	-239316
2355	303299	-239316
2356	311276	-239316
2357	319252	-239316
2358	327228	-239316
2359	335204	-239316
2360	343180	-239316
2361	351157	-239316
2362	359133	-239316
2363	367109	-239316
2364	375085	-239316
2365	383061	-239316
2366	391038	-239316
2367	399014	-239316
2368	406990	-239316
2369	414966	-239316
2370	422942	-239316
2371	430919	-239316
2372	438895	-239316
2373	446871	-239316
2374	454847	-239316
2375	462823	-239316
2376	470800	-239316
2377	470800	-243620
2378	462823	-243620
2379	454847	-243620
2380	446871	-243620
2381	438895	-243620
2382	430919	-243620
2383	422942	-243620
2384	414966	-243620
2385	406990	-243620
2386	399014	-243620
2387	391038	-243620
2388	383061	-243620
2389	375085	-243620
2390	367109	-243620
2391	359133	-243620
2392	351157	-243620
2393	343180	-243620
2394	335204	-243620
2395	327228	-243620
2396	319252	-243620
2397	311276	-243620
2398	303299	-243620
2399	295323	-243620
2400	287347	-243620
2401	279371	-243620
2402	271395	-243620
2403	263419	-243620
2404	255442	-243620
2405	247466	-243620
2406	239490	-243620
2407	231514	-243620
2408	223538	-243620
2409	215561	-243620
2410	207585	-243620
2411	199609	-243620
2412	191633	-243620
2413	183657	-243620
2414	175680	-243620
2415	167704	-243620
2416	159728	-243620
2417	151752	-243620
2418	143776	-243620
2419	135799	-243620
2420	135799	-247924
2421	143776	-247924
2422	151752	-247924
2423	159728	-247924
2424	167704	-247924
2425	175680	-247924
2426	183657	-247924
2427	191633	-247924
2428	199609	-247924
2429	207585	-247924
2430	215561	-247924
2431	223538	-247924
2432	231514	-247924
2433	239490	-247924
2434	247466	-247924
2435	255442	-247924
2436	263419	-247924
2437	271395	-247924
2438	279371	-247924
2439	287347	-247924
2440	295323	-247924
2441	303299	-247924
2442	311276	-247924
2443	319252	-247924
2444	327228	-247924
2445	335204	-247924
2446	343180	-247924
2447	351157	-247924
2448	359133	-247924
2449	367109	-247924
2450	375085	-247924
2451	383061	-247924
2452	391038	-247924
2453	399014	-247924
2454	406990	-247924
2455	414966	-247924
2456	422942	-247924
2457	430919	-247924
2458	438895	-247924
2459	446871	-247924
2460	454847	-247924
2461	462823	-247924
2462	470800	-247924
2463	470800	-252227
2464	462823	-252227
2465	454847	-252227
2466	446871	-252227
2467	438895	-252227
2468	430919	-252227
2469	422942	-252227
2470	414966	-252227
2471	406990	-252227
2472	399014	-252227
2473	391038	-252227
2474	383061	-252227
2475	375085	-252227
2476	367109	-252227
2477	359133	-252227
2478	351157	-252227
2479	343180	-252227
2480	335204	-252227
2481	327228	-252227
2482	319252	-252227
2483	311276	-252227
2484	303299	-252227
2485	295323	-252227
2486	287347	-252227
2487	279371	-252227
2488	271395	-252227
2489	263419	-252227
2490	255442	-252227
2491	247466	-252227
2492	239490	-252227
2493	231514	-252227
2494	223538	-252227
2495	215561	-252227
2496	207585	-252227
2497	199609	-252227
2498	191633	-252227
2499	183657	-252227
2500	175680	-252227
2501	167704	-252227
2502	159728	-252227
2503	151752	-252227
2504	143776	-252227
2505	135799	-252227
2506	135799	-256531
2507	143776	-256531
2508	151752	-256531
2509	159728	-256531
2510	167704	-256531
2511	175680	-256531
2512	183657	-256531
2513	191633	-256531
2514	199609	-256531
2515	207585	-256531
2516	215561	-256531
2517	223538	-256531
2518	231514	-256531
2519	239490	-256531
2520	247466	-256531
2521	255442	-256531
2522	263419	-256531
2523	271395	-256531
2524	279371	-256531
2525	287347	-256531
2526	295323	-256531
2527	303299	-256531
2528	311276	-256531
2529	319252	-256531
2530	327228	-256531
2531	335204	-256531
2532	343180	-256531
2533	351157	-256531
2534	359133	-256531
2535	367109	-256531
2536	375085	-256531
2537	383061	-256531
2538	391038	-256531
2539	399014	-256531
2540	406990	-256531
2541	414966	-256531
2542	422942	-256531
2543	430919	-256531
2544	438895	-256531
2545	446871	-256531
2546	454847	-256531
2547	462823	-256531
2548	470800	-256531
2549	470800	-260835
2550	462823	-260835
2551	454847	-260835
2552	446871	-260835
2553	438895	-260835
2554	430919	-260835
2555	422942	-260835
2556	414966	-260835
2557	406990	-260835
2558	399014	-260835
2559	391038	-260835
2560	383061	-260835
2561	375085	-260835
2562	367109	-260835
2563	359133	-260835
2564	351157	-260835
2565	343180	-260835
2566	335204	-260835
2567	327228	-260835
2568	319252	-260835
2569	311276	-260835
2570	303299	-260835
2571	295323	-260835
2572	287347	-260835
2573	279371	-260835
2574	271395	-260835
2575	263419	-260835
2576	255442	-260835
2577	247466	-260835
2578	239490	-260835
2579	231514	-260835
2580	223538	-260835
2581	215561	-260835
2582	207585	-260835
2583	199609	-260835
2584	191633	-260835
2585	183657	-260835
2586	175680	-260835
2587	167704	-260835
2588	159728	-260835
2589	151752	-260835
2590	143776	-260835
2591	135799	-260835
2592	135799	-265139
2593	143776	-265139
2594	151752	-265139
2595	159728	-265139
2596	167704	-265139
2597	175680	-265139
2598	183657	-265139
2599	191633	-265139
2600	199609	-265139
2601	207585	-265139
2602	215561	-265139
2603	223538	-265139
2604	231514	-265139
2605	239490	-265139
2606	247466	-265139
2607	255442	-265139
2608	263419	-265139
2609	271395	-265139
2610	279371	-265139
2611	287347	-265139
2612	295323	-265139
2613	303299	-265139
2614	311276	-265139
2615	319252	-265139
2616	327228	-265139
2617	335204	-265139
2618	343180	-265139
2619	351157	-265139
2620	359133	-265139
2621	367109	-265139
2622	375085	-265139
2623	383061	-265139
2624	391038	-265139
2625	399014	-265139
2626	406990	-265139
2627	414966	-265139
2628	422942	-265139
2629	430919	-265139
2630	438895	-265139
2631	446871	-265139
2632	454847	-265139
2633	462823	-265139
2634	470800	-265139
2635	470800	-269443
2636	462823	-269443
2637	454847	-269443
2638	446871	-269443
2639	438895	-269443
2640	430919	-269443
2641	422942	-269443
2642	414966	-269443
2643	406990	-269443
2644	399014	-269443
2645	391038	-269443
2646	383061	-269443
2647	375085	-269443
2648	367109	-269443
2649	359133	-269443
2650	351157	-269443
2651	343180	-269443
2652	335204	-269443
2653	327228	-269443
2654	319252	-269443
2655	311276	-269443
2656	303299	-269443
2657	295323	-269443
2658	287347	-269443
2659	279371	-269443
2660	271395	-269443
2661	263419	-269443
2662	255442	-269443
2663	247466	-269443
2664	239490	-269443
2665	231514	-269443
2666	223538	-269443
2667	215561	-269443
2668	207585	-269443
2669	199609	-269443
2670	191633	-269443
2671	183657	-269443
2672	175680	-269443
2673	167704	-269443
2674	159728	-269443
2675	151752	-269443
2676	143776	-269443
2677	135799	-269443
2678	135799	-273746
2679	143776	-273746
2680	151752	-273746
2681	159728	-273746
2682	167704	-273746
2683	175680	-273746
2684	183657	-273746
2685	191633	-273746
2686	199609	-273746
2687	207585	-273746
2688	215561	-273746
2689	223538	-273746
2690	231514	-273746
2691	239490	-273746
2692	247466	-273746
2693	255442	-273746
2694	263419	-273746
2695	271395	-273746
2696	279371	-273746
2697	287347	-273746
2698	295323	-273746
2699	303299	-273746
2700	311276	-273746
2701	319252	-273746
2702	327228	-273746
2703	335204	-273746
2704	343180	-273746
2705	351157	-273746
2706	359133	-273746
2707	367109	-273746
2708	375085	-273746
2709	383061	-273746
2710	391038	-273746
2711	399014	-273746
2712	406990	-273746
2713	414966	-273746
2714	422942	-273746
2715	430919	-273746
2716	438895	-273746
2717	446871	-273746
2718	454847	-273746
2719	462823	-273746
2720	470800	-273746
2721	470800	-278050
2722	462823	-278050
2723	454847	-278050
2724	446871	-278050
2725	438895	-278050
2726	430919	-278050
2727	422942	-278050
2728	414966	-278050
2729	406990	-278050
2730	399014	-278050
2731	391038	-278050
2732	383061	-278050
2733	375085	-278050
2734	367109	-278050
2735	359133	-278050
2736	351157	-278050
2737	343180	-278050
2738	335204	-278050
2739	327228	-278050
2740	319252	-278050
2741	311276	-278050
2742	303299	-278050
2743	295323	-278050
2744	287347	-278050
2745	279371	-278050
2746	271395	-278050
2747	263419	-278050
2748	255442	-278050
2749	247466	-278050
2750	239490	-278050
2751	231514	-278050
2752	223538	-278050
2753	215561	-278050
2754	207585	-278050
2755	199609	-278050
2756	191633	-278050
2757	183657	-278050
2758	175680	-278050
2759	167704	-278050
2760	159728	-278050
2761	151752	-278050
2762	143776	-278050
2763	135799	-278050
2764	135799	-282354
2765	143776	-282354
2766	151752	-282354
2767	159728	-282354
2768	167704	-282354
2769	175680	-282354
2770	183657	-282354
2771	191633	-282354
2772	199609	-282354
2773	207585	-282354
2774	215561	-282354
2775	223538	-282354
2776	231514	-282354
2777	239490	-282354
2778	247466	-282354
2779	255442	-282354
2780	263419	-282354
2781	271395	-282354
2782	279371	-282354
2783	287347	-282354
2784	295323	-282354
2785	303299	-282354
2786	311276	-282354
2787	319252	-282354
2788	327228	-282354
2789	335204	-282354
2790	343180	-282354
2791	351157	-282354
2792	359133	-282354
2793	367109	-282354
2794	375085	-282354
2795	383061	-282354
2796	391038	-282354
2797	399014	-282354
2798	406990	-282354
2799	414966	-282354
2800	422942	-282354
2801	430919	-282354
2802	438895	-282354
2803	446871	-282354
2804	454847	-282354
2805	462823	-282354
2806	470800	-282354
2807	470800	-286658
2808	462823	-286658
2809	454847	-286658
2810	446871	-286658
2811	438895	-286658
2812	430919	-286658
2813	422942	-286658
2814	414966	-286658
2815	406990	-286658
2816	399014	-286658
2817	391038	-286658
2818	383061	-286658
2819	375085	-286658
2820	367109	-286658
2821	359133	-286658
2822	351157	-286658
2823	343180	-286658
2824	335204	-286658
2825	327228	-286658
2826	319252	-286658
2827	311276	-286658
2828	303299	-286658
2829	295323	-286658
2830	287347	-286658
2831	279371	-286658
2832	271395	-286658
2833	263419	-286658
2834	255442	-286658
2835	247466	-286658
2836	239490	-286658
2837	231514	-286658
2838	223538	-286658
2839	215561	-286658
2840	207585	-286658
2841	199609	-286658
2842	191633	-286658
2843	183657	-286658
2844	175680	-286658
2845	167704	-286658
2846	159728	-286658
2847	151752	-286658
2848	143776	-286658
2849	135799	-286658
2850	135799	-290962
2851	143776	-290962
2852	151752	-290962
2853	159728	-290962
2854	167704	-290962
2855	175680	-290962
2856	183657	-290962
2857	191633	-290962
2858	199609	-290962
2859	207585	-290962
2860	215561	-290962
2861	223538	-290962
2862	231514	-290962
2863	239490	-290962
2864	247466	-290962
2865	255442	-290962
2866	263419	-290962
2867	271395	-290962
2868	279371	-290962
2869	287347	-290962
2870	295323	-290962
2871	303299	-290962
2872	311276	-290962
2873	319252	-290962
2874	327228	-290962
2875	335204	-290962
2876	343180	-290962
2877	351157	-290962
2878	359133	-290962
2879	367109	-290962
2880	375085	-290962
2881	383061	-290962
2882	391038	-290962
2883	399014	-290962
2884	406990	-290962
2885	414966	-290962
2886	422942	-290962
2887	430919	-290962
2888	438895	-290962
2889	446871	-290962
2890	454847	-290962
2891	462823	-290962
2892	470800	-290962
2893	470800	-295265
2894	462823	-295265
2895	454847	-295265
2896	446871	-295265
2897	438895	-295265
2898	430919	-295265
2899	422942	-295265
2900	414966	-295265
2901	406990	-295265
2902	399014	-295265
2903	391038	-295265
2904	383061	-295265
2905	375085	-295265
2906	367109	-295265
2907	359133	-295265
2908	351157	-295265
2909	343180	-295265
2910	335204	-295265
2911	327228	-295265
2912	319252	-295265
2913	311276	-295265
2914	303299	-295265
2915	295323	-295265
2916	287347	-295265
2917	279371	-295265
2918	271395	-295265
2919	263419	-295265
2920	255442	-295265
2921	247466	-295265
2922	239490	-295265
2923	231514	-295265
2924	223538	-295265
2925	215561	-295265
2926	207585	-295265
2927	199609	-295265
2928	191633	-295265
2929	183657	-295265
2930	183657	-299569
2931	191633	-299569
2932	199609	-299569
2933	207585	-299569
2934	215561	-299569
2935	223538	-299569
2936	231514	-299569
2937	239490	-299569
2938	247466	-299569
2939	255442	-299569
2940	263419	-299569
2941	271395	-299569
2942	279371	-299569
2943	287347	-299569
2944	295323	-299569
2945	303299	-299569
2946	311276	-299569
2947	319252	-299569
2948	327228	-299569
2949	335204	-299569
2950	343180	-299569
2951	351157	-299569
2952	359133	-299569
2953	367109	-299569
2954	375085	-299569
2955	383061	-299569
2956	391038	-299569
2957	399014	-299569
2958	406990	-299569
2959	414966	-299569
2960	422942	-299569
2961	422942	-303873
2962	414966	-303873
2963	406990	-303873
2964	399014	-303873
2965	391038	-303873
2966	383061	-303873
2967	375085	-303873
2968	367109	-303873
2969	359133	-303873
2970	351157	-303873
2971	343180	-303873
2972	335204	-303873
2973	327228	-303873
2974	319252	-303873
2975	311276	-303873
2976	303299	-303873
2977	295323	-303873
2978	287347	-303873
2979	279371	-303873
2980	271395	-303873
2981	263419	-303873
2982	255442	-303873
2983	247466	-303873
2984	239490	-303873
2985	231514	-303873
2986	223538	-303873
2987	215561	-303873
2988	207585	-303873
2989	199609	-303873
2990	191633	-303873
2991	183657	-303873
2992	183657	-308177
2993	191633	-308177
2994	199609	-308177
2995	207585	-308177
2996	215561	-308177
2997	223538	-308177
2998	231514	-308177
2999	239490	-308177
3000	247466	-308177
3001	255442	-308177
3002	263419	-308177
3003	271395	-308177
3004	279371	-308177
3005	287347	-308177
3006	295323	-308177
3007	303299	-308177
3008	311276	-308177
3009	319252	-308177
3010	327228	-308177
3011	335204	-308177
3012	343180	-308177
3013	351157	-308177
3014	359133	-308177
3015	367109	-308177
3016	375085	-308177
3017	383061	-308177
3018	391038	-308177
3019	399014	-308177
3020	406990	-308177
3021	414966	-308177
3022	422942	-308177
3023	422942	-312481
3024	414966	-312481
3025	406990	-312481
3026	399014	-312481
3027	391038	-312481
3028	383061	-312481
3029	375085	-312481
3030	367109	-312481
3031	359133	-312481
3032	351157	-312481
3033	343180	-312481
3034	335204	-312481
3035	327228	-312481
3036	319252	-312481
3037	311276	-312481
3038	303299	-312481
3039	295323	-312481
3040	287347	-312481
3041	279371	-312481
3042	271395	-312481
3043	263419	-312481
3044	255442	-312481
3045	247466	-312481
3046	239490	-312481
3047	231514	-312481
3048	223538	-312481
3049	215561	-312481
3050	207585	-312481
3051	199609	-312481
3052	191633	-312481
3053	183657	-312481
3054	183657	-316784
3055	191633	-316784
3056	199609	-316784
3057	207585	-316784
3058	215561	-316784
3059	223538	-316784
3060	231514	-316784
3061	239490	-316784
3062	247466	-316784
3063	255442	-316784
3064	263419	-316784
3065	271395	-316784
3066	279371	-316784
3067	287347	-316784
3068	295323	-316784
3069	303299	-316784
3070	311276	-316784
3071	319252	-316784
3072	327228	-316784
3073	335204	-316784
3074	343180	-316784
3075	351157	-316784
3076	359133	-316784
3077	367109	-316784
3078	375085	-316784
3079	383061	-316784
3080	391038	-316784
3081	399014	-316784
3082	406990	-316784
3083	414966	-316784
3084	422942	-316784
3085	422942	-321088
3086	414966	-321088
3087	406990	-321088
3088	399014	-321088
3089	391038	-321088
3090	383061	-321088
3091	375085	-321088
3092	367109	-321088
3093	359133	-321088
3094	351157	-321088
3095	343180	-321088
3096	335204	-321088
3097	327228	-321088
3098	319252	-321088
3099	311276	-321088
3100	303299	-321088
3101	295323	-321088
3102	287347	-321088
3103	279371	-321088
3104	271395	-321088
3105	263419	-321088
3106	255442	-321088
3107	247466	-321088
3108	239490	-321088
3109	231514	-321088
3110	223538	-321088
3111	215561	-321088
3112	207585	-321088
3113	199609	-321088
3114	191633	-321088
3115	183657	-321088
3116	183657	-325392
3117	191633	-325392
3118	199609	-325392
3119	207585	-325392
3120	215561	-325392
3121	223538	-325392
3122	231514	-325392
3123	239490	-325392
3124	247466	-325392
3125	255442	-325392
3126	263419	-325392
3127	271395	-325392
3128	279371	-325392
3129	287347	-325392
3130	295323	-325392
3131	303299	-325392
3132	311276	-325392
3133	319252	-325392
3134	327228	-325392
3135	335204	-325392
3136	343180	-325392
3137	351157	-325392
3138	359133	-325392
3139	367109	-325392
3140	375085	-325392
3141	383061	-325392
3142	391038	-325392
3143	399014	-325392
3144	406990	-325392
3145	414966	-325392
3146	422942	-325392
3147	422942	-329696
3148	414966	-329696
3149	406990	-329696
3150	399014	-329696
3151	391038	-329696
3152	383061	-329696
3153	375085	-329696
3154	367109	-329696
3155	359133	-329696
3156	351157	-329696
3157	343180	-329696
3158	335204	-329696
3159	327228	-329696
3160	319252	-329696
3161	311276	-329696
3162	303299	-329696
3163	295323	-329696
3164	287347	-329696
3165	279371	-329696
3166	271395	-329696
3167	263419	-329696
3168	255442	-329696
3169	247466	-329696
3170	239490	-329696
3171	231514	-329696
3172	223538	-329696
3173	215561	-329696
3174	207585	-329696
3175	199609	-329696
3176	191633	-329696
3177	183657	-329696
3178	183657	-333999
3179	191633	-333999
3180	199609	-333999
3181	207585	-333999
3182	215561	-333999
3183	223538	-333999
3184	231514	-333999
3185	239490	-333999
3186	247466	-333999
3187	255442	-333999
3188	263419	-333999
3189	271395	-333999
3190	279371	-333999
3191	287347	-333999
3192	295323	-333999
3193	303299	-333999
3194	311276	-333999
3195	319252	-333999
3196	327228	-333999
3197	335204	-333999
3198	343180	-333999
3199	351157	-333999
3200	359133	-333999
3201	367109	-333999
3202	375085	-333999
3203	383061	-333999
3204	391038	-333999
3205	399014	-333999
3206	406990	-333999
3207	414966	-333999
3208	422942	-333999
