1	416960	6000
2	410978	6000
3	404996	6000
4	399014	6000
5	393032	6000
6	387050	6000
7	381067	6000
8	375085	6000
9	369103	6000
10	363121	6000
11	357139	6000
12	351157	6000
13	345175	6000
14	339192	6000
15	333210	6000
16	327228	6000
17	321246	6000
18	315264	6000
19	309282	6000
20	303299	6000
21	297317	6000
22	291335	6000
23	285353	6000
24	279371	6000
25	273389	6000
26	267407	6000
27	261424	6000
28	255442	6000
29	249460	6000
30	243478	6000
31	237496	6000
32	231514	6000
33	225532	6000
34	219549	6000
35	213567	6000
36	207585	6000
37	201603	6000
38	195621	6000
39	189639	6000
40	189639	2222
41	195621	2222
42	201603	2222
43	207585	2222
44	213567	2222
45	219549	2222
46	225532	2222
47	231514	2222
48	237496	2222
49	243478	2222
50	249460	2222
51	255442	2222
52	261424	2222
53	267407	2222
54	273389	2222
55	279371	2222
56	285353	2222
57	291335	2222
58	297317	2222
59	303300	2222
60	309282	2222
61	315264	2222
62	321246	2222
63	327228	2222
64	333210	2222
65	339192	2222
66	345175	2222
67	351157	2222
68	357139	2222
69	363121	2222
70	369103	2222
71	375085	2222
72	381067	2222
73	387050	2222
74	393032	2222
75	399014	2222
76	404996	2222
77	410978	2222
78	416960	2222
79	416960	-1555
80	410978	-1555
81	404996	-1555
82	399014	-1555
83	393032	-1555
84	387050	-1555
85	381067	-1555
86	375085	-1555
87	369103	-1555
88	363121	-1555
89	357139	-1555
90	351157	-1555
91	345175	-1555
92	339192	-1555
93	333210	-1555
94	327228	-1555
95	321246	-1555
96	315264	-1555
97	309282	-1555
98	303300	-1555
99	297317	-1555
100	291335	-1555
101	285353	-1555
102	279371	-1555
103	273389	-1555
104	267407	-1555
105	261424	-1555
106	255442	-1555
107	249460	-1555
108	243478	-1555
109	237496	-1555
110	231514	-1555
111	225532	-1555
112	219549	-1555
113	213567	-1555
114	207585	-1555
115	201603	-1555
116	195621	-1555
117	189639	-1555
118	189639	-5333
119	195621	-5333
120	201603	-5333
121	207585	-5333
122	213567	-5333
123	219549	-5333
124	225532	-5333
125	231514	-5333
126	237496	-5333
127	243478	-5333
128	249460	-5333
129	255442	-5333
130	261424	-5333
131	267407	-5333
132	273389	-5333
133	279371	-5333
134	285353	-5333
135	291335	-5333
136	297317	-5333
137	303300	-5333
138	309282	-5333
139	315264	-5333
140	321246	-5333
141	327228	-5333
142	333210	-5333
143	339192	-5333
144	345175	-5333
145	351157	-5333
146	357139	-5333
147	363121	-5333
148	369103	-5333
149	375085	-5333
150	381067	-5333
151	387050	-5333
152	393032	-5333
153	399014	-5333
154	404996	-5333
155	410978	-5333
156	416960	-5333
157	416960	-9111
158	410978	-9111
159	404996	-9111
160	399014	-9111
161	393032	-9111
162	387050	-9111
163	381067	-9111
164	375085	-9111
165	369103	-9111
166	363121	-9111
167	357139	-9111
168	351157	-9111
169	345175	-9111
170	339192	-9111
171	333210	-9111
172	327228	-9111
173	321246	-9111
174	315264	-9111
175	309282	-9111
176	303300	-9111
177	297317	-9111
178	291335	-9111
179	285353	-9111
180	279371	-9111
181	273389	-9111
182	267407	-9111
183	261424	-9111
184	255442	-9111
185	249460	-9111
186	243478	-9111
187	237496	-9111
188	231514	-9111
189	225532	-9111
190	219549	-9111
191	213567	-9111
192	207585	-9111
193	201603	-9111
194	195621	-9111
195	189639	-9111
196	189639	-12888
197	195621	-12888
198	201603	-12888
199	207585	-12888
200	213567	-12888
201	219549	-12888
202	225532	-12888
203	231514	-12888
204	237496	-12888
205	243478	-12888
206	249460	-12888
207	255442	-12888
208	261424	-12888
209	267407	-12888
210	273389	-12888
211	279371	-12888
212	285353	-12888
213	291335	-12888
214	297317	-12888
215	303300	-12888
216	309282	-12888
217	315264	-12888
218	321246	-12888
219	327228	-12888
220	333210	-12888
221	339192	-12888
222	345175	-12888
223	351157	-12888
224	357139	-12888
225	363121	-12888
226	369103	-12888
227	375085	-12888
228	381067	-12888
229	387050	-12888
230	393032	-12888
231	399014	-12888
232	404996	-12888
233	410978	-12888
234	416960	-12888
235	416960	-16666
236	410978	-16666
237	404996	-16666
238	399014	-16666
239	393032	-16666
240	387050	-16666
241	381067	-16666
242	375085	-16666
243	369103	-16666
244	363121	-16666
245	357139	-16666
246	351157	-16666
247	345175	-16666
248	339192	-16666
249	333210	-16666
250	327228	-16666
251	321246	-16666
252	315264	-16666
253	309282	-16666
254	303300	-16666
255	297317	-16666
256	291335	-16666
257	285353	-16666
258	279371	-16666
259	273389	-16666
260	267407	-16666
261	261424	-16666
262	255442	-16666
263	249460	-16666
264	243478	-16666
265	237496	-16666
266	231514	-16666
267	225532	-16666
268	219549	-16666
269	213567	-16666
270	207585	-16666
271	201603	-16666
272	195621	-16666
273	189639	-16666
274	189639	-20444
275	195621	-20444
276	201603	-20444
277	207585	-20444
278	213567	-20444
279	219549	-20444
280	225532	-20444
281	231514	-20444
282	237496	-20444
283	243478	-20444
284	249460	-20444
285	255442	-20444
286	261424	-20444
287	267407	-20444
288	273389	-20444
289	279371	-20444
290	285353	-20444
291	291335	-20444
292	297317	-20444
293	303300	-20444
294	309282	-20444
295	315264	-20444
296	321246	-20444
297	327228	-20444
298	333210	-20444
299	339192	-20444
300	345175	-20444
301	351157	-20444
302	357139	-20444
303	363121	-20444
304	369103	-20444
305	375085	-20444
306	381067	-20444
307	387050	-20444
308	393032	-20444
309	399014	-20444
310	404996	-20444
311	410978	-20444
312	416960	-20444
313	416960	-24222
314	410978	-24222
315	404996	-24222
316	399014	-24222
317	393032	-24222
318	387050	-24222
319	381067	-24222
320	375085	-24222
321	369103	-24222
322	363121	-24222
323	357139	-24222
324	351157	-24222
325	345175	-24222
326	339192	-24222
327	333210	-24222
328	327228	-24222
329	321246	-24222
330	315264	-24222
331	309282	-24222
332	303300	-24222
333	297317	-24222
334	291335	-24222
335	285353	-24222
336	279371	-24222
337	273389	-24222
338	267407	-24222
339	261424	-24222
340	255442	-24222
341	249460	-24222
342	243478	-24222
343	237496	-24222
344	231514	-24222
345	225532	-24222
346	219549	-24222
347	213567	-24222
348	207585	-24222
349	201603	-24222
350	195621	-24222
351	189639	-24222
352	189639	-28000
353	195621	-28000
354	201603	-28000
355	207585	-28000
356	213567	-28000
357	219549	-28000
358	225532	-28000
359	231514	-28000
360	237496	-28000
361	243478	-28000
362	249460	-28000
363	255442	-28000
364	261424	-28000
365	267407	-28000
366	273389	-28000
367	279371	-28000
368	285353	-28000
369	291335	-28000
370	297317	-28000
371	303300	-28000
372	309282	-28000
373	315264	-28000
374	321246	-28000
375	327228	-28000
376	333210	-28000
377	339192	-28000
378	345175	-28000
379	351157	-28000
380	357139	-28000
381	363121	-28000
382	369103	-28000
383	375085	-28000
384	381067	-28000
385	387050	-28000
386	393032	-28000
387	399014	-28000
388	404996	-28000
389	410978	-28000
390	416960	-28000
391	422942	-28000
392	428925	-28000
393	434907	-28000
394	440889	-28000
395	446871	-28000
396	452853	-28000
397	458835	-28000
398	464817	-28000
399	470800	-28000
400	470800	-31777
401	464817	-31777
402	458835	-31777
403	452853	-31777
404	446871	-31777
405	440889	-31777
406	434907	-31777
407	428925	-31777
408	422942	-31777
409	416960	-31777
410	410978	-31777
411	404996	-31777
412	399014	-31777
413	393032	-31777
414	387050	-31777
415	381067	-31777
416	375085	-31777
417	369103	-31777
418	363121	-31777
419	357139	-31777
420	351157	-31777
421	345175	-31777
422	339192	-31777
423	333210	-31777
424	327228	-31777
425	321246	-31777
426	315264	-31777
427	309282	-31777
428	303300	-31777
429	297317	-31777
430	291335	-31777
431	285353	-31777
432	279371	-31777
433	273389	-31777
434	267407	-31777
435	261424	-31777
436	255442	-31777
437	249460	-31777
438	243478	-31777
439	237496	-31777
440	231514	-31777
441	225532	-31777
442	219549	-31777
443	213567	-31777
444	207585	-31777
445	201603	-31777
446	195621	-31777
447	189639	-31777
448	183657	-31777
449	177675	-31777
450	171692	-31777
451	165710	-31777
452	159728	-31777
453	153746	-31777
454	147764	-31777
455	141782	-31777
456	135800	-31777
457	135800	-35555
458	141782	-35555
459	147764	-35555
460	153746	-35555
461	159728	-35555
462	165710	-35555
463	171692	-35555
464	177675	-35555
465	183657	-35555
466	189639	-35555
467	195621	-35555
468	201603	-35555
469	207585	-35555
470	213567	-35555
471	219549	-35555
472	225532	-35555
473	231514	-35555
474	237496	-35555
475	243478	-35555
476	249460	-35555
477	255442	-35555
478	261424	-35555
479	267407	-35555
480	273389	-35555
481	279371	-35555
482	285353	-35555
483	291335	-35555
484	297317	-35555
485	303300	-35555
486	309282	-35555
487	315264	-35555
488	321246	-35555
489	327228	-35555
490	333210	-35555
491	339192	-35555
492	345175	-35555
493	351157	-35555
494	357139	-35555
495	363121	-35555
496	369103	-35555
497	375085	-35555
498	381067	-35555
499	387050	-35555
500	393032	-35555
501	399014	-35555
502	404996	-35555
503	410978	-35555
504	416960	-35555
505	422942	-35555
506	428925	-35555
507	434907	-35555
508	440889	-35555
509	446871	-35555
510	452853	-35555
511	458835	-35555
512	464817	-35555
513	470800	-35555
514	470800	-39333
515	464817	-39333
516	458835	-39333
517	452853	-39333
518	446871	-39333
519	440889	-39333
520	434907	-39333
521	428925	-39333
522	422942	-39333
523	416960	-39333
524	410978	-39333
525	404996	-39333
526	399014	-39333
527	393032	-39333
528	387050	-39333
529	381067	-39333
530	375085	-39333
531	369103	-39333
532	363121	-39333
533	357139	-39333
534	351157	-39333
535	345175	-39333
536	339192	-39333
537	333210	-39333
538	327228	-39333
539	321246	-39333
540	315264	-39333
541	309282	-39333
542	303300	-39333
543	297317	-39333
544	291335	-39333
545	285353	-39333
546	279371	-39333
547	273389	-39333
548	267407	-39333
549	261424	-39333
550	255442	-39333
551	249460	-39333
552	243478	-39333
553	237496	-39333
554	231514	-39333
555	225532	-39333
556	219549	-39333
557	213567	-39333
558	207585	-39333
559	201603	-39333
560	195621	-39333
561	189639	-39333
562	183657	-39333
563	177675	-39333
564	171692	-39333
565	165710	-39333
566	159728	-39333
567	153746	-39333
568	147764	-39333
569	141782	-39333
570	135800	-39333
571	135800	-43111
572	141782	-43111
573	147764	-43111
574	153746	-43111
575	159728	-43111
576	165710	-43111
577	171692	-43111
578	177675	-43111
579	183657	-43111
580	189639	-43111
581	195621	-43111
582	201603	-43111
583	207585	-43111
584	213567	-43111
585	219549	-43111
586	225532	-43111
587	231514	-43111
588	237496	-43111
589	243478	-43111
590	249460	-43111
591	255442	-43111
592	261424	-43111
593	267407	-43111
594	273389	-43111
595	279371	-43111
596	285353	-43111
597	291335	-43111
598	297317	-43111
599	303300	-43111
600	309282	-43111
601	315264	-43111
602	321246	-43111
603	327228	-43111
604	333210	-43111
605	339192	-43111
606	345175	-43111
607	351157	-43111
608	357139	-43111
609	363121	-43111
610	369103	-43111
611	375085	-43111
612	381067	-43111
613	387050	-43111
614	393032	-43111
615	399014	-43111
616	404996	-43111
617	410978	-43111
618	416960	-43111
619	422942	-43111
620	428925	-43111
621	434907	-43111
622	440889	-43111
623	446871	-43111
624	452853	-43111
625	458835	-43111
626	464817	-43111
627	470800	-43111
628	470800	-46888
629	464817	-46888
630	458835	-46888
631	452853	-46888
632	446871	-46888
633	440889	-46888
634	434907	-46888
635	428925	-46888
636	422942	-46888
637	416960	-46888
638	410978	-46888
639	404996	-46888
640	399014	-46888
641	393032	-46888
642	387050	-46888
643	381067	-46888
644	375085	-46888
645	369103	-46888
646	363121	-46888
647	357139	-46888
648	351157	-46888
649	345175	-46888
650	339192	-46888
651	333210	-46888
652	327228	-46888
653	321246	-46888
654	315264	-46888
655	309282	-46888
656	303300	-46888
657	297317	-46888
658	291335	-46888
659	285353	-46888
660	279371	-46888
661	273389	-46888
662	267407	-46888
663	261424	-46888
664	255442	-46888
665	249460	-46888
666	243478	-46888
667	237496	-46888
668	231514	-46888
669	225532	-46888
670	219549	-46888
671	213567	-46888
672	207585	-46888
673	201603	-46888
674	195621	-46888
675	189639	-46888
676	183657	-46888
677	177675	-46888
678	171692	-46888
679	165710	-46888
680	159728	-46888
681	153746	-46888
682	147764	-46888
683	141782	-46888
684	135800	-46888
685	135800	-50666
686	141782	-50666
687	147764	-50666
688	153746	-50666
689	159728	-50666
690	165710	-50666
691	171692	-50666
692	177675	-50666
693	183657	-50666
694	189639	-50666
695	195621	-50666
696	201603	-50666
697	207585	-50666
698	213567	-50666
699	219549	-50666
700	225532	-50666
701	231514	-50666
702	237496	-50666
703	243478	-50666
704	249460	-50666
705	255442	-50666
706	261424	-50666
707	267407	-50666
708	273389	-50666
709	279371	-50666
710	285353	-50666
711	291335	-50666
712	297317	-50666
713	303300	-50666
714	309282	-50666
715	315264	-50666
716	321246	-50666
717	327228	-50666
718	333210	-50666
719	339192	-50666
720	345175	-50666
721	351157	-50666
722	357139	-50666
723	363121	-50666
724	369103	-50666
725	375085	-50666
726	381067	-50666
727	387050	-50666
728	393032	-50666
729	399014	-50666
730	404996	-50666
731	410978	-50666
732	416960	-50666
733	422942	-50666
734	428925	-50666
735	434907	-50666
736	440889	-50666
737	446871	-50666
738	452853	-50666
739	458835	-50666
740	464817	-50666
741	470800	-50666
742	470800	-54444
743	464817	-54444
744	458835	-54444
745	452853	-54444
746	446871	-54444
747	440889	-54444
748	434907	-54444
749	428925	-54444
750	422942	-54444
751	416960	-54444
752	410978	-54444
753	404996	-54444
754	399014	-54444
755	393032	-54444
756	387050	-54444
757	381067	-54444
758	375085	-54444
759	369103	-54444
760	363121	-54444
761	357139	-54444
762	351157	-54444
763	345175	-54444
764	339192	-54444
765	333210	-54444
766	327228	-54444
767	321246	-54444
768	315264	-54444
769	309282	-54444
770	303300	-54444
771	297317	-54444
772	291335	-54444
773	285353	-54444
774	279371	-54444
775	273389	-54444
776	267407	-54444
777	261424	-54444
778	255442	-54444
779	249460	-54444
780	243478	-54444
781	237496	-54444
782	231514	-54444
783	225532	-54444
784	219549	-54444
785	213567	-54444
786	207585	-54444
787	201603	-54444
788	195621	-54444
789	189639	-54444
790	183657	-54444
791	177675	-54444
792	171692	-54444
793	165710	-54444
794	159728	-54444
795	153746	-54444
796	147764	-54444
797	141782	-54444
798	135800	-54444
799	135800	-58222
800	141782	-58222
801	147764	-58222
802	153746	-58222
803	159728	-58222
804	165710	-58222
805	171692	-58222
806	177675	-58222
807	183657	-58222
808	189639	-58222
809	195621	-58222
810	201603	-58222
811	207585	-58222
812	213567	-58222
813	219549	-58222
814	225532	-58222
815	231514	-58222
816	237496	-58222
817	243478	-58222
818	249460	-58222
819	255442	-58222
820	261424	-58222
821	267407	-58222
822	273389	-58222
823	279371	-58222
824	285353	-58222
825	291335	-58222
826	297317	-58222
827	303300	-58222
828	309282	-58222
829	315264	-58222
830	321246	-58222
831	327228	-58222
832	333210	-58222
833	339192	-58222
834	345175	-58222
835	351157	-58222
836	357139	-58222
837	363121	-58222
838	369103	-58222
839	375085	-58222
840	381067	-58222
841	387050	-58222
842	393032	-58222
843	399014	-58222
844	404996	-58222
845	410978	-58222
846	416960	-58222
847	422942	-58222
848	428925	-58222
849	434907	-58222
850	440889	-58222
851	446871	-58222
852	452853	-58222
853	458835	-58222
854	464817	-58222
855	470800	-58222
856	470800	-62000
857	464817	-62000
858	458835	-62000
859	452853	-62000
860	446871	-62000
861	440889	-62000
862	434907	-62000
863	428925	-62000
864	422942	-62000
865	416960	-62000
866	410978	-62000
867	404996	-62000
868	399014	-62000
869	393032	-62000
870	387050	-62000
871	381067	-62000
872	375085	-62000
873	369103	-62000
874	363121	-62000
875	357139	-62000
876	351157	-62000
877	345175	-62000
878	339192	-62000
879	333210	-62000
880	327228	-62000
881	321246	-62000
882	315264	-62000
883	309282	-62000
884	303300	-62000
885	297317	-62000
886	291335	-62000
887	285353	-62000
888	279371	-62000
889	273389	-62000
890	267407	-62000
891	261424	-62000
892	255442	-62000
893	249460	-62000
894	243478	-62000
895	237496	-62000
896	231514	-62000
897	225532	-62000
898	219549	-62000
899	213567	-62000
900	207585	-62000
901	201603	-62000
902	195621	-62000
903	189639	-62000
904	183657	-62000
905	177675	-62000
906	171692	-62000
907	165710	-62000
908	159728	-62000
909	153746	-62000
910	147764	-62000
911	141782	-62000
912	135800	-62000
913	135800	-65777
914	141782	-65777
915	147764	-65777
916	153746	-65777
917	159728	-65777
918	165710	-65777
919	171692	-65777
920	177675	-65777
921	183657	-65777
922	189639	-65777
923	195621	-65777
924	201603	-65777
925	207585	-65777
926	213567	-65777
927	219549	-65777
928	225532	-65777
929	231514	-65777
930	237496	-65777
931	243478	-65777
932	249460	-65777
933	255442	-65777
934	261424	-65777
935	267407	-65777
936	273389	-65777
937	279371	-65777
938	285353	-65777
939	291335	-65777
940	297317	-65777
941	303300	-65777
942	309282	-65777
943	315264	-65777
944	321246	-65777
945	327228	-65777
946	333210	-65777
947	339192	-65777
948	345175	-65777
949	351157	-65777
950	357139	-65777
951	363121	-65777
952	369103	-65777
953	375085	-65777
954	381067	-65777
955	387050	-65777
956	393032	-65777
957	399014	-65777
958	404996	-65777
959	410978	-65777
960	416960	-65777
961	422942	-65777
962	428925	-65777
963	434907	-65777
964	440889	-65777
965	446871	-65777
966	452853	-65777
967	458835	-65777
968	464817	-65777
969	470800	-65777
970	470800	-69555
971	464817	-69555
972	458835	-69555
973	452853	-69555
974	446871	-69555
975	440889	-69555
976	434907	-69555
977	428925	-69555
978	422942	-69555
979	416960	-69555
980	410978	-69555
981	404996	-69555
982	399014	-69555
983	393032	-69555
984	387050	-69555
985	381067	-69555
986	375085	-69555
987	369103	-69555
988	363121	-69555
989	357139	-69555
990	351157	-69555
991	345175	-69555
992	339192	-69555
993	333210	-69555
994	327228	-69555
995	321246	-69555
996	315264	-69555
997	309282	-69555
998	303300	-69555
999	297317	-69555
1000	291335	-69555
1001	285353	-69555
1002	279371	-69555
1003	273389	-69555
1004	267407	-69555
1005	261424	-69555
1006	255442	-69555
1007	249460	-69555
1008	243478	-69555
1009	237496	-69555
1010	231514	-69555
1011	225532	-69555
1012	219549	-69555
1013	213567	-69555
1014	207585	-69555
1015	201603	-69555
1016	195621	-69555
1017	189639	-69555
1018	183657	-69555
1019	177675	-69555
1020	171692	-69555
1021	165710	-69555
1022	159728	-69555
1023	153746	-69555
1024	147764	-69555
1025	141782	-69555
1026	135800	-69555
1027	135800	-73333
1028	141782	-73333
1029	147764	-73333
1030	153746	-73333
1031	159728	-73333
1032	165710	-73333
1033	171692	-73333
1034	177675	-73333
1035	183657	-73333
1036	189639	-73333
1037	195621	-73333
1038	201603	-73333
1039	207585	-73333
1040	213567	-73333
1041	219549	-73333
1042	225532	-73333
1043	231514	-73333
1044	237496	-73333
1045	243478	-73333
1046	249460	-73333
1047	255442	-73333
1048	261424	-73333
1049	267407	-73333
1050	273389	-73333
1051	279371	-73333
1052	285353	-73333
1053	291335	-73333
1054	297317	-73333
1055	303300	-73333
1056	309282	-73333
1057	315264	-73333
1058	321246	-73333
1059	327228	-73333
1060	333210	-73333
1061	339192	-73333
1062	345175	-73333
1063	351157	-73333
1064	357139	-73333
1065	363121	-73333
1066	369103	-73333
1067	375085	-73333
1068	381067	-73333
1069	387050	-73333
1070	393032	-73333
1071	399014	-73333
1072	404996	-73333
1073	410978	-73333
1074	416960	-73333
1075	422942	-73333
1076	428925	-73333
1077	434907	-73333
1078	440889	-73333
1079	446871	-73333
1080	452853	-73333
1081	458835	-73333
1082	464817	-73333
1083	470800	-73333
1084	470800	-77111
1085	464817	-77111
1086	458835	-77111
1087	452853	-77111
1088	446871	-77111
1089	440889	-77111
1090	434907	-77111
1091	428925	-77111
1092	422942	-77111
1093	416960	-77111
1094	410978	-77111
1095	404996	-77111
1096	399014	-77111
1097	393032	-77111
1098	387050	-77111
1099	381067	-77111
1100	375085	-77111
1101	369103	-77111
1102	363121	-77111
1103	357139	-77111
1104	351157	-77111
1105	345175	-77111
1106	339192	-77111
1107	333210	-77111
1108	327228	-77111
1109	321246	-77111
1110	315264	-77111
1111	309282	-77111
1112	303300	-77111
1113	297317	-77111
1114	291335	-77111
1115	285353	-77111
1116	279371	-77111
1117	273389	-77111
1118	267407	-77111
1119	261424	-77111
1120	255442	-77111
1121	249460	-77111
1122	243478	-77111
1123	237496	-77111
1124	231514	-77111
1125	225532	-77111
1126	219549	-77111
1127	213567	-77111
1128	207585	-77111
1129	201603	-77111
1130	195621	-77111
1131	189639	-77111
1132	183657	-77111
1133	177675	-77111
1134	171692	-77111
1135	165710	-77111
1136	159728	-77111
1137	153746	-77111
1138	147764	-77111
1139	141782	-77111
1140	135800	-77111
1141	135800	-80888
1142	141782	-80888
1143	147764	-80888
1144	153746	-80888
1145	159728	-80888
1146	165710	-80888
1147	171692	-80888
1148	177675	-80888
1149	183657	-80888
1150	189639	-80888
1151	195621	-80888
1152	201603	-80888
1153	207585	-80888
1154	213567	-80888
1155	219549	-80888
1156	225532	-80888
1157	231514	-80888
1158	237496	-80888
1159	243478	-80888
1160	249460	-80888
1161	255442	-80888
1162	261424	-80888
1163	267407	-80888
1164	273389	-80888
1165	279371	-80888
1166	285353	-80888
1167	291335	-80888
1168	297317	-80888
1169	303300	-80888
1170	309282	-80888
1171	315264	-80888
1172	321246	-80888
1173	327228	-80888
1174	333210	-80888
1175	339192	-80888
1176	345175	-80888
1177	351157	-80888
1178	357139	-80888
1179	363121	-80888
1180	369103	-80888
1181	375085	-80888
1182	381067	-80888
1183	387050	-80888
1184	393032	-80888
1185	399014	-80888
1186	404996	-80888
1187	410978	-80888
1188	416960	-80888
1189	422942	-80888
1190	428925	-80888
1191	434907	-80888
1192	440889	-80888
1193	446871	-80888
1194	452853	-80888
1195	458835	-80888
1196	464817	-80888
1197	470800	-80888
1198	470800	-84666
1199	464817	-84666
1200	458835	-84666
1201	452853	-84666
1202	446871	-84666
1203	440889	-84666
1204	434907	-84666
1205	428925	-84666
1206	422942	-84666
1207	416960	-84666
1208	410978	-84666
1209	404996	-84666
1210	399014	-84666
1211	393032	-84666
1212	387050	-84666
1213	381067	-84666
1214	375085	-84666
1215	369103	-84666
1216	363121	-84666
1217	357139	-84666
1218	351157	-84666
1219	345175	-84666
1220	339192	-84666
1221	333210	-84666
1222	327228	-84666
1223	321246	-84666
1224	315264	-84666
1225	309282	-84666
1226	303300	-84666
1227	297317	-84666
1228	291335	-84666
1229	285353	-84666
1230	279371	-84666
1231	273389	-84666
1232	267407	-84666
1233	261424	-84666
1234	255442	-84666
1235	249460	-84666
1236	243478	-84666
1237	237496	-84666
1238	231514	-84666
1239	225532	-84666
1240	219549	-84666
1241	213567	-84666
1242	207585	-84666
1243	201603	-84666
1244	195621	-84666
1245	189639	-84666
1246	183657	-84666
1247	177675	-84666
1248	171692	-84666
1249	165710	-84666
1250	159728	-84666
1251	153746	-84666
1252	147764	-84666
1253	141782	-84666
1254	135800	-84666
1255	135800	-88444
1256	141782	-88444
1257	147764	-88444
1258	153746	-88444
1259	159728	-88444
1260	165710	-88444
1261	171692	-88444
1262	177675	-88444
1263	183657	-88444
1264	189639	-88444
1265	195621	-88444
1266	201603	-88444
1267	207585	-88444
1268	213567	-88444
1269	219549	-88444
1270	225532	-88444
1271	231514	-88444
1272	237496	-88444
1273	243478	-88444
1274	249460	-88444
1275	255442	-88444
1276	261424	-88444
1277	267407	-88444
1278	273389	-88444
1279	279371	-88444
1280	285353	-88444
1281	291335	-88444
1282	297317	-88444
1283	303300	-88444
1284	309282	-88444
1285	315264	-88444
1286	321246	-88444
1287	327228	-88444
1288	333210	-88444
1289	339192	-88444
1290	345175	-88444
1291	351157	-88444
1292	357139	-88444
1293	363121	-88444
1294	369103	-88444
1295	375085	-88444
1296	381067	-88444
1297	387050	-88444
1298	393032	-88444
1299	399014	-88444
1300	404996	-88444
1301	410978	-88444
1302	416960	-88444
1303	422942	-88444
1304	428925	-88444
1305	434907	-88444
1306	440889	-88444
1307	446871	-88444
1308	452853	-88444
1309	458835	-88444
1310	464817	-88444
1311	470800	-88444
1312	470800	-92222
1313	464817	-92222
1314	458835	-92222
1315	452853	-92222
1316	446871	-92222
1317	440889	-92222
1318	434907	-92222
1319	428925	-92222
1320	422942	-92222
1321	416960	-92222
1322	410978	-92222
1323	404996	-92222
1324	399014	-92222
1325	393032	-92222
1326	387050	-92222
1327	381067	-92222
1328	375085	-92222
1329	369103	-92222
1330	363121	-92222
1331	357139	-92222
1332	351157	-92222
1333	345175	-92222
1334	339192	-92222
1335	333210	-92222
1336	327228	-92222
1337	321246	-92222
1338	315264	-92222
1339	309282	-92222
1340	303300	-92222
1341	297317	-92222
1342	291335	-92222
1343	285353	-92222
1344	279371	-92222
1345	273389	-92222
1346	267407	-92222
1347	261424	-92222
1348	255442	-92222
1349	249460	-92222
1350	243478	-92222
1351	237496	-92222
1352	231514	-92222
1353	225532	-92222
1354	219549	-92222
1355	213567	-92222
1356	207585	-92222
1357	201603	-92222
1358	195621	-92222
1359	189639	-92222
1360	183657	-92222
1361	177675	-92222
1362	171692	-92222
1363	165710	-92222
1364	159728	-92222
1365	153746	-92222
1366	147764	-92222
1367	141782	-92222
1368	135800	-92222
1369	135800	-95999
1370	141782	-95999
1371	147764	-95999
1372	153746	-95999
1373	159728	-95999
1374	165710	-95999
1375	171692	-95999
1376	177675	-95999
1377	183657	-95999
1378	189639	-95999
1379	195621	-95999
1380	201603	-95999
1381	207585	-95999
1382	213567	-95999
1383	219549	-95999
1384	225532	-95999
1385	231514	-95999
1386	237496	-95999
1387	243478	-95999
1388	249460	-95999
1389	255442	-95999
1390	261424	-95999
1391	267407	-95999
1392	273389	-95999
1393	279371	-95999
1394	285353	-95999
1395	291335	-95999
1396	297317	-95999
1397	303300	-95999
1398	309282	-95999
1399	315264	-95999
1400	321246	-95999
1401	327228	-95999
1402	333210	-95999
1403	339192	-95999
1404	345175	-95999
1405	351157	-95999
1406	357139	-95999
1407	363121	-95999
1408	369103	-95999
1409	375085	-95999
1410	381067	-95999
1411	387050	-95999
1412	393032	-95999
1413	399014	-95999
1414	404996	-95999
1415	410978	-95999
1416	416960	-95999
1417	422942	-95999
1418	428925	-95999
1419	434907	-95999
1420	440889	-95999
1421	446871	-95999
1422	452853	-95999
1423	458835	-95999
1424	464817	-95999
1425	470800	-95999
1426	470800	-99777
1427	464817	-99777
1428	458835	-99777
1429	452853	-99777
1430	446871	-99777
1431	440889	-99777
1432	434907	-99777
1433	428925	-99777
1434	422942	-99777
1435	416960	-99777
1436	410978	-99777
1437	404996	-99777
1438	399014	-99777
1439	393032	-99777
1440	387050	-99777
1441	381067	-99777
1442	375085	-99777
1443	369103	-99777
1444	363121	-99777
1445	357139	-99777
1446	351157	-99777
1447	345175	-99777
1448	339192	-99777
1449	333210	-99777
1450	327228	-99777
1451	321246	-99777
1452	315264	-99777
1453	309282	-99777
1454	303300	-99777
1455	297317	-99777
1456	291335	-99777
1457	285353	-99777
1458	279371	-99777
1459	273389	-99777
1460	267407	-99777
1461	261424	-99777
1462	255442	-99777
1463	249460	-99777
1464	243478	-99777
1465	237496	-99777
1466	231514	-99777
1467	225532	-99777
1468	219549	-99777
1469	213567	-99777
1470	207585	-99777
1471	201603	-99777
1472	195621	-99777
1473	189639	-99777
1474	183657	-99777
1475	177675	-99777
1476	171692	-99777
1477	165710	-99777
1478	159728	-99777
1479	153746	-99777
1480	147764	-99777
1481	141782	-99777
1482	135800	-99777
1483	135800	-103555
1484	141782	-103555
1485	147764	-103555
1486	153746	-103555
1487	159728	-103555
1488	165710	-103555
1489	171692	-103555
1490	177675	-103555
1491	183657	-103555
1492	189639	-103555
1493	195621	-103555
1494	201603	-103555
1495	207585	-103555
1496	213567	-103555
1497	219549	-103555
1498	225532	-103555
1499	231514	-103555
1500	237496	-103555
1501	243478	-103555
1502	249460	-103555
1503	255442	-103555
1504	261424	-103555
1505	267407	-103555
1506	273389	-103555
1507	279371	-103555
1508	285353	-103555
1509	291335	-103555
1510	297317	-103555
1511	303300	-103555
1512	309282	-103555
1513	315264	-103555
1514	321246	-103555
1515	327228	-103555
1516	333210	-103555
1517	339192	-103555
1518	345175	-103555
1519	351157	-103555
1520	357139	-103555
1521	363121	-103555
1522	369103	-103555
1523	375085	-103555
1524	381067	-103555
1525	387050	-103555
1526	393032	-103555
1527	399014	-103555
1528	404996	-103555
1529	410978	-103555
1530	416960	-103555
1531	422942	-103555
1532	428925	-103555
1533	434907	-103555
1534	440889	-103555
1535	446871	-103555
1536	452853	-103555
1537	458835	-103555
1538	464817	-103555
1539	470800	-103555
1540	470800	-107333
1541	464817	-107333
1542	458835	-107333
1543	452853	-107333
1544	446871	-107333
1545	440889	-107333
1546	434907	-107333
1547	428925	-107333
1548	422942	-107333
1549	416960	-107333
1550	410978	-107333
1551	404996	-107333
1552	399014	-107333
1553	393032	-107333
1554	387050	-107333
1555	381067	-107333
1556	375085	-107333
1557	369103	-107333
1558	363121	-107333
1559	357139	-107333
1560	351157	-107333
1561	345175	-107333
1562	339192	-107333
1563	333210	-107333
1564	327228	-107333
1565	321246	-107333
1566	315264	-107333
1567	309282	-107333
1568	303300	-107333
1569	297317	-107333
1570	291335	-107333
1571	285353	-107333
1572	279371	-107333
1573	273389	-107333
1574	267407	-107333
1575	261424	-107333
1576	255442	-107333
1577	249460	-107333
1578	243478	-107333
1579	237496	-107333
1580	231514	-107333
1581	225532	-107333
1582	219549	-107333
1583	213567	-107333
1584	207585	-107333
1585	201603	-107333
1586	195621	-107333
1587	189639	-107333
1588	183657	-107333
1589	177675	-107333
1590	171692	-107333
1591	165710	-107333
1592	159728	-107333
1593	153746	-107333
1594	147764	-107333
1595	141782	-107333
1596	135800	-107333
1597	135800	-111111
1598	141782	-111111
1599	147764	-111111
1600	153746	-111111
1601	159728	-111111
1602	165710	-111111
1603	171692	-111111
1604	177675	-111111
1605	183657	-111111
1606	189639	-111111
1607	195621	-111111
1608	201603	-111111
1609	207585	-111111
1610	213567	-111111
1611	219549	-111111
1612	225532	-111111
1613	231514	-111111
1614	237496	-111111
1615	243478	-111111
1616	249460	-111111
1617	255442	-111111
1618	261424	-111111
1619	267407	-111111
1620	273389	-111111
1621	279371	-111111
1622	285353	-111111
1623	291335	-111111
1624	297317	-111111
1625	303300	-111111
1626	309282	-111111
1627	315264	-111111
1628	321246	-111111
1629	327228	-111111
1630	333210	-111111
1631	339192	-111111
1632	345175	-111111
1633	351157	-111111
1634	357139	-111111
1635	363121	-111111
1636	369103	-111111
1637	375085	-111111
1638	381067	-111111
1639	387050	-111111
1640	393032	-111111
1641	399014	-111111
1642	404996	-111111
1643	410978	-111111
1644	416960	-111111
1645	422942	-111111
1646	428925	-111111
1647	434907	-111111
1648	440889	-111111
1649	446871	-111111
1650	452853	-111111
1651	458835	-111111
1652	464817	-111111
1653	470800	-111111
1654	470800	-114888
1655	464817	-114888
1656	458835	-114888
1657	452853	-114888
1658	446871	-114888
1659	440889	-114888
1660	434907	-114888
1661	428925	-114888
1662	422942	-114888
1663	416960	-114888
1664	410978	-114888
1665	404996	-114888
1666	399014	-114888
1667	393032	-114888
1668	387050	-114888
1669	381067	-114888
1670	375085	-114888
1671	369103	-114888
1672	363121	-114888
1673	357139	-114888
1674	351157	-114888
1675	345175	-114888
1676	339192	-114888
1677	333210	-114888
1678	327228	-114888
1679	321246	-114888
1680	315264	-114888
1681	309282	-114888
1682	303300	-114888
1683	297317	-114888
1684	291335	-114888
1685	285353	-114888
1686	279371	-114888
1687	273389	-114888
1688	267407	-114888
1689	261424	-114888
1690	255442	-114888
1691	249460	-114888
1692	243478	-114888
1693	237496	-114888
1694	231514	-114888
1695	225532	-114888
1696	219549	-114888
1697	213567	-114888
1698	207585	-114888
1699	201603	-114888
1700	195621	-114888
1701	189639	-114888
1702	183657	-114888
1703	177675	-114888
1704	171692	-114888
1705	165710	-114888
1706	159728	-114888
1707	153746	-114888
1708	147764	-114888
1709	141782	-114888
1710	135800	-114888
1711	135800	-118666
1712	141782	-118666
1713	147764	-118666
1714	153746	-118666
1715	159728	-118666
1716	165710	-118666
1717	171692	-118666
1718	177675	-118666
1719	183657	-118666
1720	189639	-118666
1721	195621	-118666
1722	201603	-118666
1723	207585	-118666
1724	213567	-118666
1725	219549	-118666
1726	225532	-118666
1727	231514	-118666
1728	237496	-118666
1729	243478	-118666
1730	249460	-118666
1731	255442	-118666
1732	261424	-118666
1733	267407	-118666
1734	273389	-118666
1735	279371	-118666
1736	285353	-118666
1737	291335	-118666
1738	297317	-118666
1739	303300	-118666
1740	309282	-118666
1741	315264	-118666
1742	321246	-118666
1743	327228	-118666
1744	333210	-118666
1745	339192	-118666
1746	345175	-118666
1747	351157	-118666
1748	357139	-118666
1749	363121	-118666
1750	369103	-118666
1751	375085	-118666
1752	381067	-118666
1753	387050	-118666
1754	393032	-118666
1755	399014	-118666
1756	404996	-118666
1757	410978	-118666
1758	416960	-118666
1759	422942	-118666
1760	428925	-118666
1761	434907	-118666
1762	440889	-118666
1763	446871	-118666
1764	452853	-118666
1765	458835	-118666
1766	464817	-118666
1767	470800	-118666
1768	470800	-122444
1769	464817	-122444
1770	458835	-122444
1771	452853	-122444
1772	446871	-122444
1773	440889	-122444
1774	434907	-122444
1775	428925	-122444
1776	422942	-122444
1777	416960	-122444
1778	410978	-122444
1779	404996	-122444
1780	399014	-122444
1781	393032	-122444
1782	387050	-122444
1783	381067	-122444
1784	375085	-122444
1785	369103	-122444
1786	363121	-122444
1787	357139	-122444
1788	351157	-122444
1789	345175	-122444
1790	339192	-122444
1791	333210	-122444
1792	327228	-122444
1793	321246	-122444
1794	315264	-122444
1795	309282	-122444
1796	303300	-122444
1797	297317	-122444
1798	291335	-122444
1799	285353	-122444
1800	279371	-122444
1801	273389	-122444
1802	267407	-122444
1803	261424	-122444
1804	255442	-122444
1805	249460	-122444
1806	243478	-122444
1807	237496	-122444
1808	231514	-122444
1809	225532	-122444
1810	219549	-122444
1811	213567	-122444
1812	207585	-122444
1813	201603	-122444
1814	195621	-122444
1815	189639	-122444
1816	183657	-122444
1817	177675	-122444
1818	171692	-122444
1819	165710	-122444
1820	159728	-122444
1821	153746	-122444
1822	147764	-122444
1823	141782	-122444
1824	135800	-122444
1825	135800	-126222
1826	141782	-126222
1827	147764	-126222
1828	153746	-126222
1829	159728	-126222
1830	165710	-126222
1831	171692	-126222
1832	177675	-126222
1833	183657	-126222
1834	189639	-126222
1835	195621	-126222
1836	201603	-126222
1837	207585	-126222
1838	213567	-126222
1839	219549	-126222
1840	225532	-126222
1841	231514	-126222
1842	237496	-126222
1843	243478	-126222
1844	249460	-126222
1845	255442	-126222
1846	261424	-126222
1847	267407	-126222
1848	273389	-126222
1849	279371	-126222
1850	285353	-126222
1851	291335	-126222
1852	297317	-126222
1853	303300	-126222
1854	309282	-126222
1855	315264	-126222
1856	321246	-126222
1857	327228	-126222
1858	333210	-126222
1859	339192	-126222
1860	345175	-126222
1861	351157	-126222
1862	357139	-126222
1863	363121	-126222
1864	369103	-126222
1865	375085	-126222
1866	381067	-126222
1867	387050	-126222
1868	393032	-126222
1869	399014	-126222
1870	404996	-126222
1871	410978	-126222
1872	416960	-126222
1873	422942	-126222
1874	428925	-126222
1875	434907	-126222
1876	440889	-126222
1877	446871	-126222
1878	452853	-126222
1879	458835	-126222
1880	464817	-126222
1881	470800	-126222
1882	470800	-129999
1883	464817	-129999
1884	458835	-129999
1885	452853	-129999
1886	446871	-129999
1887	440889	-129999
1888	434907	-129999
1889	428925	-129999
1890	422942	-129999
1891	416960	-129999
1892	410978	-129999
1893	404996	-129999
1894	399014	-129999
1895	393032	-129999
1896	387050	-129999
1897	381067	-129999
1898	375085	-129999
1899	369103	-129999
1900	363121	-129999
1901	357139	-129999
1902	351157	-129999
1903	345175	-129999
1904	339192	-129999
1905	333210	-129999
1906	327228	-129999
1907	321246	-129999
1908	315264	-129999
1909	309282	-129999
1910	303300	-129999
1911	297317	-129999
1912	291335	-129999
1913	285353	-129999
1914	279371	-129999
1915	273389	-129999
1916	267407	-129999
1917	261424	-129999
1918	255442	-129999
1919	249460	-129999
1920	243478	-129999
1921	237496	-129999
1922	231514	-129999
1923	225532	-129999
1924	219549	-129999
1925	213567	-129999
1926	207585	-129999
1927	201603	-129999
1928	195621	-129999
1929	189639	-129999
1930	183657	-129999
1931	177675	-129999
1932	171692	-129999
1933	165710	-129999
1934	159728	-129999
1935	153746	-129999
1936	147764	-129999
1937	141782	-129999
1938	135800	-129999
1939	135800	-133777
1940	141782	-133777
1941	147764	-133777
1942	153746	-133777
1943	159728	-133777
1944	165710	-133777
1945	171692	-133777
1946	177675	-133777
1947	183657	-133777
1948	189639	-133777
1949	195621	-133777
1950	201603	-133777
1951	207585	-133777
1952	213567	-133777
1953	219549	-133777
1954	225532	-133777
1955	231514	-133777
1956	237496	-133777
1957	243478	-133777
1958	249460	-133777
1959	255442	-133777
1960	261424	-133777
1961	267407	-133777
1962	273389	-133777
1963	279371	-133777
1964	285353	-133777
1965	291335	-133777
1966	297317	-133777
1967	303300	-133777
1968	309282	-133777
1969	315264	-133777
1970	321246	-133777
1971	327228	-133777
1972	333210	-133777
1973	339192	-133777
1974	345175	-133777
1975	351157	-133777
1976	357139	-133777
1977	363121	-133777
1978	369103	-133777
1979	375085	-133777
1980	381067	-133777
1981	387050	-133777
1982	393032	-133777
1983	399014	-133777
1984	404996	-133777
1985	410978	-133777
1986	416960	-133777
1987	422942	-133777
1988	428925	-133777
1989	434907	-133777
1990	440889	-133777
1991	446871	-133777
1992	452853	-133777
1993	458835	-133777
1994	464817	-133777
1995	470800	-133777
1996	470800	-137555
1997	464817	-137555
1998	458835	-137555
1999	452853	-137555
2000	446871	-137555
2001	440889	-137555
2002	434907	-137555
2003	428925	-137555
2004	422942	-137555
2005	416960	-137555
2006	410978	-137555
2007	404996	-137555
2008	399014	-137555
2009	393032	-137555
2010	387050	-137555
2011	381067	-137555
2012	375085	-137555
2013	369103	-137555
2014	363121	-137555
2015	357139	-137555
2016	351157	-137555
2017	345175	-137555
2018	339192	-137555
2019	333210	-137555
2020	327228	-137555
2021	321246	-137555
2022	315264	-137555
2023	309282	-137555
2024	303300	-137555
2025	297317	-137555
2026	291335	-137555
2027	285353	-137555
2028	279371	-137555
2029	273389	-137555
2030	267407	-137555
2031	261424	-137555
2032	255442	-137555
2033	249460	-137555
2034	243478	-137555
2035	237496	-137555
2036	231514	-137555
2037	225532	-137555
2038	219549	-137555
2039	213567	-137555
2040	207585	-137555
2041	201603	-137555
2042	195621	-137555
2043	189639	-137555
2044	183657	-137555
2045	177675	-137555
2046	171692	-137555
2047	165710	-137555
2048	159728	-137555
2049	153746	-137555
2050	147764	-137555
2051	141782	-137555
2052	135800	-137555
2053	135800	-141333
2054	141782	-141333
2055	147764	-141333
2056	153746	-141333
2057	159728	-141333
2058	165710	-141333
2059	171692	-141333
2060	177675	-141333
2061	183657	-141333
2062	189639	-141333
2063	195621	-141333
2064	201603	-141333
2065	207585	-141333
2066	213567	-141333
2067	219549	-141333
2068	225532	-141333
2069	231514	-141333
2070	237496	-141333
2071	243478	-141333
2072	249460	-141333
2073	255442	-141333
2074	261424	-141333
2075	267407	-141333
2076	273389	-141333
2077	279371	-141333
2078	285353	-141333
2079	291335	-141333
2080	297317	-141333
2081	303300	-141333
2082	309282	-141333
2083	315264	-141333
2084	321246	-141333
2085	327228	-141333
2086	333210	-141333
2087	339192	-141333
2088	345175	-141333
2089	351157	-141333
2090	357139	-141333
2091	363121	-141333
2092	369103	-141333
2093	375085	-141333
2094	381067	-141333
2095	387050	-141333
2096	393032	-141333
2097	399014	-141333
2098	404996	-141333
2099	410978	-141333
2100	416960	-141333
2101	422942	-141333
2102	428925	-141333
2103	434907	-141333
2104	440889	-141333
2105	446871	-141333
2106	452853	-141333
2107	458835	-141333
2108	464817	-141333
2109	470800	-141333
2110	470800	-145111
2111	464817	-145111
2112	458835	-145111
2113	452853	-145111
2114	446871	-145111
2115	440889	-145111
2116	434907	-145111
2117	428925	-145111
2118	422942	-145111
2119	416960	-145111
2120	410978	-145111
2121	404996	-145111
2122	399014	-145111
2123	393032	-145111
2124	387050	-145111
2125	381067	-145111
2126	375085	-145111
2127	369103	-145111
2128	363121	-145111
2129	357139	-145111
2130	351157	-145111
2131	345175	-145111
2132	339192	-145111
2133	333210	-145111
2134	327228	-145111
2135	321246	-145111
2136	315264	-145111
2137	309282	-145111
2138	303300	-145111
2139	297317	-145111
2140	291335	-145111
2141	285353	-145111
2142	279371	-145111
2143	273389	-145111
2144	267407	-145111
2145	261424	-145111
2146	255442	-145111
2147	249460	-145111
2148	243478	-145111
2149	237496	-145111
2150	231514	-145111
2151	225532	-145111
2152	219549	-145111
2153	213567	-145111
2154	207585	-145111
2155	201603	-145111
2156	195621	-145111
2157	189639	-145111
2158	183657	-145111
2159	177675	-145111
2160	171692	-145111
2161	165710	-145111
2162	159728	-145111
2163	153746	-145111
2164	147764	-145111
2165	141782	-145111
2166	135800	-145111
2167	135800	-148888
2168	141782	-148888
2169	147764	-148888
2170	153746	-148888
2171	159728	-148888
2172	165710	-148888
2173	171692	-148888
2174	177675	-148888
2175	183657	-148888
2176	189639	-148888
2177	195621	-148888
2178	201603	-148888
2179	207585	-148888
2180	213567	-148888
2181	219549	-148888
2182	225532	-148888
2183	231514	-148888
2184	237496	-148888
2185	243478	-148888
2186	249460	-148888
2187	255442	-148888
2188	261424	-148888
2189	267407	-148888
2190	273389	-148888
2191	279371	-148888
2192	285353	-148888
2193	291335	-148888
2194	297317	-148888
2195	303300	-148888
2196	309282	-148888
2197	315264	-148888
2198	321246	-148888
2199	327228	-148888
2200	333210	-148888
2201	339192	-148888
2202	345175	-148888
2203	351157	-148888
2204	357139	-148888
2205	363121	-148888
2206	369103	-148888
2207	375085	-148888
2208	381067	-148888
2209	387050	-148888
2210	393032	-148888
2211	399014	-148888
2212	404996	-148888
2213	410978	-148888
2214	416960	-148888
2215	422942	-148888
2216	428925	-148888
2217	434907	-148888
2218	440889	-148888
2219	446871	-148888
2220	452853	-148888
2221	458835	-148888
2222	464817	-148888
2223	470800	-148888
2224	470800	-152666
2225	464817	-152666
2226	458835	-152666
2227	452853	-152666
2228	446871	-152666
2229	440889	-152666
2230	434907	-152666
2231	428925	-152666
2232	422942	-152666
2233	416960	-152666
2234	410978	-152666
2235	404996	-152666
2236	399014	-152666
2237	393032	-152666
2238	387050	-152666
2239	381067	-152666
2240	375085	-152666
2241	369103	-152666
2242	363121	-152666
2243	357139	-152666
2244	351157	-152666
2245	345175	-152666
2246	339192	-152666
2247	333210	-152666
2248	327228	-152666
2249	321246	-152666
2250	315264	-152666
2251	309282	-152666
2252	303300	-152666
2253	297317	-152666
2254	291335	-152666
2255	285353	-152666
2256	279371	-152666
2257	273389	-152666
2258	267407	-152666
2259	261424	-152666
2260	255442	-152666
2261	249460	-152666
2262	243478	-152666
2263	237496	-152666
2264	231514	-152666
2265	225532	-152666
2266	219549	-152666
2267	213567	-152666
2268	207585	-152666
2269	201603	-152666
2270	195621	-152666
2271	189639	-152666
2272	183657	-152666
2273	177675	-152666
2274	171692	-152666
2275	165710	-152666
2276	159728	-152666
2277	153746	-152666
2278	147764	-152666
2279	141782	-152666
2280	135800	-152666
2281	135800	-156444
2282	141782	-156444
2283	147764	-156444
2284	153746	-156444
2285	159728	-156444
2286	165710	-156444
2287	171692	-156444
2288	177675	-156444
2289	183657	-156444
2290	189639	-156444
2291	195621	-156444
2292	201603	-156444
2293	207585	-156444
2294	213567	-156444
2295	219549	-156444
2296	225532	-156444
2297	231514	-156444
2298	237496	-156444
2299	243478	-156444
2300	249460	-156444
2301	255442	-156444
2302	261424	-156444
2303	267407	-156444
2304	273389	-156444
2305	279371	-156444
2306	285353	-156444
2307	291335	-156444
2308	297317	-156444
2309	303300	-156444
2310	309282	-156444
2311	315264	-156444
2312	321246	-156444
2313	327228	-156444
2314	333210	-156444
2315	339192	-156444
2316	345175	-156444
2317	351157	-156444
2318	357139	-156444
2319	363121	-156444
2320	369103	-156444
2321	375085	-156444
2322	381067	-156444
2323	387050	-156444
2324	393032	-156444
2325	399014	-156444
2326	404996	-156444
2327	410978	-156444
2328	416960	-156444
2329	422942	-156444
2330	428925	-156444
2331	434907	-156444
2332	440889	-156444
2333	446871	-156444
2334	452853	-156444
2335	458835	-156444
2336	464817	-156444
2337	470800	-156444
2338	470800	-160222
2339	464817	-160222
2340	458835	-160222
2341	452853	-160222
2342	446871	-160222
2343	440889	-160222
2344	434907	-160222
2345	428925	-160222
2346	422942	-160222
2347	416960	-160222
2348	410978	-160222
2349	404996	-160222
2350	399014	-160222
2351	393032	-160222
2352	387050	-160222
2353	381067	-160222
2354	375085	-160222
2355	369103	-160222
2356	363121	-160222
2357	357139	-160222
2358	351157	-160222
2359	345175	-160222
2360	339192	-160222
2361	333210	-160222
2362	327228	-160222
2363	321246	-160222
2364	315264	-160222
2365	309282	-160222
2366	303300	-160222
2367	297317	-160222
2368	291335	-160222
2369	285353	-160222
2370	279371	-160222
2371	273389	-160222
2372	267407	-160222
2373	261424	-160222
2374	255442	-160222
2375	249460	-160222
2376	243478	-160222
2377	237496	-160222
2378	231514	-160222
2379	225532	-160222
2380	219549	-160222
2381	213567	-160222
2382	207585	-160222
2383	201603	-160222
2384	195621	-160222
2385	189639	-160222
2386	183657	-160222
2387	177675	-160222
2388	171692	-160222
2389	165710	-160222
2390	159728	-160222
2391	153746	-160222
2392	147764	-160222
2393	141782	-160222
2394	135800	-160222
2395	135800	-163999
2396	141782	-163999
2397	147764	-163999
2398	153746	-163999
2399	159728	-163999
2400	165710	-163999
2401	171692	-163999
2402	177675	-163999
2403	183657	-163999
2404	189639	-163999
2405	195621	-163999
2406	201603	-163999
2407	207585	-163999
2408	213567	-163999
2409	219549	-163999
2410	225532	-163999
2411	231514	-163999
2412	237496	-163999
2413	243478	-163999
2414	249460	-163999
2415	255442	-163999
2416	261424	-163999
2417	267407	-163999
2418	273389	-163999
2419	279371	-163999
2420	285353	-163999
2421	291335	-163999
2422	297317	-163999
2423	303300	-163999
2424	309282	-163999
2425	315264	-163999
2426	321246	-163999
2427	327228	-163999
2428	333210	-163999
2429	339192	-163999
2430	345175	-163999
2431	351157	-163999
2432	357139	-163999
2433	363121	-163999
2434	369103	-163999
2435	375085	-163999
2436	381067	-163999
2437	387050	-163999
2438	393032	-163999
2439	399014	-163999
2440	404996	-163999
2441	410978	-163999
2442	416960	-163999
2443	422942	-163999
2444	428925	-163999
2445	434907	-163999
2446	440889	-163999
2447	446871	-163999
2448	452853	-163999
2449	458835	-163999
2450	464817	-163999
2451	470800	-163999
2452	470800	-167777
2453	464817	-167777
2454	458835	-167777
2455	452853	-167777
2456	446871	-167777
2457	440889	-167777
2458	434907	-167777
2459	428925	-167777
2460	422942	-167777
2461	416960	-167777
2462	410978	-167777
2463	404996	-167777
2464	399014	-167777
2465	393032	-167777
2466	387050	-167777
2467	381067	-167777
2468	375085	-167777
2469	369103	-167777
2470	363121	-167777
2471	357139	-167777
2472	351157	-167777
2473	345175	-167777
2474	339192	-167777
2475	333210	-167777
2476	327228	-167777
2477	321246	-167777
2478	315264	-167777
2479	309282	-167777
2480	303300	-167777
2481	297317	-167777
2482	291335	-167777
2483	285353	-167777
2484	279371	-167777
2485	273389	-167777
2486	267407	-167777
2487	261424	-167777
2488	255442	-167777
2489	249460	-167777
2490	243478	-167777
2491	237496	-167777
2492	231514	-167777
2493	225532	-167777
2494	219549	-167777
2495	213567	-167777
2496	207585	-167777
2497	201603	-167777
2498	195621	-167777
2499	189639	-167777
2500	183657	-167777
2501	177675	-167777
2502	171692	-167777
2503	165710	-167777
2504	159728	-167777
2505	153746	-167777
2506	147764	-167777
2507	141782	-167777
2508	135800	-167777
2509	135800	-171555
2510	141782	-171555
2511	147764	-171555
2512	153746	-171555
2513	159728	-171555
2514	165710	-171555
2515	171692	-171555
2516	177675	-171555
2517	183657	-171555
2518	189639	-171555
2519	195621	-171555
2520	201603	-171555
2521	207585	-171555
2522	213567	-171555
2523	219549	-171555
2524	225532	-171555
2525	231514	-171555
2526	237496	-171555
2527	243478	-171555
2528	249460	-171555
2529	255442	-171555
2530	261424	-171555
2531	267407	-171555
2532	273389	-171555
2533	279371	-171555
2534	285353	-171555
2535	291335	-171555
2536	297317	-171555
2537	303300	-171555
2538	309282	-171555
2539	315264	-171555
2540	321246	-171555
2541	327228	-171555
2542	333210	-171555
2543	339192	-171555
2544	345175	-171555
2545	351157	-171555
2546	357139	-171555
2547	363121	-171555
2548	369103	-171555
2549	375085	-171555
2550	381067	-171555
2551	387050	-171555
2552	393032	-171555
2553	399014	-171555
2554	404996	-171555
2555	410978	-171555
2556	416960	-171555
2557	422942	-171555
2558	428925	-171555
2559	434907	-171555
2560	440889	-171555
2561	446871	-171555
2562	452853	-171555
2563	458835	-171555
2564	464817	-171555
2565	470800	-171555
2566	470800	-175333
2567	464817	-175333
2568	458835	-175333
2569	452853	-175333
2570	446871	-175333
2571	440889	-175333
2572	434907	-175333
2573	428925	-175333
2574	422942	-175333
2575	416960	-175333
2576	410978	-175333
2577	404996	-175333
2578	399014	-175333
2579	393032	-175333
2580	387050	-175333
2581	381067	-175333
2582	375085	-175333
2583	369103	-175333
2584	363121	-175333
2585	357139	-175333
2586	351157	-175333
2587	345175	-175333
2588	339192	-175333
2589	333210	-175333
2590	327228	-175333
2591	321246	-175333
2592	315264	-175333
2593	309282	-175333
2594	303300	-175333
2595	297317	-175333
2596	291335	-175333
2597	285353	-175333
2598	279371	-175333
2599	273389	-175333
2600	267407	-175333
2601	261424	-175333
2602	255442	-175333
2603	249460	-175333
2604	243478	-175333
2605	237496	-175333
2606	231514	-175333
2607	225532	-175333
2608	219549	-175333
2609	213567	-175333
2610	207585	-175333
2611	201603	-175333
2612	195621	-175333
2613	189639	-175333
2614	183657	-175333
2615	177675	-175333
2616	171692	-175333
2617	165710	-175333
2618	159728	-175333
2619	153746	-175333
2620	147764	-175333
2621	141782	-175333
2622	135800	-175333
2623	135800	-179111
2624	141782	-179111
2625	147764	-179111
2626	153746	-179111
2627	159728	-179111
2628	165710	-179111
2629	171692	-179111
2630	177675	-179111
2631	183657	-179111
2632	189639	-179111
2633	195621	-179111
2634	201603	-179111
2635	207585	-179111
2636	213567	-179111
2637	219549	-179111
2638	225532	-179111
2639	231514	-179111
2640	237496	-179111
2641	243478	-179111
2642	249460	-179111
2643	255442	-179111
2644	261424	-179111
2645	267407	-179111
2646	273389	-179111
2647	279371	-179111
2648	285353	-179111
2649	291335	-179111
2650	297317	-179111
2651	303300	-179111
2652	309282	-179111
2653	315264	-179111
2654	321246	-179111
2655	327228	-179111
2656	333210	-179111
2657	339192	-179111
2658	345175	-179111
2659	351157	-179111
2660	357139	-179111
2661	363121	-179111
2662	369103	-179111
2663	375085	-179111
2664	381067	-179111
2665	387050	-179111
2666	393032	-179111
2667	399014	-179111
2668	404996	-179111
2669	410978	-179111
2670	416960	-179111
2671	422942	-179111
2672	428925	-179111
2673	434907	-179111
2674	440889	-179111
2675	446871	-179111
2676	452853	-179111
2677	458835	-179111
2678	464817	-179111
2679	470800	-179111
2680	470800	-182888
2681	464817	-182888
2682	458835	-182888
2683	452853	-182888
2684	446871	-182888
2685	440889	-182888
2686	434907	-182888
2687	428925	-182888
2688	422942	-182888
2689	416960	-182888
2690	410978	-182888
2691	404996	-182888
2692	399014	-182888
2693	393032	-182888
2694	387050	-182888
2695	381067	-182888
2696	375085	-182888
2697	369103	-182888
2698	363121	-182888
2699	357139	-182888
2700	351157	-182888
2701	345175	-182888
2702	339192	-182888
2703	333210	-182888
2704	327228	-182888
2705	321246	-182888
2706	315264	-182888
2707	309282	-182888
2708	303300	-182888
2709	297317	-182888
2710	291335	-182888
2711	285353	-182888
2712	279371	-182888
2713	273389	-182888
2714	267407	-182888
2715	261424	-182888
2716	255442	-182888
2717	249460	-182888
2718	243478	-182888
2719	237496	-182888
2720	231514	-182888
2721	225532	-182888
2722	219549	-182888
2723	213567	-182888
2724	207585	-182888
2725	201603	-182888
2726	195621	-182888
2727	189639	-182888
2728	183657	-182888
2729	177675	-182888
2730	171692	-182888
2731	165710	-182888
2732	159728	-182888
2733	153746	-182888
2734	147764	-182888
2735	141782	-182888
2736	135800	-182888
2737	135800	-186666
2738	141782	-186666
2739	147764	-186666
2740	153746	-186666
2741	159728	-186666
2742	165710	-186666
2743	171692	-186666
2744	177675	-186666
2745	183657	-186666
2746	189639	-186666
2747	195621	-186666
2748	201603	-186666
2749	207585	-186666
2750	213567	-186666
2751	219549	-186666
2752	225532	-186666
2753	231514	-186666
2754	237496	-186666
2755	243478	-186666
2756	249460	-186666
2757	255442	-186666
2758	261424	-186666
2759	267407	-186666
2760	273389	-186666
2761	279371	-186666
2762	285353	-186666
2763	291335	-186666
2764	297317	-186666
2765	303300	-186666
2766	309282	-186666
2767	315264	-186666
2768	321246	-186666
2769	327228	-186666
2770	333210	-186666
2771	339192	-186666
2772	345175	-186666
2773	351157	-186666
2774	357139	-186666
2775	363121	-186666
2776	369103	-186666
2777	375085	-186666
2778	381067	-186666
2779	387050	-186666
2780	393032	-186666
2781	399014	-186666
2782	404996	-186666
2783	410978	-186666
2784	416960	-186666
2785	422942	-186666
2786	428925	-186666
2787	434907	-186666
2788	440889	-186666
2789	446871	-186666
2790	452853	-186666
2791	458835	-186666
2792	464817	-186666
2793	470800	-186666
2794	470800	-190444
2795	464817	-190444
2796	458835	-190444
2797	452853	-190444
2798	446871	-190444
2799	440889	-190444
2800	434907	-190444
2801	428925	-190444
2802	422942	-190444
2803	416960	-190444
2804	410978	-190444
2805	404996	-190444
2806	399014	-190444
2807	393032	-190444
2808	387050	-190444
2809	381067	-190444
2810	375085	-190444
2811	369103	-190444
2812	363121	-190444
2813	357139	-190444
2814	351157	-190444
2815	345175	-190444
2816	339192	-190444
2817	333210	-190444
2818	327228	-190444
2819	321246	-190444
2820	315264	-190444
2821	309282	-190444
2822	303300	-190444
2823	297317	-190444
2824	291335	-190444
2825	285353	-190444
2826	279371	-190444
2827	273389	-190444
2828	267407	-190444
2829	261424	-190444
2830	255442	-190444
2831	249460	-190444
2832	243478	-190444
2833	237496	-190444
2834	231514	-190444
2835	225532	-190444
2836	219549	-190444
2837	213567	-190444
2838	207585	-190444
2839	201603	-190444
2840	195621	-190444
2841	189639	-190444
2842	183657	-190444
2843	177675	-190444
2844	171692	-190444
2845	165710	-190444
2846	159728	-190444
2847	153746	-190444
2848	147764	-190444
2849	141782	-190444
2850	135800	-190444
2851	135800	-194222
2852	141782	-194222
2853	147764	-194222
2854	153746	-194222
2855	159728	-194222
2856	165710	-194222
2857	171692	-194222
2858	177675	-194222
2859	183657	-194222
2860	189639	-194222
2861	195621	-194222
2862	201603	-194222
2863	207585	-194222
2864	213567	-194222
2865	219549	-194222
2866	225532	-194222
2867	231514	-194222
2868	237496	-194222
2869	243478	-194222
2870	249460	-194222
2871	255442	-194222
2872	261424	-194222
2873	267407	-194222
2874	273389	-194222
2875	279371	-194222
2876	285353	-194222
2877	291335	-194222
2878	297317	-194222
2879	303300	-194222
2880	309282	-194222
2881	315264	-194222
2882	321246	-194222
2883	327228	-194222
2884	333210	-194222
2885	339192	-194222
2886	345175	-194222
2887	351157	-194222
2888	357139	-194222
2889	363121	-194222
2890	369103	-194222
2891	375085	-194222
2892	381067	-194222
2893	387050	-194222
2894	393032	-194222
2895	399014	-194222
2896	404996	-194222
2897	410978	-194222
2898	416960	-194222
2899	422942	-194222
2900	428925	-194222
2901	434907	-194222
2902	440889	-194222
2903	446871	-194222
2904	452853	-194222
2905	458835	-194222
2906	464817	-194222
2907	470800	-194222
2908	470800	-197999
2909	464817	-197999
2910	458835	-197999
2911	452853	-197999
2912	446871	-197999
2913	440889	-197999
2914	434907	-197999
2915	428925	-197999
2916	422942	-197999
2917	416960	-197999
2918	410978	-197999
2919	404996	-197999
2920	399014	-197999
2921	393032	-197999
2922	387050	-197999
2923	381067	-197999
2924	375085	-197999
2925	369103	-197999
2926	363121	-197999
2927	357139	-197999
2928	351157	-197999
2929	345175	-197999
2930	339192	-197999
2931	333210	-197999
2932	327228	-197999
2933	321246	-197999
2934	315264	-197999
2935	309282	-197999
2936	303300	-197999
2937	297317	-197999
2938	291335	-197999
2939	285353	-197999
2940	279371	-197999
2941	273389	-197999
2942	267407	-197999
2943	261424	-197999
2944	255442	-197999
2945	249460	-197999
2946	243478	-197999
2947	237496	-197999
2948	231514	-197999
2949	225532	-197999
2950	219549	-197999
2951	213567	-197999
2952	207585	-197999
2953	201603	-197999
2954	195621	-197999
2955	189639	-197999
2956	183657	-197999
2957	177675	-197999
2958	171692	-197999
2959	165710	-197999
2960	159728	-197999
2961	153746	-197999
2962	147764	-197999
2963	141782	-197999
2964	135800	-197999
2965	135800	-201777
2966	141782	-201777
2967	147764	-201777
2968	153746	-201777
2969	159728	-201777
2970	165710	-201777
2971	171692	-201777
2972	177675	-201777
2973	183657	-201777
2974	189639	-201777
2975	195621	-201777
2976	201603	-201777
2977	207585	-201777
2978	213567	-201777
2979	219549	-201777
2980	225532	-201777
2981	231514	-201777
2982	237496	-201777
2983	243478	-201777
2984	249460	-201777
2985	255442	-201777
2986	261424	-201777
2987	267407	-201777
2988	273389	-201777
2989	279371	-201777
2990	285353	-201777
2991	291335	-201777
2992	297317	-201777
2993	303300	-201777
2994	309282	-201777
2995	315264	-201777
2996	321246	-201777
2997	327228	-201777
2998	333210	-201777
2999	339192	-201777
3000	345175	-201777
3001	351157	-201777
3002	357139	-201777
3003	363121	-201777
3004	369103	-201777
3005	375085	-201777
3006	381067	-201777
3007	387050	-201777
3008	393032	-201777
3009	399014	-201777
3010	404996	-201777
3011	410978	-201777
3012	416960	-201777
3013	422942	-201777
3014	428925	-201777
3015	434907	-201777
3016	440889	-201777
3017	446871	-201777
3018	452853	-201777
3019	458835	-201777
3020	464817	-201777
3021	470800	-201777
3022	470800	-205555
3023	464817	-205555
3024	458835	-205555
3025	452853	-205555
3026	446871	-205555
3027	440889	-205555
3028	434907	-205555
3029	428925	-205555
3030	422942	-205555
3031	416960	-205555
3032	410978	-205555
3033	404996	-205555
3034	399014	-205555
3035	393032	-205555
3036	387050	-205555
3037	381067	-205555
3038	375085	-205555
3039	369103	-205555
3040	363121	-205555
3041	357139	-205555
3042	351157	-205555
3043	345175	-205555
3044	339192	-205555
3045	333210	-205555
3046	327228	-205555
3047	321246	-205555
3048	315264	-205555
3049	309282	-205555
3050	303300	-205555
3051	297317	-205555
3052	291335	-205555
3053	285353	-205555
3054	279371	-205555
3055	273389	-205555
3056	267407	-205555
3057	261424	-205555
3058	255442	-205555
3059	249460	-205555
3060	243478	-205555
3061	237496	-205555
3062	231514	-205555
3063	225532	-205555
3064	219549	-205555
3065	213567	-205555
3066	207585	-205555
3067	201603	-205555
3068	195621	-205555
3069	189639	-205555
3070	183657	-205555
3071	177675	-205555
3072	171692	-205555
3073	165710	-205555
3074	159728	-205555
3075	153746	-205555
3076	147764	-205555
3077	141782	-205555
3078	135800	-205555
3079	135800	-209333
3080	141782	-209333
3081	147764	-209333
3082	153746	-209333
3083	159728	-209333
3084	165710	-209333
3085	171692	-209333
3086	177675	-209333
3087	183657	-209333
3088	189639	-209333
3089	195621	-209333
3090	201603	-209333
3091	207585	-209333
3092	213567	-209333
3093	219549	-209333
3094	225532	-209333
3095	231514	-209333
3096	237496	-209333
3097	243478	-209333
3098	249460	-209333
3099	255442	-209333
3100	261424	-209333
3101	267407	-209333
3102	273389	-209333
3103	279371	-209333
3104	285353	-209333
3105	291335	-209333
3106	297317	-209333
3107	303300	-209333
3108	309282	-209333
3109	315264	-209333
3110	321246	-209333
3111	327228	-209333
3112	333210	-209333
3113	339192	-209333
3114	345175	-209333
3115	351157	-209333
3116	357139	-209333
3117	363121	-209333
3118	369103	-209333
3119	375085	-209333
3120	381067	-209333
3121	387050	-209333
3122	393032	-209333
3123	399014	-209333
3124	404996	-209333
3125	410978	-209333
3126	416960	-209333
3127	422942	-209333
3128	428925	-209333
3129	434907	-209333
3130	440889	-209333
3131	446871	-209333
3132	452853	-209333
3133	458835	-209333
3134	464817	-209333
3135	470800	-209333
3136	470800	-213111
3137	464817	-213111
3138	458835	-213111
3139	452853	-213111
3140	446871	-213111
3141	440889	-213111
3142	434907	-213111
3143	428925	-213111
3144	422942	-213111
3145	416960	-213111
3146	410978	-213111
3147	404996	-213111
3148	399014	-213111
3149	393032	-213111
3150	387050	-213111
3151	381067	-213111
3152	375085	-213111
3153	369103	-213111
3154	363121	-213111
3155	357139	-213111
3156	351157	-213111
3157	345175	-213111
3158	339192	-213111
3159	333210	-213111
3160	327228	-213111
3161	321246	-213111
3162	315264	-213111
3163	309282	-213111
3164	303300	-213111
3165	297317	-213111
3166	291335	-213111
3167	285353	-213111
3168	279371	-213111
3169	273389	-213111
3170	267407	-213111
3171	261424	-213111
3172	255442	-213111
3173	249460	-213111
3174	243478	-213111
3175	237496	-213111
3176	231514	-213111
3177	225532	-213111
3178	219549	-213111
3179	213567	-213111
3180	207585	-213111
3181	201603	-213111
3182	195621	-213111
3183	189639	-213111
3184	183657	-213111
3185	177675	-213111
3186	171692	-213111
3187	165710	-213111
3188	159728	-213111
3189	153746	-213111
3190	147764	-213111
3191	141782	-213111
3192	135800	-213111
3193	135800	-216888
3194	141782	-216888
3195	147764	-216888
3196	153746	-216888
3197	159728	-216888
3198	165710	-216888
3199	171692	-216888
3200	177675	-216888
3201	183657	-216888
3202	189639	-216888
3203	195621	-216888
3204	201603	-216888
3205	207585	-216888
3206	213567	-216888
3207	219549	-216888
3208	225532	-216888
3209	231514	-216888
3210	237496	-216888
3211	243478	-216888
3212	249460	-216888
3213	255442	-216888
3214	261424	-216888
3215	267407	-216888
3216	273389	-216888
3217	279371	-216888
3218	285353	-216888
3219	291335	-216888
3220	297317	-216888
3221	303300	-216888
3222	309282	-216888
3223	315264	-216888
3224	321246	-216888
3225	327228	-216888
3226	333210	-216888
3227	339192	-216888
3228	345175	-216888
3229	351157	-216888
3230	357139	-216888
3231	363121	-216888
3232	369103	-216888
3233	375085	-216888
3234	381067	-216888
3235	387050	-216888
3236	393032	-216888
3237	399014	-216888
3238	404996	-216888
3239	410978	-216888
3240	416960	-216888
3241	422942	-216888
3242	428925	-216888
3243	434907	-216888
3244	440889	-216888
3245	446871	-216888
3246	452853	-216888
3247	458835	-216888
3248	464817	-216888
3249	470800	-216888
3250	470800	-220666
3251	464817	-220666
3252	458835	-220666
3253	452853	-220666
3254	446871	-220666
3255	440889	-220666
3256	434907	-220666
3257	428925	-220666
3258	422942	-220666
3259	416960	-220666
3260	410978	-220666
3261	404996	-220666
3262	399014	-220666
3263	393032	-220666
3264	387050	-220666
3265	381067	-220666
3266	375085	-220666
3267	369103	-220666
3268	363121	-220666
3269	357139	-220666
3270	351157	-220666
3271	345175	-220666
3272	339192	-220666
3273	333210	-220666
3274	327228	-220666
3275	321246	-220666
3276	315264	-220666
3277	309282	-220666
3278	303300	-220666
3279	297317	-220666
3280	291335	-220666
3281	285353	-220666
3282	279371	-220666
3283	273389	-220666
3284	267407	-220666
3285	261424	-220666
3286	255442	-220666
3287	249460	-220666
3288	243478	-220666
3289	237496	-220666
3290	231514	-220666
3291	225532	-220666
3292	219549	-220666
3293	213567	-220666
3294	207585	-220666
3295	201603	-220666
3296	195621	-220666
3297	189639	-220666
3298	183657	-220666
3299	177675	-220666
3300	171692	-220666
3301	165710	-220666
3302	159728	-220666
3303	153746	-220666
3304	147764	-220666
3305	141782	-220666
3306	135800	-220666
3307	135800	-224444
3308	141782	-224444
3309	147764	-224444
3310	153746	-224444
3311	159728	-224444
3312	165710	-224444
3313	171692	-224444
3314	177675	-224444
3315	183657	-224444
3316	189639	-224444
3317	195621	-224444
3318	201603	-224444
3319	207585	-224444
3320	213567	-224444
3321	219549	-224444
3322	225532	-224444
3323	231514	-224444
3324	237496	-224444
3325	243478	-224444
3326	249460	-224444
3327	255442	-224444
3328	261424	-224444
3329	267407	-224444
3330	273389	-224444
3331	279371	-224444
3332	285353	-224444
3333	291335	-224444
3334	297317	-224444
3335	303300	-224444
3336	309282	-224444
3337	315264	-224444
3338	321246	-224444
3339	327228	-224444
3340	333210	-224444
3341	339192	-224444
3342	345175	-224444
3343	351157	-224444
3344	357139	-224444
3345	363121	-224444
3346	369103	-224444
3347	375085	-224444
3348	381067	-224444
3349	387050	-224444
3350	393032	-224444
3351	399014	-224444
3352	404996	-224444
3353	410978	-224444
3354	416960	-224444
3355	422942	-224444
3356	428925	-224444
3357	434907	-224444
3358	440889	-224444
3359	446871	-224444
3360	452853	-224444
3361	458835	-224444
3362	464817	-224444
3363	470800	-224444
3364	470800	-228222
3365	464817	-228222
3366	458835	-228222
3367	452853	-228222
3368	446871	-228222
3369	440889	-228222
3370	434907	-228222
3371	428925	-228222
3372	422942	-228222
3373	416960	-228222
3374	410978	-228222
3375	404996	-228222
3376	399014	-228222
3377	393032	-228222
3378	387050	-228222
3379	381067	-228222
3380	375085	-228222
3381	369103	-228222
3382	363121	-228222
3383	357139	-228222
3384	351157	-228222
3385	345175	-228222
3386	339192	-228222
3387	333210	-228222
3388	327228	-228222
3389	321246	-228222
3390	315264	-228222
3391	309282	-228222
3392	303300	-228222
3393	297317	-228222
3394	291335	-228222
3395	285353	-228222
3396	279371	-228222
3397	273389	-228222
3398	267407	-228222
3399	261424	-228222
3400	255442	-228222
3401	249460	-228222
3402	243478	-228222
3403	237496	-228222
3404	231514	-228222
3405	225532	-228222
3406	219549	-228222
3407	213567	-228222
3408	207585	-228222
3409	201603	-228222
3410	195621	-228222
3411	189639	-228222
3412	183657	-228222
3413	177675	-228222
3414	171692	-228222
3415	165710	-228222
3416	159728	-228222
3417	153746	-228222
3418	147764	-228222
3419	141782	-228222
3420	135800	-228222
3421	135800	-231999
3422	141782	-231999
3423	147764	-231999
3424	153746	-231999
3425	159728	-231999
3426	165710	-231999
3427	171692	-231999
3428	177675	-231999
3429	183657	-231999
3430	189639	-231999
3431	195621	-231999
3432	201603	-231999
3433	207585	-231999
3434	213567	-231999
3435	219549	-231999
3436	225532	-231999
3437	231514	-231999
3438	237496	-231999
3439	243478	-231999
3440	249460	-231999
3441	255442	-231999
3442	261424	-231999
3443	267407	-231999
3444	273389	-231999
3445	279371	-231999
3446	285353	-231999
3447	291335	-231999
3448	297317	-231999
3449	303300	-231999
3450	309282	-231999
3451	315264	-231999
3452	321246	-231999
3453	327228	-231999
3454	333210	-231999
3455	339192	-231999
3456	345175	-231999
3457	351157	-231999
3458	357139	-231999
3459	363121	-231999
3460	369103	-231999
3461	375085	-231999
3462	381067	-231999
3463	387050	-231999
3464	393032	-231999
3465	399014	-231999
3466	404996	-231999
3467	410978	-231999
3468	416960	-231999
3469	422942	-231999
3470	428925	-231999
3471	434907	-231999
3472	440889	-231999
3473	446871	-231999
3474	452853	-231999
3475	458835	-231999
3476	464817	-231999
3477	470800	-231999
3478	470800	-235777
3479	464817	-235777
3480	458835	-235777
3481	452853	-235777
3482	446871	-235777
3483	440889	-235777
3484	434907	-235777
3485	428925	-235777
3486	422942	-235777
3487	416960	-235777
3488	410978	-235777
3489	404996	-235777
3490	399014	-235777
3491	393032	-235777
3492	387050	-235777
3493	381067	-235777
3494	375085	-235777
3495	369103	-235777
3496	363121	-235777
3497	357139	-235777
3498	351157	-235777
3499	345175	-235777
3500	339192	-235777
3501	333210	-235777
3502	327228	-235777
3503	321246	-235777
3504	315264	-235777
3505	309282	-235777
3506	303300	-235777
3507	297317	-235777
3508	291335	-235777
3509	285353	-235777
3510	279371	-235777
3511	273389	-235777
3512	267407	-235777
3513	261424	-235777
3514	255442	-235777
3515	249460	-235777
3516	243478	-235777
3517	237496	-235777
3518	231514	-235777
3519	225532	-235777
3520	219549	-235777
3521	213567	-235777
3522	207585	-235777
3523	201603	-235777
3524	195621	-235777
3525	189639	-235777
3526	183657	-235777
3527	177675	-235777
3528	171692	-235777
3529	165710	-235777
3530	159728	-235777
3531	153746	-235777
3532	147764	-235777
3533	141782	-235777
3534	135800	-235777
3535	135800	-239555
3536	141782	-239555
3537	147764	-239555
3538	153746	-239555
3539	159728	-239555
3540	165710	-239555
3541	171692	-239555
3542	177675	-239555
3543	183657	-239555
3544	189639	-239555
3545	195621	-239555
3546	201603	-239555
3547	207585	-239555
3548	213567	-239555
3549	219549	-239555
3550	225532	-239555
3551	231514	-239555
3552	237496	-239555
3553	243478	-239555
3554	249460	-239555
3555	255442	-239555
3556	261424	-239555
3557	267407	-239555
3558	273389	-239555
3559	279371	-239555
3560	285353	-239555
3561	291335	-239555
3562	297317	-239555
3563	303300	-239555
3564	309282	-239555
3565	315264	-239555
3566	321246	-239555
3567	327228	-239555
3568	333210	-239555
3569	339192	-239555
3570	345175	-239555
3571	351157	-239555
3572	357139	-239555
3573	363121	-239555
3574	369103	-239555
3575	375085	-239555
3576	381067	-239555
3577	387050	-239555
3578	393032	-239555
3579	399014	-239555
3580	404996	-239555
3581	410978	-239555
3582	416960	-239555
3583	422942	-239555
3584	428925	-239555
3585	434907	-239555
3586	440889	-239555
3587	446871	-239555
3588	452853	-239555
3589	458835	-239555
3590	464817	-239555
3591	470800	-239555
3592	470800	-243333
3593	464817	-243333
3594	458835	-243333
3595	452853	-243333
3596	446871	-243333
3597	440889	-243333
3598	434907	-243333
3599	428925	-243333
3600	422942	-243333
3601	416960	-243333
3602	410978	-243333
3603	404996	-243333
3604	399014	-243333
3605	393032	-243333
3606	387050	-243333
3607	381067	-243333
3608	375085	-243333
3609	369103	-243333
3610	363121	-243333
3611	357139	-243333
3612	351157	-243333
3613	345175	-243333
3614	339192	-243333
3615	333210	-243333
3616	327228	-243333
3617	321246	-243333
3618	315264	-243333
3619	309282	-243333
3620	303300	-243333
3621	297317	-243333
3622	291335	-243333
3623	285353	-243333
3624	279371	-243333
3625	273389	-243333
3626	267407	-243333
3627	261424	-243333
3628	255442	-243333
3629	249460	-243333
3630	243478	-243333
3631	237496	-243333
3632	231514	-243333
3633	225532	-243333
3634	219549	-243333
3635	213567	-243333
3636	207585	-243333
3637	201603	-243333
3638	195621	-243333
3639	189639	-243333
3640	183657	-243333
3641	177675	-243333
3642	171692	-243333
3643	165710	-243333
3644	159728	-243333
3645	153746	-243333
3646	147764	-243333
3647	141782	-243333
3648	135800	-243333
3649	135800	-247111
3650	141782	-247111
3651	147764	-247111
3652	153746	-247111
3653	159728	-247111
3654	165710	-247111
3655	171692	-247111
3656	177675	-247111
3657	183657	-247111
3658	189639	-247111
3659	195621	-247111
3660	201603	-247111
3661	207585	-247111
3662	213567	-247111
3663	219549	-247111
3664	225532	-247111
3665	231514	-247111
3666	237496	-247111
3667	243478	-247111
3668	249460	-247111
3669	255442	-247111
3670	261424	-247111
3671	267407	-247111
3672	273389	-247111
3673	279371	-247111
3674	285353	-247111
3675	291335	-247111
3676	297317	-247111
3677	303300	-247111
3678	309282	-247111
3679	315264	-247111
3680	321246	-247111
3681	327228	-247111
3682	333210	-247111
3683	339192	-247111
3684	345175	-247111
3685	351157	-247111
3686	357139	-247111
3687	363121	-247111
3688	369103	-247111
3689	375085	-247111
3690	381067	-247111
3691	387050	-247111
3692	393032	-247111
3693	399014	-247111
3694	404996	-247111
3695	410978	-247111
3696	416960	-247111
3697	422942	-247111
3698	428925	-247111
3699	434907	-247111
3700	440889	-247111
3701	446871	-247111
3702	452853	-247111
3703	458835	-247111
3704	464817	-247111
3705	470800	-247111
3706	470800	-250888
3707	464817	-250888
3708	458835	-250888
3709	452853	-250888
3710	446871	-250888
3711	440889	-250888
3712	434907	-250888
3713	428925	-250888
3714	422942	-250888
3715	416960	-250888
3716	410978	-250888
3717	404996	-250888
3718	399014	-250888
3719	393032	-250888
3720	387050	-250888
3721	381067	-250888
3722	375085	-250888
3723	369103	-250888
3724	363121	-250888
3725	357139	-250888
3726	351157	-250888
3727	345175	-250888
3728	339192	-250888
3729	333210	-250888
3730	327228	-250888
3731	321246	-250888
3732	315264	-250888
3733	309282	-250888
3734	303300	-250888
3735	297317	-250888
3736	291335	-250888
3737	285353	-250888
3738	279371	-250888
3739	273389	-250888
3740	267407	-250888
3741	261424	-250888
3742	255442	-250888
3743	249460	-250888
3744	243478	-250888
3745	237496	-250888
3746	231514	-250888
3747	225532	-250888
3748	219549	-250888
3749	213567	-250888
3750	207585	-250888
3751	201603	-250888
3752	195621	-250888
3753	189639	-250888
3754	183657	-250888
3755	177675	-250888
3756	171692	-250888
3757	165710	-250888
3758	159728	-250888
3759	153746	-250888
3760	147764	-250888
3761	141782	-250888
3762	135800	-250888
3763	135800	-254666
3764	141782	-254666
3765	147764	-254666
3766	153746	-254666
3767	159728	-254666
3768	165710	-254666
3769	171692	-254666
3770	177675	-254666
3771	183657	-254666
3772	189639	-254666
3773	195621	-254666
3774	201603	-254666
3775	207585	-254666
3776	213567	-254666
3777	219549	-254666
3778	225532	-254666
3779	231514	-254666
3780	237496	-254666
3781	243478	-254666
3782	249460	-254666
3783	255442	-254666
3784	261424	-254666
3785	267407	-254666
3786	273389	-254666
3787	279371	-254666
3788	285353	-254666
3789	291335	-254666
3790	297317	-254666
3791	303300	-254666
3792	309282	-254666
3793	315264	-254666
3794	321246	-254666
3795	327228	-254666
3796	333210	-254666
3797	339192	-254666
3798	345175	-254666
3799	351157	-254666
3800	357139	-254666
3801	363121	-254666
3802	369103	-254666
3803	375085	-254666
3804	381067	-254666
3805	387050	-254666
3806	393032	-254666
3807	399014	-254666
3808	404996	-254666
3809	410978	-254666
3810	416960	-254666
3811	422942	-254666
3812	428925	-254666
3813	434907	-254666
3814	440889	-254666
3815	446871	-254666
3816	452853	-254666
3817	458835	-254666
3818	464817	-254666
3819	470800	-254666
3820	470800	-258444
3821	464817	-258444
3822	458835	-258444
3823	452853	-258444
3824	446871	-258444
3825	440889	-258444
3826	434907	-258444
3827	428925	-258444
3828	422942	-258444
3829	416960	-258444
3830	410978	-258444
3831	404996	-258444
3832	399014	-258444
3833	393032	-258444
3834	387050	-258444
3835	381067	-258444
3836	375085	-258444
3837	369103	-258444
3838	363121	-258444
3839	357139	-258444
3840	351157	-258444
3841	345175	-258444
3842	339192	-258444
3843	333210	-258444
3844	327228	-258444
3845	321246	-258444
3846	315264	-258444
3847	309282	-258444
3848	303300	-258444
3849	297317	-258444
3850	291335	-258444
3851	285353	-258444
3852	279371	-258444
3853	273389	-258444
3854	267407	-258444
3855	261424	-258444
3856	255442	-258444
3857	249460	-258444
3858	243478	-258444
3859	237496	-258444
3860	231514	-258444
3861	225532	-258444
3862	219549	-258444
3863	213567	-258444
3864	207585	-258444
3865	201603	-258444
3866	195621	-258444
3867	189639	-258444
3868	183657	-258444
3869	177675	-258444
3870	171692	-258444
3871	165710	-258444
3872	159728	-258444
3873	153746	-258444
3874	147764	-258444
3875	141782	-258444
3876	135800	-258444
3877	135800	-262222
3878	141782	-262222
3879	147764	-262222
3880	153746	-262222
3881	159728	-262222
3882	165710	-262222
3883	171692	-262222
3884	177675	-262222
3885	183657	-262222
3886	189639	-262222
3887	195621	-262222
3888	201603	-262222
3889	207585	-262222
3890	213567	-262222
3891	219549	-262222
3892	225532	-262222
3893	231514	-262222
3894	237496	-262222
3895	243478	-262222
3896	249460	-262222
3897	255442	-262222
3898	261424	-262222
3899	267407	-262222
3900	273389	-262222
3901	279371	-262222
3902	285353	-262222
3903	291335	-262222
3904	297317	-262222
3905	303300	-262222
3906	309282	-262222
3907	315264	-262222
3908	321246	-262222
3909	327228	-262222
3910	333210	-262222
3911	339192	-262222
3912	345175	-262222
3913	351157	-262222
3914	357139	-262222
3915	363121	-262222
3916	369103	-262222
3917	375085	-262222
3918	381067	-262222
3919	387050	-262222
3920	393032	-262222
3921	399014	-262222
3922	404996	-262222
3923	410978	-262222
3924	416960	-262222
3925	422942	-262222
3926	428925	-262222
3927	434907	-262222
3928	440889	-262222
3929	446871	-262222
3930	452853	-262222
3931	458835	-262222
3932	464817	-262222
3933	470800	-262222
3934	470800	-265999
3935	464817	-265999
3936	458835	-265999
3937	452853	-265999
3938	446871	-265999
3939	440889	-265999
3940	434907	-265999
3941	428925	-265999
3942	422942	-265999
3943	416960	-265999
3944	410978	-265999
3945	404996	-265999
3946	399014	-265999
3947	393032	-265999
3948	387050	-265999
3949	381067	-265999
3950	375085	-265999
3951	369103	-265999
3952	363121	-265999
3953	357139	-265999
3954	351157	-265999
3955	345175	-265999
3956	339192	-265999
3957	333210	-265999
3958	327228	-265999
3959	321246	-265999
3960	315264	-265999
3961	309282	-265999
3962	303300	-265999
3963	297317	-265999
3964	291335	-265999
3965	285353	-265999
3966	279371	-265999
3967	273389	-265999
3968	267407	-265999
3969	261424	-265999
3970	255442	-265999
3971	249460	-265999
3972	243478	-265999
3973	237496	-265999
3974	231514	-265999
3975	225532	-265999
3976	219549	-265999
3977	213567	-265999
3978	207585	-265999
3979	201603	-265999
3980	195621	-265999
3981	189639	-265999
3982	183657	-265999
3983	177675	-265999
3984	171692	-265999
3985	165710	-265999
3986	159728	-265999
3987	153746	-265999
3988	147764	-265999
3989	141782	-265999
3990	135800	-265999
3991	135800	-269777
3992	141782	-269777
3993	147764	-269777
3994	153746	-269777
3995	159728	-269777
3996	165710	-269777
3997	171692	-269777
3998	177675	-269777
3999	183657	-269777
4000	189639	-269777
4001	195621	-269777
4002	201603	-269777
4003	207585	-269777
4004	213567	-269777
4005	219549	-269777
4006	225532	-269777
4007	231514	-269777
4008	237496	-269777
4009	243478	-269777
4010	249460	-269777
4011	255442	-269777
4012	261424	-269777
4013	267407	-269777
4014	273389	-269777
4015	279371	-269777
4016	285353	-269777
4017	291335	-269777
4018	297317	-269777
4019	303300	-269777
4020	309282	-269777
4021	315264	-269777
4022	321246	-269777
4023	327228	-269777
4024	333210	-269777
4025	339192	-269777
4026	345175	-269777
4027	351157	-269777
4028	357139	-269777
4029	363121	-269777
4030	369103	-269777
4031	375085	-269777
4032	381067	-269777
4033	387050	-269777
4034	393032	-269777
4035	399014	-269777
4036	404996	-269777
4037	410978	-269777
4038	416960	-269777
4039	422942	-269777
4040	428925	-269777
4041	434907	-269777
4042	440889	-269777
4043	446871	-269777
4044	452853	-269777
4045	458835	-269777
4046	464817	-269777
4047	470800	-269777
4048	470800	-273555
4049	464817	-273555
4050	458835	-273555
4051	452853	-273555
4052	446871	-273555
4053	440889	-273555
4054	434907	-273555
4055	428925	-273555
4056	422942	-273555
4057	416960	-273555
4058	410978	-273555
4059	404996	-273555
4060	399014	-273555
4061	393032	-273555
4062	387050	-273555
4063	381067	-273555
4064	375085	-273555
4065	369103	-273555
4066	363121	-273555
4067	357139	-273555
4068	351157	-273555
4069	345175	-273555
4070	339192	-273555
4071	333210	-273555
4072	327228	-273555
4073	321246	-273555
4074	315264	-273555
4075	309282	-273555
4076	303300	-273555
4077	297317	-273555
4078	291335	-273555
4079	285353	-273555
4080	279371	-273555
4081	273389	-273555
4082	267407	-273555
4083	261424	-273555
4084	255442	-273555
4085	249460	-273555
4086	243478	-273555
4087	237496	-273555
4088	231514	-273555
4089	225532	-273555
4090	219549	-273555
4091	213567	-273555
4092	207585	-273555
4093	201603	-273555
4094	195621	-273555
4095	189639	-273555
4096	183657	-273555
4097	177675	-273555
4098	171692	-273555
4099	165710	-273555
4100	159728	-273555
4101	153746	-273555
4102	147764	-273555
4103	141782	-273555
4104	135800	-273555
4105	135800	-277333
4106	141782	-277333
4107	147764	-277333
4108	153746	-277333
4109	159728	-277333
4110	165710	-277333
4111	171692	-277333
4112	177675	-277333
4113	183657	-277333
4114	189639	-277333
4115	195621	-277333
4116	201603	-277333
4117	207585	-277333
4118	213567	-277333
4119	219549	-277333
4120	225532	-277333
4121	231514	-277333
4122	237496	-277333
4123	243478	-277333
4124	249460	-277333
4125	255442	-277333
4126	261424	-277333
4127	267407	-277333
4128	273389	-277333
4129	279371	-277333
4130	285353	-277333
4131	291335	-277333
4132	297317	-277333
4133	303300	-277333
4134	309282	-277333
4135	315264	-277333
4136	321246	-277333
4137	327228	-277333
4138	333210	-277333
4139	339192	-277333
4140	345175	-277333
4141	351157	-277333
4142	357139	-277333
4143	363121	-277333
4144	369103	-277333
4145	375085	-277333
4146	381067	-277333
4147	387050	-277333
4148	393032	-277333
4149	399014	-277333
4150	404996	-277333
4151	410978	-277333
4152	416960	-277333
4153	422942	-277333
4154	428925	-277333
4155	434907	-277333
4156	440889	-277333
4157	446871	-277333
4158	452853	-277333
4159	458835	-277333
4160	464817	-277333
4161	470800	-277333
4162	470800	-281111
4163	464817	-281111
4164	458835	-281111
4165	452853	-281111
4166	446871	-281111
4167	440889	-281111
4168	434907	-281111
4169	428925	-281111
4170	422942	-281111
4171	416960	-281111
4172	410978	-281111
4173	404996	-281111
4174	399014	-281111
4175	393032	-281111
4176	387050	-281111
4177	381067	-281111
4178	375085	-281111
4179	369103	-281111
4180	363121	-281111
4181	357139	-281111
4182	351157	-281111
4183	345175	-281111
4184	339192	-281111
4185	333210	-281111
4186	327228	-281111
4187	321246	-281111
4188	315264	-281111
4189	309282	-281111
4190	303300	-281111
4191	297317	-281111
4192	291335	-281111
4193	285353	-281111
4194	279371	-281111
4195	273389	-281111
4196	267407	-281111
4197	261424	-281111
4198	255442	-281111
4199	249460	-281111
4200	243478	-281111
4201	237496	-281111
4202	231514	-281111
4203	225532	-281111
4204	219549	-281111
4205	213567	-281111
4206	207585	-281111
4207	201603	-281111
4208	195621	-281111
4209	189639	-281111
4210	183657	-281111
4211	177675	-281111
4212	171692	-281111
4213	165710	-281111
4214	159728	-281111
4215	153746	-281111
4216	147764	-281111
4217	141782	-281111
4218	135800	-281111
4219	135800	-284888
4220	141782	-284888
4221	147764	-284888
4222	153746	-284888
4223	159728	-284888
4224	165710	-284888
4225	171692	-284888
4226	177675	-284888
4227	183657	-284888
4228	189639	-284888
4229	195621	-284888
4230	201603	-284888
4231	207585	-284888
4232	213567	-284888
4233	219549	-284888
4234	225532	-284888
4235	231514	-284888
4236	237496	-284888
4237	243478	-284888
4238	249460	-284888
4239	255442	-284888
4240	261424	-284888
4241	267407	-284888
4242	273389	-284888
4243	279371	-284888
4244	285353	-284888
4245	291335	-284888
4246	297317	-284888
4247	303300	-284888
4248	309282	-284888
4249	315264	-284888
4250	321246	-284888
4251	327228	-284888
4252	333210	-284888
4253	339192	-284888
4254	345175	-284888
4255	351157	-284888
4256	357139	-284888
4257	363121	-284888
4258	369103	-284888
4259	375085	-284888
4260	381067	-284888
4261	387050	-284888
4262	393032	-284888
4263	399014	-284888
4264	404996	-284888
4265	410978	-284888
4266	416960	-284888
4267	422942	-284888
4268	428925	-284888
4269	434907	-284888
4270	440889	-284888
4271	446871	-284888
4272	452853	-284888
4273	458835	-284888
4274	464817	-284888
4275	470800	-284888
4276	470800	-288666
4277	464817	-288666
4278	458835	-288666
4279	452853	-288666
4280	446871	-288666
4281	440889	-288666
4282	434907	-288666
4283	428925	-288666
4284	422942	-288666
4285	416960	-288666
4286	410978	-288666
4287	404996	-288666
4288	399014	-288666
4289	393032	-288666
4290	387050	-288666
4291	381067	-288666
4292	375085	-288666
4293	369103	-288666
4294	363121	-288666
4295	357139	-288666
4296	351157	-288666
4297	345175	-288666
4298	339192	-288666
4299	333210	-288666
4300	327228	-288666
4301	321246	-288666
4302	315264	-288666
4303	309282	-288666
4304	303300	-288666
4305	297317	-288666
4306	291335	-288666
4307	285353	-288666
4308	279371	-288666
4309	273389	-288666
4310	267407	-288666
4311	261424	-288666
4312	255442	-288666
4313	249460	-288666
4314	243478	-288666
4315	237496	-288666
4316	231514	-288666
4317	225532	-288666
4318	219549	-288666
4319	213567	-288666
4320	207585	-288666
4321	201603	-288666
4322	195621	-288666
4323	189639	-288666
4324	189639	-292444
4325	195621	-292444
4326	201603	-292444
4327	207585	-292444
4328	213567	-292444
4329	219549	-292444
4330	225532	-292444
4331	231514	-292444
4332	237496	-292444
4333	243478	-292444
4334	249460	-292444
4335	255442	-292444
4336	261424	-292444
4337	267407	-292444
4338	273389	-292444
4339	279371	-292444
4340	285353	-292444
4341	291335	-292444
4342	297317	-292444
4343	303300	-292444
4344	309282	-292444
4345	315264	-292444
4346	321246	-292444
4347	327228	-292444
4348	333210	-292444
4349	339192	-292444
4350	345175	-292444
4351	351157	-292444
4352	357139	-292444
4353	363121	-292444
4354	369103	-292444
4355	375085	-292444
4356	381067	-292444
4357	387050	-292444
4358	393032	-292444
4359	399014	-292444
4360	404996	-292444
4361	410978	-292444
4362	416960	-292444
4363	416960	-296222
4364	410978	-296222
4365	404996	-296222
4366	399014	-296222
4367	393032	-296222
4368	387050	-296222
4369	381067	-296222
4370	375085	-296222
4371	369103	-296222
4372	363121	-296222
4373	357139	-296222
4374	351157	-296222
4375	345175	-296222
4376	339192	-296222
4377	333210	-296222
4378	327228	-296222
4379	321246	-296222
4380	315264	-296222
4381	309282	-296222
4382	303300	-296222
4383	297317	-296222
4384	291335	-296222
4385	285353	-296222
4386	279371	-296222
4387	273389	-296222
4388	267407	-296222
4389	261424	-296222
4390	255442	-296222
4391	249460	-296222
4392	243478	-296222
4393	237496	-296222
4394	231514	-296222
4395	225532	-296222
4396	219549	-296222
4397	213567	-296222
4398	207585	-296222
4399	201603	-296222
4400	195621	-296222
4401	189639	-296222
4402	189639	-299999
4403	195621	-299999
4404	201603	-299999
4405	207585	-299999
4406	213567	-299999
4407	219549	-299999
4408	225532	-299999
4409	231514	-299999
4410	237496	-299999
4411	243478	-299999
4412	249460	-299999
4413	255442	-299999
4414	261424	-299999
4415	267407	-299999
4416	273389	-299999
4417	279371	-299999
4418	285353	-299999
4419	291335	-299999
4420	297317	-299999
4421	303300	-299999
4422	309282	-299999
4423	315264	-299999
4424	321246	-299999
4425	327228	-299999
4426	333210	-299999
4427	339192	-299999
4428	345175	-299999
4429	351157	-299999
4430	357139	-299999
4431	363121	-299999
4432	369103	-299999
4433	375085	-299999
4434	381067	-299999
4435	387050	-299999
4436	393032	-299999
4437	399014	-299999
4438	404996	-299999
4439	410978	-299999
4440	416960	-299999
4441	416960	-303777
4442	410978	-303777
4443	404996	-303777
4444	399014	-303777
4445	393032	-303777
4446	387050	-303777
4447	381067	-303777
4448	375085	-303777
4449	369103	-303777
4450	363121	-303777
4451	357139	-303777
4452	351157	-303777
4453	345175	-303777
4454	339192	-303777
4455	333210	-303777
4456	327228	-303777
4457	321246	-303777
4458	315264	-303777
4459	309282	-303777
4460	303300	-303777
4461	297317	-303777
4462	291335	-303777
4463	285353	-303777
4464	279371	-303777
4465	273389	-303777
4466	267407	-303777
4467	261424	-303777
4468	255442	-303777
4469	249460	-303777
4470	243478	-303777
4471	237496	-303777
4472	231514	-303777
4473	225532	-303777
4474	219549	-303777
4475	213567	-303777
4476	207585	-303777
4477	201603	-303777
4478	195621	-303777
4479	189639	-303777
4480	189639	-307555
4481	195621	-307555
4482	201603	-307555
4483	207585	-307555
4484	213567	-307555
4485	219549	-307555
4486	225532	-307555
4487	231514	-307555
4488	237496	-307555
4489	243478	-307555
4490	249460	-307555
4491	255442	-307555
4492	261424	-307555
4493	267407	-307555
4494	273389	-307555
4495	279371	-307555
4496	285353	-307555
4497	291335	-307555
4498	297317	-307555
4499	303300	-307555
4500	309282	-307555
4501	315264	-307555
4502	321246	-307555
4503	327228	-307555
4504	333210	-307555
4505	339192	-307555
4506	345175	-307555
4507	351157	-307555
4508	357139	-307555
4509	363121	-307555
4510	369103	-307555
4511	375085	-307555
4512	381067	-307555
4513	387050	-307555
4514	393032	-307555
4515	399014	-307555
4516	404996	-307555
4517	410978	-307555
4518	416960	-307555
4519	416960	-311333
4520	410978	-311333
4521	404996	-311333
4522	399014	-311333
4523	393032	-311333
4524	387050	-311333
4525	381067	-311333
4526	375085	-311333
4527	369103	-311333
4528	363121	-311333
4529	357139	-311333
4530	351157	-311333
4531	345175	-311333
4532	339192	-311333
4533	333210	-311333
4534	327228	-311333
4535	321246	-311333
4536	315264	-311333
4537	309282	-311333
4538	303300	-311333
4539	297317	-311333
4540	291335	-311333
4541	285353	-311333
4542	279371	-311333
4543	273389	-311333
4544	267407	-311333
4545	261424	-311333
4546	255442	-311333
4547	249460	-311333
4548	243478	-311333
4549	237496	-311333
4550	231514	-311333
4551	225532	-311333
4552	219549	-311333
4553	213567	-311333
4554	207585	-311333
4555	201603	-311333
4556	195621	-311333
4557	189639	-311333
4558	189639	-315111
4559	195621	-315111
4560	201603	-315111
4561	207585	-315111
4562	213567	-315111
4563	219549	-315111
4564	225532	-315111
4565	231514	-315111
4566	237496	-315111
4567	243478	-315111
4568	249460	-315111
4569	255442	-315111
4570	261424	-315111
4571	267407	-315111
4572	273389	-315111
4573	279371	-315111
4574	285353	-315111
4575	291335	-315111
4576	297317	-315111
4577	303300	-315111
4578	309282	-315111
4579	315264	-315111
4580	321246	-315111
4581	327228	-315111
4582	333210	-315111
4583	339192	-315111
4584	345175	-315111
4585	351157	-315111
4586	357139	-315111
4587	363121	-315111
4588	369103	-315111
4589	375085	-315111
4590	381067	-315111
4591	387050	-315111
4592	393032	-315111
4593	399014	-315111
4594	404996	-315111
4595	410978	-315111
4596	416960	-315111
4597	416960	-318888
4598	410978	-318888
4599	404996	-318888
4600	399014	-318888
4601	393032	-318888
4602	387050	-318888
4603	381067	-318888
4604	375085	-318888
4605	369103	-318888
4606	363121	-318888
4607	357139	-318888
4608	351157	-318888
4609	345175	-318888
4610	339192	-318888
4611	333210	-318888
4612	327228	-318888
4613	321246	-318888
4614	315264	-318888
4615	309282	-318888
4616	303300	-318888
4617	297317	-318888
4618	291335	-318888
4619	285353	-318888
4620	279371	-318888
4621	273389	-318888
4622	267407	-318888
4623	261424	-318888
4624	255442	-318888
4625	249460	-318888
4626	243478	-318888
4627	237496	-318888
4628	231514	-318888
4629	225532	-318888
4630	219549	-318888
4631	213567	-318888
4632	207585	-318888
4633	201603	-318888
4634	195621	-318888
4635	189639	-318888
4636	189639	-322666
4637	195621	-322666
4638	201603	-322666
4639	207585	-322666
4640	213567	-322666
4641	219549	-322666
4642	225532	-322666
4643	231514	-322666
4644	237496	-322666
4645	243478	-322666
4646	249460	-322666
4647	255442	-322666
4648	261424	-322666
4649	267407	-322666
4650	273389	-322666
4651	279371	-322666
4652	285353	-322666
4653	291335	-322666
4654	297317	-322666
4655	303300	-322666
4656	309282	-322666
4657	315264	-322666
4658	321246	-322666
4659	327228	-322666
4660	333210	-322666
4661	339192	-322666
4662	345175	-322666
4663	351157	-322666
4664	357139	-322666
4665	363121	-322666
4666	369103	-322666
4667	375085	-322666
4668	381067	-322666
4669	387050	-322666
4670	393032	-322666
4671	399014	-322666
4672	404996	-322666
4673	410978	-322666
4674	416960	-322666
4675	416960	-326444
4676	410978	-326444
4677	404996	-326444
4678	399014	-326444
4679	393032	-326444
4680	387050	-326444
4681	381067	-326444
4682	375085	-326444
4683	369103	-326444
4684	363121	-326444
4685	357139	-326444
4686	351157	-326444
4687	345175	-326444
4688	339192	-326444
4689	333210	-326444
4690	327228	-326444
4691	321246	-326444
4692	315264	-326444
4693	309282	-326444
4694	303300	-326444
4695	297317	-326444
4696	291335	-326444
4697	285353	-326444
4698	279371	-326444
4699	273389	-326444
4700	267407	-326444
4701	261424	-326444
4702	255442	-326444
4703	249460	-326444
4704	243478	-326444
4705	237496	-326444
4706	231514	-326444
4707	225532	-326444
4708	219549	-326444
4709	213567	-326444
4710	207585	-326444
4711	201603	-326444
4712	195621	-326444
4713	189639	-326444
4714	189639	-330222
4715	195621	-330222
4716	201603	-330222
4717	207585	-330222
4718	213567	-330222
4719	219549	-330222
4720	225532	-330222
4721	231514	-330222
4722	237496	-330222
4723	243478	-330222
4724	249460	-330222
4725	255442	-330222
4726	261424	-330222
4727	267407	-330222
4728	273389	-330222
4729	279371	-330222
4730	285353	-330222
4731	291335	-330222
4732	297317	-330222
4733	303300	-330222
4734	309282	-330222
4735	315264	-330222
4736	321246	-330222
4737	327228	-330222
4738	333210	-330222
4739	339192	-330222
4740	345175	-330222
4741	351157	-330222
4742	357139	-330222
4743	363121	-330222
4744	369103	-330222
4745	375085	-330222
4746	381067	-330222
4747	387050	-330222
4748	393032	-330222
4749	399014	-330222
4750	404996	-330222
4751	410978	-330222
4752	416960	-330222
4753	416960	-333999
4754	410978	-333999
4755	404996	-333999
4756	399014	-333999
4757	393032	-333999
4758	387050	-333999
4759	381067	-333999
4760	375085	-333999
4761	369103	-333999
4762	363121	-333999
4763	357139	-333999
4764	351157	-333999
4765	345175	-333999
4766	339192	-333999
4767	333210	-333999
4768	327228	-333999
4769	321246	-333999
4770	315264	-333999
4771	309282	-333999
4772	303300	-333999
4773	297317	-333999
4774	291335	-333999
4775	285353	-333999
4776	279371	-333999
4777	273389	-333999
4778	267407	-333999
4779	261424	-333999
4780	255442	-333999
4781	249460	-333999
4782	243478	-333999
4783	237496	-333999
4784	231514	-333999
4785	225532	-333999
4786	219549	-333999
4787	213567	-333999
4788	207585	-333999
4789	201603	-333999
4790	195621	-333999
4791	189639	-333999
