1	419821	6000
2	412539	6000
3	405256	6000
4	397973	6000
5	390691	6000
6	383408	6000
7	376126	6000
8	368843	6000
9	361560	6000
10	354278	6000
11	346995	6000
12	339713	6000
13	332430	6000
14	325147	6000
15	317865	6000
16	310582	6000
17	303299	6000
18	296017	6000
19	288734	6000
20	281452	6000
21	274169	6000
22	266886	6000
23	259604	6000
24	252321	6000
25	245039	6000
26	237756	6000
27	230473	6000
28	223191	6000
29	215908	6000
30	208626	6000
31	201343	6000
32	194060	6000
33	186778	6000
34	186778	1952
35	194060	1952
36	201343	1952
37	208626	1952
38	215908	1952
39	223191	1952
40	230473	1952
41	237756	1952
42	245039	1952
43	252321	1952
44	259604	1952
45	266886	1952
46	274169	1952
47	281452	1952
48	288734	1952
49	296017	1952
50	303299	1952
51	310582	1952
52	317865	1952
53	325147	1952
54	332430	1952
55	339713	1952
56	346995	1952
57	354278	1952
58	361560	1952
59	368843	1952
60	376126	1952
61	383408	1952
62	390691	1952
63	397973	1952
64	405256	1952
65	412539	1952
66	419821	1952
67	419821	-2095
68	412539	-2095
69	405256	-2095
70	397973	-2095
71	390691	-2095
72	383408	-2095
73	376126	-2095
74	368843	-2095
75	361560	-2095
76	354278	-2095
77	346995	-2095
78	339713	-2095
79	332430	-2095
80	325147	-2095
81	317865	-2095
82	310582	-2095
83	303299	-2095
84	296017	-2095
85	288734	-2095
86	281452	-2095
87	274169	-2095
88	266886	-2095
89	259604	-2095
90	252321	-2095
91	245039	-2095
92	237756	-2095
93	230473	-2095
94	223191	-2095
95	215908	-2095
96	208626	-2095
97	201343	-2095
98	194060	-2095
99	186778	-2095
100	186778	-6142
101	194060	-6142
102	201343	-6142
103	208626	-6142
104	215908	-6142
105	223191	-6142
106	230473	-6142
107	237756	-6142
108	245039	-6142
109	252321	-6142
110	259604	-6142
111	266886	-6142
112	274169	-6142
113	281452	-6142
114	288734	-6142
115	296017	-6142
116	303299	-6142
117	310582	-6142
118	317865	-6142
119	325147	-6142
120	332430	-6142
121	339713	-6142
122	346995	-6142
123	354278	-6142
124	361560	-6142
125	368843	-6142
126	376126	-6142
127	383408	-6142
128	390691	-6142
129	397973	-6142
130	405256	-6142
131	412539	-6142
132	419821	-6142
133	419821	-10190
134	412539	-10190
135	405256	-10190
136	397973	-10190
137	390691	-10190
138	383408	-10190
139	376126	-10190
140	368843	-10190
141	361560	-10190
142	354278	-10190
143	346995	-10190
144	339713	-10190
145	332430	-10190
146	325147	-10190
147	317865	-10190
148	310582	-10190
149	303299	-10190
150	296017	-10190
151	288734	-10190
152	281452	-10190
153	274169	-10190
154	266886	-10190
155	259604	-10190
156	252321	-10190
157	245039	-10190
158	237756	-10190
159	230473	-10190
160	223191	-10190
161	215908	-10190
162	208626	-10190
163	201343	-10190
164	194060	-10190
165	186778	-10190
166	186778	-14238
167	194060	-14238
168	201343	-14238
169	208626	-14238
170	215908	-14238
171	223191	-14238
172	230473	-14238
173	237756	-14238
174	245039	-14238
175	252321	-14238
176	259604	-14238
177	266886	-14238
178	274169	-14238
179	281452	-14238
180	288734	-14238
181	296017	-14238
182	303299	-14238
183	310582	-14238
184	317865	-14238
185	325147	-14238
186	332430	-14238
187	339713	-14238
188	346995	-14238
189	354278	-14238
190	361560	-14238
191	368843	-14238
192	376126	-14238
193	383408	-14238
194	390691	-14238
195	397973	-14238
196	405256	-14238
197	412539	-14238
198	419821	-14238
199	419821	-18285
200	412539	-18285
201	405256	-18285
202	397973	-18285
203	390691	-18285
204	383408	-18285
205	376126	-18285
206	368843	-18285
207	361560	-18285
208	354278	-18285
209	346995	-18285
210	339713	-18285
211	332430	-18285
212	325147	-18285
213	317865	-18285
214	310582	-18285
215	303299	-18285
216	296017	-18285
217	288734	-18285
218	281452	-18285
219	274169	-18285
220	266886	-18285
221	259604	-18285
222	252321	-18285
223	245039	-18285
224	237756	-18285
225	230473	-18285
226	223191	-18285
227	215908	-18285
228	208626	-18285
229	201343	-18285
230	194060	-18285
231	186778	-18285
232	186778	-22333
233	194060	-22333
234	201343	-22333
235	208626	-22333
236	215908	-22333
237	223191	-22333
238	230473	-22333
239	237756	-22333
240	245039	-22333
241	252321	-22333
242	259604	-22333
243	266886	-22333
244	274169	-22333
245	281452	-22333
246	288734	-22333
247	296017	-22333
248	303299	-22333
249	310582	-22333
250	317865	-22333
251	325147	-22333
252	332430	-22333
253	339713	-22333
254	346995	-22333
255	354278	-22333
256	361560	-22333
257	368843	-22333
258	376126	-22333
259	383408	-22333
260	390691	-22333
261	397973	-22333
262	405256	-22333
263	412539	-22333
264	419821	-22333
265	419821	-26380
266	412539	-26380
267	405256	-26380
268	397973	-26380
269	390691	-26380
270	383408	-26380
271	376126	-26380
272	368843	-26380
273	361560	-26380
274	354278	-26380
275	346995	-26380
276	339713	-26380
277	332430	-26380
278	325147	-26380
279	317865	-26380
280	310582	-26380
281	303299	-26380
282	296017	-26380
283	288734	-26380
284	281452	-26380
285	274169	-26380
286	266886	-26380
287	259604	-26380
288	252321	-26380
289	245039	-26380
290	237756	-26380
291	230473	-26380
292	223191	-26380
293	215908	-26380
294	208626	-26380
295	201343	-26380
296	194060	-26380
297	186778	-26380
298	179495	-26380
299	172213	-26380
300	164930	-26380
301	157647	-26380
302	150365	-26380
303	143082	-26380
304	135799	-26380
305	135799	-30428
306	143082	-30428
307	150365	-30428
308	157647	-30428
309	164930	-30428
310	172213	-30428
311	179495	-30428
312	186778	-30428
313	194060	-30428
314	201343	-30428
315	208626	-30428
316	215908	-30428
317	223191	-30428
318	230473	-30428
319	237756	-30428
320	245039	-30428
321	252321	-30428
322	259604	-30428
323	266886	-30428
324	274169	-30428
325	281452	-30428
326	288734	-30428
327	296017	-30428
328	303299	-30428
329	310582	-30428
330	317865	-30428
331	325147	-30428
332	332430	-30428
333	339713	-30428
334	346995	-30428
335	354278	-30428
336	361560	-30428
337	368843	-30428
338	376126	-30428
339	383408	-30428
340	390691	-30428
341	397973	-30428
342	405256	-30428
343	412539	-30428
344	419821	-30428
345	427104	-30428
346	434386	-30428
347	441669	-30428
348	448952	-30428
349	456234	-30428
350	463517	-30428
351	470800	-30428
352	470800	-34476
353	463517	-34476
354	456234	-34476
355	448952	-34476
356	441669	-34476
357	434386	-34476
358	427104	-34476
359	419821	-34476
360	412539	-34476
361	405256	-34476
362	397973	-34476
363	390691	-34476
364	383408	-34476
365	376126	-34476
366	368843	-34476
367	361560	-34476
368	354278	-34476
369	346995	-34476
370	339713	-34476
371	332430	-34476
372	325147	-34476
373	317865	-34476
374	310582	-34476
375	303299	-34476
376	296017	-34476
377	288734	-34476
378	281452	-34476
379	274169	-34476
380	266886	-34476
381	259604	-34476
382	252321	-34476
383	245039	-34476
384	237756	-34476
385	230473	-34476
386	223191	-34476
387	215908	-34476
388	208626	-34476
389	201343	-34476
390	194060	-34476
391	186778	-34476
392	179495	-34476
393	172213	-34476
394	164930	-34476
395	157647	-34476
396	150365	-34476
397	143082	-34476
398	135799	-34476
399	135799	-38523
400	143082	-38523
401	150365	-38523
402	157647	-38523
403	164930	-38523
404	172213	-38523
405	179495	-38523
406	186778	-38523
407	194060	-38523
408	201343	-38523
409	208626	-38523
410	215908	-38523
411	223191	-38523
412	230473	-38523
413	237756	-38523
414	245039	-38523
415	252321	-38523
416	259604	-38523
417	266886	-38523
418	274169	-38523
419	281452	-38523
420	288734	-38523
421	296017	-38523
422	303299	-38523
423	310582	-38523
424	317865	-38523
425	325147	-38523
426	332430	-38523
427	339713	-38523
428	346995	-38523
429	354278	-38523
430	361560	-38523
431	368843	-38523
432	376126	-38523
433	383408	-38523
434	390691	-38523
435	397973	-38523
436	405256	-38523
437	412539	-38523
438	419821	-38523
439	427104	-38523
440	434386	-38523
441	441669	-38523
442	448952	-38523
443	456234	-38523
444	463517	-38523
445	470800	-38523
446	470800	-42571
447	463517	-42571
448	456234	-42571
449	448952	-42571
450	441669	-42571
451	434386	-42571
452	427104	-42571
453	419821	-42571
454	412539	-42571
455	405256	-42571
456	397973	-42571
457	390691	-42571
458	383408	-42571
459	376126	-42571
460	368843	-42571
461	361560	-42571
462	354278	-42571
463	346995	-42571
464	339713	-42571
465	332430	-42571
466	325147	-42571
467	317865	-42571
468	310582	-42571
469	303299	-42571
470	296017	-42571
471	288734	-42571
472	281452	-42571
473	274169	-42571
474	266886	-42571
475	259604	-42571
476	252321	-42571
477	245039	-42571
478	237756	-42571
479	230473	-42571
480	223191	-42571
481	215908	-42571
482	208626	-42571
483	201343	-42571
484	194060	-42571
485	186778	-42571
486	179495	-42571
487	172213	-42571
488	164930	-42571
489	157647	-42571
490	150365	-42571
491	143082	-42571
492	135799	-42571
493	135799	-46619
494	143082	-46619
495	150365	-46619
496	157647	-46619
497	164930	-46619
498	172213	-46619
499	179495	-46619
500	186778	-46619
501	194060	-46619
502	201343	-46619
503	208626	-46619
504	215908	-46619
505	223191	-46619
506	230473	-46619
507	237756	-46619
508	245039	-46619
509	252321	-46619
510	259604	-46619
511	266886	-46619
512	274169	-46619
513	281452	-46619
514	288734	-46619
515	296017	-46619
516	303299	-46619
517	310582	-46619
518	317865	-46619
519	325147	-46619
520	332430	-46619
521	339713	-46619
522	346995	-46619
523	354278	-46619
524	361560	-46619
525	368843	-46619
526	376126	-46619
527	383408	-46619
528	390691	-46619
529	397973	-46619
530	405256	-46619
531	412539	-46619
532	419821	-46619
533	427104	-46619
534	434386	-46619
535	441669	-46619
536	448952	-46619
537	456234	-46619
538	463517	-46619
539	470800	-46619
540	470800	-50666
541	463517	-50666
542	456234	-50666
543	448952	-50666
544	441669	-50666
545	434386	-50666
546	427104	-50666
547	419821	-50666
548	412539	-50666
549	405256	-50666
550	397973	-50666
551	390691	-50666
552	383408	-50666
553	376126	-50666
554	368843	-50666
555	361560	-50666
556	354278	-50666
557	346995	-50666
558	339713	-50666
559	332430	-50666
560	325147	-50666
561	317865	-50666
562	310582	-50666
563	303299	-50666
564	296017	-50666
565	288734	-50666
566	281452	-50666
567	274169	-50666
568	266886	-50666
569	259604	-50666
570	252321	-50666
571	245039	-50666
572	237756	-50666
573	230473	-50666
574	223191	-50666
575	215908	-50666
576	208626	-50666
577	201343	-50666
578	194060	-50666
579	186778	-50666
580	179495	-50666
581	172213	-50666
582	164930	-50666
583	157647	-50666
584	150365	-50666
585	143082	-50666
586	135799	-50666
587	135799	-54714
588	143082	-54714
589	150365	-54714
590	157647	-54714
591	164930	-54714
592	172213	-54714
593	179495	-54714
594	186778	-54714
595	194060	-54714
596	201343	-54714
597	208626	-54714
598	215908	-54714
599	223191	-54714
600	230473	-54714
601	237756	-54714
602	245039	-54714
603	252321	-54714
604	259604	-54714
605	266886	-54714
606	274169	-54714
607	281452	-54714
608	288734	-54714
609	296017	-54714
610	303299	-54714
611	310582	-54714
612	317865	-54714
613	325147	-54714
614	332430	-54714
615	339713	-54714
616	346995	-54714
617	354278	-54714
618	361560	-54714
619	368843	-54714
620	376126	-54714
621	383408	-54714
622	390691	-54714
623	397973	-54714
624	405256	-54714
625	412539	-54714
626	419821	-54714
627	427104	-54714
628	434386	-54714
629	441669	-54714
630	448952	-54714
631	456234	-54714
632	463517	-54714
633	470800	-54714
634	470800	-58761
635	463517	-58761
636	456234	-58761
637	448952	-58761
638	441669	-58761
639	434386	-58761
640	427104	-58761
641	419821	-58761
642	412539	-58761
643	405256	-58761
644	397973	-58761
645	390691	-58761
646	383408	-58761
647	376126	-58761
648	368843	-58761
649	361560	-58761
650	354278	-58761
651	346995	-58761
652	339713	-58761
653	332430	-58761
654	325147	-58761
655	317865	-58761
656	310582	-58761
657	303299	-58761
658	296017	-58761
659	288734	-58761
660	281452	-58761
661	274169	-58761
662	266886	-58761
663	259604	-58761
664	252321	-58761
665	245039	-58761
666	237756	-58761
667	230473	-58761
668	223191	-58761
669	215908	-58761
670	208626	-58761
671	201343	-58761
672	194060	-58761
673	186778	-58761
674	179495	-58761
675	172213	-58761
676	164930	-58761
677	157647	-58761
678	150365	-58761
679	143082	-58761
680	135799	-58761
681	135799	-62809
682	143082	-62809
683	150365	-62809
684	157647	-62809
685	164930	-62809
686	172213	-62809
687	179495	-62809
688	186778	-62809
689	194060	-62809
690	201343	-62809
691	208626	-62809
692	215908	-62809
693	223191	-62809
694	230473	-62809
695	237756	-62809
696	245039	-62809
697	252321	-62809
698	259604	-62809
699	266886	-62809
700	274169	-62809
701	281452	-62809
702	288734	-62809
703	296017	-62809
704	303299	-62809
705	310582	-62809
706	317865	-62809
707	325147	-62809
708	332430	-62809
709	339713	-62809
710	346995	-62809
711	354278	-62809
712	361560	-62809
713	368843	-62809
714	376126	-62809
715	383408	-62809
716	390691	-62809
717	397973	-62809
718	405256	-62809
719	412539	-62809
720	419821	-62809
721	427104	-62809
722	434386	-62809
723	441669	-62809
724	448952	-62809
725	456234	-62809
726	463517	-62809
727	470800	-62809
728	470800	-66857
729	463517	-66857
730	456234	-66857
731	448952	-66857
732	441669	-66857
733	434386	-66857
734	427104	-66857
735	419821	-66857
736	412539	-66857
737	405256	-66857
738	397973	-66857
739	390691	-66857
740	383408	-66857
741	376126	-66857
742	368843	-66857
743	361560	-66857
744	354278	-66857
745	346995	-66857
746	339713	-66857
747	332430	-66857
748	325147	-66857
749	317865	-66857
750	310582	-66857
751	303299	-66857
752	296017	-66857
753	288734	-66857
754	281452	-66857
755	274169	-66857
756	266886	-66857
757	259604	-66857
758	252321	-66857
759	245039	-66857
760	237756	-66857
761	230473	-66857
762	223191	-66857
763	215908	-66857
764	208626	-66857
765	201343	-66857
766	194060	-66857
767	186778	-66857
768	179495	-66857
769	172213	-66857
770	164930	-66857
771	157647	-66857
772	150365	-66857
773	143082	-66857
774	135799	-66857
775	135799	-70904
776	143082	-70904
777	150365	-70904
778	157647	-70904
779	164930	-70904
780	172213	-70904
781	179495	-70904
782	186778	-70904
783	194060	-70904
784	201343	-70904
785	208626	-70904
786	215908	-70904
787	223191	-70904
788	230473	-70904
789	237756	-70904
790	245039	-70904
791	252321	-70904
792	259604	-70904
793	266886	-70904
794	274169	-70904
795	281452	-70904
796	288734	-70904
797	296017	-70904
798	303299	-70904
799	310582	-70904
800	317865	-70904
801	325147	-70904
802	332430	-70904
803	339713	-70904
804	346995	-70904
805	354278	-70904
806	361560	-70904
807	368843	-70904
808	376126	-70904
809	383408	-70904
810	390691	-70904
811	397973	-70904
812	405256	-70904
813	412539	-70904
814	419821	-70904
815	427104	-70904
816	434386	-70904
817	441669	-70904
818	448952	-70904
819	456234	-70904
820	463517	-70904
821	470800	-70904
822	470800	-74952
823	463517	-74952
824	456234	-74952
825	448952	-74952
826	441669	-74952
827	434386	-74952
828	427104	-74952
829	419821	-74952
830	412539	-74952
831	405256	-74952
832	397973	-74952
833	390691	-74952
834	383408	-74952
835	376126	-74952
836	368843	-74952
837	361560	-74952
838	354278	-74952
839	346995	-74952
840	339713	-74952
841	332430	-74952
842	325147	-74952
843	317865	-74952
844	310582	-74952
845	303299	-74952
846	296017	-74952
847	288734	-74952
848	281452	-74952
849	274169	-74952
850	266886	-74952
851	259604	-74952
852	252321	-74952
853	245039	-74952
854	237756	-74952
855	230473	-74952
856	223191	-74952
857	215908	-74952
858	208626	-74952
859	201343	-74952
860	194060	-74952
861	186778	-74952
862	179495	-74952
863	172213	-74952
864	164930	-74952
865	157647	-74952
866	150365	-74952
867	143082	-74952
868	135799	-74952
869	135799	-79000
870	143082	-79000
871	150365	-79000
872	157647	-79000
873	164930	-79000
874	172213	-79000
875	179495	-79000
876	186778	-79000
877	194060	-79000
878	201343	-79000
879	208626	-79000
880	215908	-79000
881	223191	-79000
882	230473	-79000
883	237756	-79000
884	245039	-79000
885	252321	-79000
886	259604	-79000
887	266886	-79000
888	274169	-79000
889	281452	-79000
890	288734	-79000
891	296017	-79000
892	303299	-79000
893	310582	-79000
894	317865	-79000
895	325147	-79000
896	332430	-79000
897	339713	-79000
898	346995	-79000
899	354278	-79000
900	361560	-79000
901	368843	-79000
902	376126	-79000
903	383408	-79000
904	390691	-79000
905	397973	-79000
906	405256	-79000
907	412539	-79000
908	419821	-79000
909	427104	-79000
910	434386	-79000
911	441669	-79000
912	448952	-79000
913	456234	-79000
914	463517	-79000
915	470800	-79000
916	470800	-83047
917	463517	-83047
918	456234	-83047
919	448952	-83047
920	441669	-83047
921	434386	-83047
922	427104	-83047
923	419821	-83047
924	412539	-83047
925	405256	-83047
926	397973	-83047
927	390691	-83047
928	383408	-83047
929	376126	-83047
930	368843	-83047
931	361560	-83047
932	354278	-83047
933	346995	-83047
934	339713	-83047
935	332430	-83047
936	325147	-83047
937	317865	-83047
938	310582	-83047
939	303299	-83047
940	296017	-83047
941	288734	-83047
942	281452	-83047
943	274169	-83047
944	266886	-83047
945	259604	-83047
946	252321	-83047
947	245039	-83047
948	237756	-83047
949	230473	-83047
950	223191	-83047
951	215908	-83047
952	208626	-83047
953	201343	-83047
954	194060	-83047
955	186778	-83047
956	179495	-83047
957	172213	-83047
958	164930	-83047
959	157647	-83047
960	150365	-83047
961	143082	-83047
962	135799	-83047
963	135799	-87095
964	143082	-87095
965	150365	-87095
966	157647	-87095
967	164930	-87095
968	172213	-87095
969	179495	-87095
970	186778	-87095
971	194060	-87095
972	201343	-87095
973	208626	-87095
974	215908	-87095
975	223191	-87095
976	230473	-87095
977	237756	-87095
978	245039	-87095
979	252321	-87095
980	259604	-87095
981	266886	-87095
982	274169	-87095
983	281452	-87095
984	288734	-87095
985	296017	-87095
986	303299	-87095
987	310582	-87095
988	317865	-87095
989	325147	-87095
990	332430	-87095
991	339713	-87095
992	346995	-87095
993	354278	-87095
994	361560	-87095
995	368843	-87095
996	376126	-87095
997	383408	-87095
998	390691	-87095
999	397973	-87095
1000	405256	-87095
1001	412539	-87095
1002	419821	-87095
1003	427104	-87095
1004	434386	-87095
1005	441669	-87095
1006	448952	-87095
1007	456234	-87095
1008	463517	-87095
1009	470800	-87095
1010	470800	-91142
1011	463517	-91142
1012	456234	-91142
1013	448952	-91142
1014	441669	-91142
1015	434386	-91142
1016	427104	-91142
1017	419821	-91142
1018	412539	-91142
1019	405256	-91142
1020	397973	-91142
1021	390691	-91142
1022	383408	-91142
1023	376126	-91142
1024	368843	-91142
1025	361560	-91142
1026	354278	-91142
1027	346995	-91142
1028	339713	-91142
1029	332430	-91142
1030	325147	-91142
1031	317865	-91142
1032	310582	-91142
1033	303299	-91142
1034	296017	-91142
1035	288734	-91142
1036	281452	-91142
1037	274169	-91142
1038	266886	-91142
1039	259604	-91142
1040	252321	-91142
1041	245039	-91142
1042	237756	-91142
1043	230473	-91142
1044	223191	-91142
1045	215908	-91142
1046	208626	-91142
1047	201343	-91142
1048	194060	-91142
1049	186778	-91142
1050	179495	-91142
1051	172213	-91142
1052	164930	-91142
1053	157647	-91142
1054	150365	-91142
1055	143082	-91142
1056	135799	-91142
1057	135799	-95190
1058	143082	-95190
1059	150365	-95190
1060	157647	-95190
1061	164930	-95190
1062	172213	-95190
1063	179495	-95190
1064	186778	-95190
1065	194060	-95190
1066	201343	-95190
1067	208626	-95190
1068	215908	-95190
1069	223191	-95190
1070	230473	-95190
1071	237756	-95190
1072	245039	-95190
1073	252321	-95190
1074	259604	-95190
1075	266886	-95190
1076	274169	-95190
1077	281452	-95190
1078	288734	-95190
1079	296017	-95190
1080	303299	-95190
1081	310582	-95190
1082	317865	-95190
1083	325147	-95190
1084	332430	-95190
1085	339713	-95190
1086	346995	-95190
1087	354278	-95190
1088	361560	-95190
1089	368843	-95190
1090	376126	-95190
1091	383408	-95190
1092	390691	-95190
1093	397973	-95190
1094	405256	-95190
1095	412539	-95190
1096	419821	-95190
1097	427104	-95190
1098	434386	-95190
1099	441669	-95190
1100	448952	-95190
1101	456234	-95190
1102	463517	-95190
1103	470800	-95190
1104	470800	-99238
1105	463517	-99238
1106	456234	-99238
1107	448952	-99238
1108	441669	-99238
1109	434386	-99238
1110	427104	-99238
1111	419821	-99238
1112	412539	-99238
1113	405256	-99238
1114	397973	-99238
1115	390691	-99238
1116	383408	-99238
1117	376126	-99238
1118	368843	-99238
1119	361560	-99238
1120	354278	-99238
1121	346995	-99238
1122	339713	-99238
1123	332430	-99238
1124	325147	-99238
1125	317865	-99238
1126	310582	-99238
1127	303299	-99238
1128	296017	-99238
1129	288734	-99238
1130	281452	-99238
1131	274169	-99238
1132	266886	-99238
1133	259604	-99238
1134	252321	-99238
1135	245039	-99238
1136	237756	-99238
1137	230473	-99238
1138	223191	-99238
1139	215908	-99238
1140	208626	-99238
1141	201343	-99238
1142	194060	-99238
1143	186778	-99238
1144	179495	-99238
1145	172213	-99238
1146	164930	-99238
1147	157647	-99238
1148	150365	-99238
1149	143082	-99238
1150	135799	-99238
1151	135799	-103285
1152	143082	-103285
1153	150365	-103285
1154	157647	-103285
1155	164930	-103285
1156	172213	-103285
1157	179495	-103285
1158	186778	-103285
1159	194060	-103285
1160	201343	-103285
1161	208626	-103285
1162	215908	-103285
1163	223191	-103285
1164	230473	-103285
1165	237756	-103285
1166	245039	-103285
1167	252321	-103285
1168	259604	-103285
1169	266886	-103285
1170	274169	-103285
1171	281452	-103285
1172	288734	-103285
1173	296017	-103285
1174	303299	-103285
1175	310582	-103285
1176	317865	-103285
1177	325147	-103285
1178	332430	-103285
1179	339713	-103285
1180	346995	-103285
1181	354278	-103285
1182	361560	-103285
1183	368843	-103285
1184	376126	-103285
1185	383408	-103285
1186	390691	-103285
1187	397973	-103285
1188	405256	-103285
1189	412539	-103285
1190	419821	-103285
1191	427104	-103285
1192	434386	-103285
1193	441669	-103285
1194	448952	-103285
1195	456234	-103285
1196	463517	-103285
1197	470800	-103285
1198	470800	-107333
1199	463517	-107333
1200	456234	-107333
1201	448952	-107333
1202	441669	-107333
1203	434386	-107333
1204	427104	-107333
1205	419821	-107333
1206	412539	-107333
1207	405256	-107333
1208	397973	-107333
1209	390691	-107333
1210	383408	-107333
1211	376126	-107333
1212	368843	-107333
1213	361560	-107333
1214	354278	-107333
1215	346995	-107333
1216	339713	-107333
1217	332430	-107333
1218	325147	-107333
1219	317865	-107333
1220	310582	-107333
1221	303299	-107333
1222	296017	-107333
1223	288734	-107333
1224	281452	-107333
1225	274169	-107333
1226	266886	-107333
1227	259604	-107333
1228	252321	-107333
1229	245039	-107333
1230	237756	-107333
1231	230473	-107333
1232	223191	-107333
1233	215908	-107333
1234	208626	-107333
1235	201343	-107333
1236	194060	-107333
1237	186778	-107333
1238	179495	-107333
1239	172213	-107333
1240	164930	-107333
1241	157647	-107333
1242	150365	-107333
1243	143082	-107333
1244	135799	-107333
1245	135799	-111380
1246	143082	-111380
1247	150365	-111380
1248	157647	-111380
1249	164930	-111380
1250	172213	-111380
1251	179495	-111380
1252	186778	-111380
1253	194060	-111380
1254	201343	-111380
1255	208626	-111380
1256	215908	-111380
1257	223191	-111380
1258	230473	-111380
1259	237756	-111380
1260	245039	-111380
1261	252321	-111380
1262	259604	-111380
1263	266886	-111380
1264	274169	-111380
1265	281452	-111380
1266	288734	-111380
1267	296017	-111380
1268	303299	-111380
1269	310582	-111380
1270	317865	-111380
1271	325147	-111380
1272	332430	-111380
1273	339713	-111380
1274	346995	-111380
1275	354278	-111380
1276	361560	-111380
1277	368843	-111380
1278	376126	-111380
1279	383408	-111380
1280	390691	-111380
1281	397973	-111380
1282	405256	-111380
1283	412539	-111380
1284	419821	-111380
1285	427104	-111380
1286	434386	-111380
1287	441669	-111380
1288	448952	-111380
1289	456234	-111380
1290	463517	-111380
1291	470800	-111380
1292	470800	-115428
1293	463517	-115428
1294	456234	-115428
1295	448952	-115428
1296	441669	-115428
1297	434386	-115428
1298	427104	-115428
1299	419821	-115428
1300	412539	-115428
1301	405256	-115428
1302	397973	-115428
1303	390691	-115428
1304	383408	-115428
1305	376126	-115428
1306	368843	-115428
1307	361560	-115428
1308	354278	-115428
1309	346995	-115428
1310	339713	-115428
1311	332430	-115428
1312	325147	-115428
1313	317865	-115428
1314	310582	-115428
1315	303299	-115428
1316	296017	-115428
1317	288734	-115428
1318	281452	-115428
1319	274169	-115428
1320	266886	-115428
1321	259604	-115428
1322	252321	-115428
1323	245039	-115428
1324	237756	-115428
1325	230473	-115428
1326	223191	-115428
1327	215908	-115428
1328	208626	-115428
1329	201343	-115428
1330	194060	-115428
1331	186778	-115428
1332	179495	-115428
1333	172213	-115428
1334	164930	-115428
1335	157647	-115428
1336	150365	-115428
1337	143082	-115428
1338	135799	-115428
1339	135799	-119476
1340	143082	-119476
1341	150365	-119476
1342	157647	-119476
1343	164930	-119476
1344	172213	-119476
1345	179495	-119476
1346	186778	-119476
1347	194060	-119476
1348	201343	-119476
1349	208626	-119476
1350	215908	-119476
1351	223191	-119476
1352	230473	-119476
1353	237756	-119476
1354	245039	-119476
1355	252321	-119476
1356	259604	-119476
1357	266886	-119476
1358	274169	-119476
1359	281452	-119476
1360	288734	-119476
1361	296017	-119476
1362	303299	-119476
1363	310582	-119476
1364	317865	-119476
1365	325147	-119476
1366	332430	-119476
1367	339713	-119476
1368	346995	-119476
1369	354278	-119476
1370	361560	-119476
1371	368843	-119476
1372	376126	-119476
1373	383408	-119476
1374	390691	-119476
1375	397973	-119476
1376	405256	-119476
1377	412539	-119476
1378	419821	-119476
1379	427104	-119476
1380	434386	-119476
1381	441669	-119476
1382	448952	-119476
1383	456234	-119476
1384	463517	-119476
1385	470800	-119476
1386	470800	-123523
1387	463517	-123523
1388	456234	-123523
1389	448952	-123523
1390	441669	-123523
1391	434386	-123523
1392	427104	-123523
1393	419821	-123523
1394	412539	-123523
1395	405256	-123523
1396	397973	-123523
1397	390691	-123523
1398	383408	-123523
1399	376126	-123523
1400	368843	-123523
1401	361560	-123523
1402	354278	-123523
1403	346995	-123523
1404	339713	-123523
1405	332430	-123523
1406	325147	-123523
1407	317865	-123523
1408	310582	-123523
1409	303299	-123523
1410	296017	-123523
1411	288734	-123523
1412	281452	-123523
1413	274169	-123523
1414	266886	-123523
1415	259604	-123523
1416	252321	-123523
1417	245039	-123523
1418	237756	-123523
1419	230473	-123523
1420	223191	-123523
1421	215908	-123523
1422	208626	-123523
1423	201343	-123523
1424	194060	-123523
1425	186778	-123523
1426	179495	-123523
1427	172213	-123523
1428	164930	-123523
1429	157647	-123523
1430	150365	-123523
1431	143082	-123523
1432	135799	-123523
1433	135799	-127571
1434	143082	-127571
1435	150365	-127571
1436	157647	-127571
1437	164930	-127571
1438	172213	-127571
1439	179495	-127571
1440	186778	-127571
1441	194060	-127571
1442	201343	-127571
1443	208626	-127571
1444	215908	-127571
1445	223191	-127571
1446	230473	-127571
1447	237756	-127571
1448	245039	-127571
1449	252321	-127571
1450	259604	-127571
1451	266886	-127571
1452	274169	-127571
1453	281452	-127571
1454	288734	-127571
1455	296017	-127571
1456	303299	-127571
1457	310582	-127571
1458	317865	-127571
1459	325147	-127571
1460	332430	-127571
1461	339713	-127571
1462	346995	-127571
1463	354278	-127571
1464	361560	-127571
1465	368843	-127571
1466	376126	-127571
1467	383408	-127571
1468	390691	-127571
1469	397973	-127571
1470	405256	-127571
1471	412539	-127571
1472	419821	-127571
1473	427104	-127571
1474	434386	-127571
1475	441669	-127571
1476	448952	-127571
1477	456234	-127571
1478	463517	-127571
1479	470800	-127571
1480	470800	-131619
1481	463517	-131619
1482	456234	-131619
1483	448952	-131619
1484	441669	-131619
1485	434386	-131619
1486	427104	-131619
1487	419821	-131619
1488	412539	-131619
1489	405256	-131619
1490	397973	-131619
1491	390691	-131619
1492	383408	-131619
1493	376126	-131619
1494	368843	-131619
1495	361560	-131619
1496	354278	-131619
1497	346995	-131619
1498	339713	-131619
1499	332430	-131619
1500	325147	-131619
1501	317865	-131619
1502	310582	-131619
1503	303299	-131619
1504	296017	-131619
1505	288734	-131619
1506	281452	-131619
1507	274169	-131619
1508	266886	-131619
1509	259604	-131619
1510	252321	-131619
1511	245039	-131619
1512	237756	-131619
1513	230473	-131619
1514	223191	-131619
1515	215908	-131619
1516	208626	-131619
1517	201343	-131619
1518	194060	-131619
1519	186778	-131619
1520	179495	-131619
1521	172213	-131619
1522	164930	-131619
1523	157647	-131619
1524	150365	-131619
1525	143082	-131619
1526	135799	-131619
1527	135799	-135666
1528	143082	-135666
1529	150365	-135666
1530	157647	-135666
1531	164930	-135666
1532	172213	-135666
1533	179495	-135666
1534	186778	-135666
1535	194060	-135666
1536	201343	-135666
1537	208626	-135666
1538	215908	-135666
1539	223191	-135666
1540	230473	-135666
1541	237756	-135666
1542	245039	-135666
1543	252321	-135666
1544	259604	-135666
1545	266886	-135666
1546	274169	-135666
1547	281452	-135666
1548	288734	-135666
1549	296017	-135666
1550	303299	-135666
1551	310582	-135666
1552	317865	-135666
1553	325147	-135666
1554	332430	-135666
1555	339713	-135666
1556	346995	-135666
1557	354278	-135666
1558	361560	-135666
1559	368843	-135666
1560	376126	-135666
1561	383408	-135666
1562	390691	-135666
1563	397973	-135666
1564	405256	-135666
1565	412539	-135666
1566	419821	-135666
1567	427104	-135666
1568	434386	-135666
1569	441669	-135666
1570	448952	-135666
1571	456234	-135666
1572	463517	-135666
1573	470800	-135666
1574	470800	-139714
1575	463517	-139714
1576	456234	-139714
1577	448952	-139714
1578	441669	-139714
1579	434386	-139714
1580	427104	-139714
1581	419821	-139714
1582	412539	-139714
1583	405256	-139714
1584	397973	-139714
1585	390691	-139714
1586	383408	-139714
1587	376126	-139714
1588	368843	-139714
1589	361560	-139714
1590	354278	-139714
1591	346995	-139714
1592	339713	-139714
1593	332430	-139714
1594	325147	-139714
1595	317865	-139714
1596	310582	-139714
1597	303299	-139714
1598	296017	-139714
1599	288734	-139714
1600	281452	-139714
1601	274169	-139714
1602	266886	-139714
1603	259604	-139714
1604	252321	-139714
1605	245039	-139714
1606	237756	-139714
1607	230473	-139714
1608	223191	-139714
1609	215908	-139714
1610	208626	-139714
1611	201343	-139714
1612	194060	-139714
1613	186778	-139714
1614	179495	-139714
1615	172213	-139714
1616	164930	-139714
1617	157647	-139714
1618	150365	-139714
1619	143082	-139714
1620	135799	-139714
1621	135799	-143761
1622	143082	-143761
1623	150365	-143761
1624	157647	-143761
1625	164930	-143761
1626	172213	-143761
1627	179495	-143761
1628	186778	-143761
1629	194060	-143761
1630	201343	-143761
1631	208626	-143761
1632	215908	-143761
1633	223191	-143761
1634	230473	-143761
1635	237756	-143761
1636	245039	-143761
1637	252321	-143761
1638	259604	-143761
1639	266886	-143761
1640	274169	-143761
1641	281452	-143761
1642	288734	-143761
1643	296017	-143761
1644	303299	-143761
1645	310582	-143761
1646	317865	-143761
1647	325147	-143761
1648	332430	-143761
1649	339713	-143761
1650	346995	-143761
1651	354278	-143761
1652	361560	-143761
1653	368843	-143761
1654	376126	-143761
1655	383408	-143761
1656	390691	-143761
1657	397973	-143761
1658	405256	-143761
1659	412539	-143761
1660	419821	-143761
1661	427104	-143761
1662	434386	-143761
1663	441669	-143761
1664	448952	-143761
1665	456234	-143761
1666	463517	-143761
1667	470800	-143761
1668	470800	-147809
1669	463517	-147809
1670	456234	-147809
1671	448952	-147809
1672	441669	-147809
1673	434386	-147809
1674	427104	-147809
1675	419821	-147809
1676	412539	-147809
1677	405256	-147809
1678	397973	-147809
1679	390691	-147809
1680	383408	-147809
1681	376126	-147809
1682	368843	-147809
1683	361560	-147809
1684	354278	-147809
1685	346995	-147809
1686	339713	-147809
1687	332430	-147809
1688	325147	-147809
1689	317865	-147809
1690	310582	-147809
1691	303299	-147809
1692	296017	-147809
1693	288734	-147809
1694	281452	-147809
1695	274169	-147809
1696	266886	-147809
1697	259604	-147809
1698	252321	-147809
1699	245039	-147809
1700	237756	-147809
1701	230473	-147809
1702	223191	-147809
1703	215908	-147809
1704	208626	-147809
1705	201343	-147809
1706	194060	-147809
1707	186778	-147809
1708	179495	-147809
1709	172213	-147809
1710	164930	-147809
1711	157647	-147809
1712	150365	-147809
1713	143082	-147809
1714	135799	-147809
1715	135799	-151857
1716	143082	-151857
1717	150365	-151857
1718	157647	-151857
1719	164930	-151857
1720	172213	-151857
1721	179495	-151857
1722	186778	-151857
1723	194060	-151857
1724	201343	-151857
1725	208626	-151857
1726	215908	-151857
1727	223191	-151857
1728	230473	-151857
1729	237756	-151857
1730	245039	-151857
1731	252321	-151857
1732	259604	-151857
1733	266886	-151857
1734	274169	-151857
1735	281452	-151857
1736	288734	-151857
1737	296017	-151857
1738	303299	-151857
1739	310582	-151857
1740	317865	-151857
1741	325147	-151857
1742	332430	-151857
1743	339713	-151857
1744	346995	-151857
1745	354278	-151857
1746	361560	-151857
1747	368843	-151857
1748	376126	-151857
1749	383408	-151857
1750	390691	-151857
1751	397973	-151857
1752	405256	-151857
1753	412539	-151857
1754	419821	-151857
1755	427104	-151857
1756	434386	-151857
1757	441669	-151857
1758	448952	-151857
1759	456234	-151857
1760	463517	-151857
1761	470800	-151857
1762	470800	-155904
1763	463517	-155904
1764	456234	-155904
1765	448952	-155904
1766	441669	-155904
1767	434386	-155904
1768	427104	-155904
1769	419821	-155904
1770	412539	-155904
1771	405256	-155904
1772	397973	-155904
1773	390691	-155904
1774	383408	-155904
1775	376126	-155904
1776	368843	-155904
1777	361560	-155904
1778	354278	-155904
1779	346995	-155904
1780	339713	-155904
1781	332430	-155904
1782	325147	-155904
1783	317865	-155904
1784	310582	-155904
1785	303299	-155904
1786	296017	-155904
1787	288734	-155904
1788	281452	-155904
1789	274169	-155904
1790	266886	-155904
1791	259604	-155904
1792	252321	-155904
1793	245039	-155904
1794	237756	-155904
1795	230473	-155904
1796	223191	-155904
1797	215908	-155904
1798	208626	-155904
1799	201343	-155904
1800	194060	-155904
1801	186778	-155904
1802	179495	-155904
1803	172213	-155904
1804	164930	-155904
1805	157647	-155904
1806	150365	-155904
1807	143082	-155904
1808	135799	-155904
1809	135799	-159952
1810	143082	-159952
1811	150365	-159952
1812	157647	-159952
1813	164930	-159952
1814	172213	-159952
1815	179495	-159952
1816	186778	-159952
1817	194060	-159952
1818	201343	-159952
1819	208626	-159952
1820	215908	-159952
1821	223191	-159952
1822	230473	-159952
1823	237756	-159952
1824	245039	-159952
1825	252321	-159952
1826	259604	-159952
1827	266886	-159952
1828	274169	-159952
1829	281452	-159952
1830	288734	-159952
1831	296017	-159952
1832	303299	-159952
1833	310582	-159952
1834	317865	-159952
1835	325147	-159952
1836	332430	-159952
1837	339713	-159952
1838	346995	-159952
1839	354278	-159952
1840	361560	-159952
1841	368843	-159952
1842	376126	-159952
1843	383408	-159952
1844	390691	-159952
1845	397973	-159952
1846	405256	-159952
1847	412539	-159952
1848	419821	-159952
1849	427104	-159952
1850	434386	-159952
1851	441669	-159952
1852	448952	-159952
1853	456234	-159952
1854	463517	-159952
1855	470800	-159952
1856	470800	-163999
1857	463517	-163999
1858	456234	-163999
1859	448952	-163999
1860	441669	-163999
1861	434386	-163999
1862	427104	-163999
1863	419821	-163999
1864	412539	-163999
1865	405256	-163999
1866	397973	-163999
1867	390691	-163999
1868	383408	-163999
1869	376126	-163999
1870	368843	-163999
1871	361560	-163999
1872	354278	-163999
1873	346995	-163999
1874	339713	-163999
1875	332430	-163999
1876	325147	-163999
1877	317865	-163999
1878	310582	-163999
1879	303299	-163999
1880	296017	-163999
1881	288734	-163999
1882	281452	-163999
1883	274169	-163999
1884	266886	-163999
1885	259604	-163999
1886	252321	-163999
1887	245039	-163999
1888	237756	-163999
1889	230473	-163999
1890	223191	-163999
1891	215908	-163999
1892	208626	-163999
1893	201343	-163999
1894	194060	-163999
1895	186778	-163999
1896	179495	-163999
1897	172213	-163999
1898	164930	-163999
1899	157647	-163999
1900	150365	-163999
1901	143082	-163999
1902	135799	-163999
1903	135799	-168047
1904	143082	-168047
1905	150365	-168047
1906	157647	-168047
1907	164930	-168047
1908	172213	-168047
1909	179495	-168047
1910	186778	-168047
1911	194060	-168047
1912	201343	-168047
1913	208626	-168047
1914	215908	-168047
1915	223191	-168047
1916	230473	-168047
1917	237756	-168047
1918	245039	-168047
1919	252321	-168047
1920	259604	-168047
1921	266886	-168047
1922	274169	-168047
1923	281452	-168047
1924	288734	-168047
1925	296017	-168047
1926	303299	-168047
1927	310582	-168047
1928	317865	-168047
1929	325147	-168047
1930	332430	-168047
1931	339713	-168047
1932	346995	-168047
1933	354278	-168047
1934	361560	-168047
1935	368843	-168047
1936	376126	-168047
1937	383408	-168047
1938	390691	-168047
1939	397973	-168047
1940	405256	-168047
1941	412539	-168047
1942	419821	-168047
1943	427104	-168047
1944	434386	-168047
1945	441669	-168047
1946	448952	-168047
1947	456234	-168047
1948	463517	-168047
1949	470800	-168047
1950	470800	-172095
1951	463517	-172095
1952	456234	-172095
1953	448952	-172095
1954	441669	-172095
1955	434386	-172095
1956	427104	-172095
1957	419821	-172095
1958	412539	-172095
1959	405256	-172095
1960	397973	-172095
1961	390691	-172095
1962	383408	-172095
1963	376126	-172095
1964	368843	-172095
1965	361560	-172095
1966	354278	-172095
1967	346995	-172095
1968	339713	-172095
1969	332430	-172095
1970	325147	-172095
1971	317865	-172095
1972	310582	-172095
1973	303299	-172095
1974	296017	-172095
1975	288734	-172095
1976	281452	-172095
1977	274169	-172095
1978	266886	-172095
1979	259604	-172095
1980	252321	-172095
1981	245039	-172095
1982	237756	-172095
1983	230473	-172095
1984	223191	-172095
1985	215908	-172095
1986	208626	-172095
1987	201343	-172095
1988	194060	-172095
1989	186778	-172095
1990	179495	-172095
1991	172213	-172095
1992	164930	-172095
1993	157647	-172095
1994	150365	-172095
1995	143082	-172095
1996	135799	-172095
1997	135799	-176142
1998	143082	-176142
1999	150365	-176142
2000	157647	-176142
2001	164930	-176142
2002	172213	-176142
2003	179495	-176142
2004	186778	-176142
2005	194060	-176142
2006	201343	-176142
2007	208626	-176142
2008	215908	-176142
2009	223191	-176142
2010	230473	-176142
2011	237756	-176142
2012	245039	-176142
2013	252321	-176142
2014	259604	-176142
2015	266886	-176142
2016	274169	-176142
2017	281452	-176142
2018	288734	-176142
2019	296017	-176142
2020	303299	-176142
2021	310582	-176142
2022	317865	-176142
2023	325147	-176142
2024	332430	-176142
2025	339713	-176142
2026	346995	-176142
2027	354278	-176142
2028	361560	-176142
2029	368843	-176142
2030	376126	-176142
2031	383408	-176142
2032	390691	-176142
2033	397973	-176142
2034	405256	-176142
2035	412539	-176142
2036	419821	-176142
2037	427104	-176142
2038	434386	-176142
2039	441669	-176142
2040	448952	-176142
2041	456234	-176142
2042	463517	-176142
2043	470800	-176142
2044	470800	-180190
2045	463517	-180190
2046	456234	-180190
2047	448952	-180190
2048	441669	-180190
2049	434386	-180190
2050	427104	-180190
2051	419821	-180190
2052	412539	-180190
2053	405256	-180190
2054	397973	-180190
2055	390691	-180190
2056	383408	-180190
2057	376126	-180190
2058	368843	-180190
2059	361560	-180190
2060	354278	-180190
2061	346995	-180190
2062	339713	-180190
2063	332430	-180190
2064	325147	-180190
2065	317865	-180190
2066	310582	-180190
2067	303299	-180190
2068	296017	-180190
2069	288734	-180190
2070	281452	-180190
2071	274169	-180190
2072	266886	-180190
2073	259604	-180190
2074	252321	-180190
2075	245039	-180190
2076	237756	-180190
2077	230473	-180190
2078	223191	-180190
2079	215908	-180190
2080	208626	-180190
2081	201343	-180190
2082	194060	-180190
2083	186778	-180190
2084	179495	-180190
2085	172213	-180190
2086	164930	-180190
2087	157647	-180190
2088	150365	-180190
2089	143082	-180190
2090	135799	-180190
2091	135799	-184238
2092	143082	-184238
2093	150365	-184238
2094	157647	-184238
2095	164930	-184238
2096	172213	-184238
2097	179495	-184238
2098	186778	-184238
2099	194060	-184238
2100	201343	-184238
2101	208626	-184238
2102	215908	-184238
2103	223191	-184238
2104	230473	-184238
2105	237756	-184238
2106	245039	-184238
2107	252321	-184238
2108	259604	-184238
2109	266886	-184238
2110	274169	-184238
2111	281452	-184238
2112	288734	-184238
2113	296017	-184238
2114	303299	-184238
2115	310582	-184238
2116	317865	-184238
2117	325147	-184238
2118	332430	-184238
2119	339713	-184238
2120	346995	-184238
2121	354278	-184238
2122	361560	-184238
2123	368843	-184238
2124	376126	-184238
2125	383408	-184238
2126	390691	-184238
2127	397973	-184238
2128	405256	-184238
2129	412539	-184238
2130	419821	-184238
2131	427104	-184238
2132	434386	-184238
2133	441669	-184238
2134	448952	-184238
2135	456234	-184238
2136	463517	-184238
2137	470800	-184238
2138	470800	-188285
2139	463517	-188285
2140	456234	-188285
2141	448952	-188285
2142	441669	-188285
2143	434386	-188285
2144	427104	-188285
2145	419821	-188285
2146	412539	-188285
2147	405256	-188285
2148	397973	-188285
2149	390691	-188285
2150	383408	-188285
2151	376126	-188285
2152	368843	-188285
2153	361560	-188285
2154	354278	-188285
2155	346995	-188285
2156	339713	-188285
2157	332430	-188285
2158	325147	-188285
2159	317865	-188285
2160	310582	-188285
2161	303299	-188285
2162	296017	-188285
2163	288734	-188285
2164	281452	-188285
2165	274169	-188285
2166	266886	-188285
2167	259604	-188285
2168	252321	-188285
2169	245039	-188285
2170	237756	-188285
2171	230473	-188285
2172	223191	-188285
2173	215908	-188285
2174	208626	-188285
2175	201343	-188285
2176	194060	-188285
2177	186778	-188285
2178	179495	-188285
2179	172213	-188285
2180	164930	-188285
2181	157647	-188285
2182	150365	-188285
2183	143082	-188285
2184	135799	-188285
2185	135799	-192333
2186	143082	-192333
2187	150365	-192333
2188	157647	-192333
2189	164930	-192333
2190	172213	-192333
2191	179495	-192333
2192	186778	-192333
2193	194060	-192333
2194	201343	-192333
2195	208626	-192333
2196	215908	-192333
2197	223191	-192333
2198	230473	-192333
2199	237756	-192333
2200	245039	-192333
2201	252321	-192333
2202	259604	-192333
2203	266886	-192333
2204	274169	-192333
2205	281452	-192333
2206	288734	-192333
2207	296017	-192333
2208	303299	-192333
2209	310582	-192333
2210	317865	-192333
2211	325147	-192333
2212	332430	-192333
2213	339713	-192333
2214	346995	-192333
2215	354278	-192333
2216	361560	-192333
2217	368843	-192333
2218	376126	-192333
2219	383408	-192333
2220	390691	-192333
2221	397973	-192333
2222	405256	-192333
2223	412539	-192333
2224	419821	-192333
2225	427104	-192333
2226	434386	-192333
2227	441669	-192333
2228	448952	-192333
2229	456234	-192333
2230	463517	-192333
2231	470800	-192333
2232	470800	-196380
2233	463517	-196380
2234	456234	-196380
2235	448952	-196380
2236	441669	-196380
2237	434386	-196380
2238	427104	-196380
2239	419821	-196380
2240	412539	-196380
2241	405256	-196380
2242	397973	-196380
2243	390691	-196380
2244	383408	-196380
2245	376126	-196380
2246	368843	-196380
2247	361560	-196380
2248	354278	-196380
2249	346995	-196380
2250	339713	-196380
2251	332430	-196380
2252	325147	-196380
2253	317865	-196380
2254	310582	-196380
2255	303299	-196380
2256	296017	-196380
2257	288734	-196380
2258	281452	-196380
2259	274169	-196380
2260	266886	-196380
2261	259604	-196380
2262	252321	-196380
2263	245039	-196380
2264	237756	-196380
2265	230473	-196380
2266	223191	-196380
2267	215908	-196380
2268	208626	-196380
2269	201343	-196380
2270	194060	-196380
2271	186778	-196380
2272	179495	-196380
2273	172213	-196380
2274	164930	-196380
2275	157647	-196380
2276	150365	-196380
2277	143082	-196380
2278	135799	-196380
2279	135799	-200428
2280	143082	-200428
2281	150365	-200428
2282	157647	-200428
2283	164930	-200428
2284	172213	-200428
2285	179495	-200428
2286	186778	-200428
2287	194060	-200428
2288	201343	-200428
2289	208626	-200428
2290	215908	-200428
2291	223191	-200428
2292	230473	-200428
2293	237756	-200428
2294	245039	-200428
2295	252321	-200428
2296	259604	-200428
2297	266886	-200428
2298	274169	-200428
2299	281452	-200428
2300	288734	-200428
2301	296017	-200428
2302	303299	-200428
2303	310582	-200428
2304	317865	-200428
2305	325147	-200428
2306	332430	-200428
2307	339713	-200428
2308	346995	-200428
2309	354278	-200428
2310	361560	-200428
2311	368843	-200428
2312	376126	-200428
2313	383408	-200428
2314	390691	-200428
2315	397973	-200428
2316	405256	-200428
2317	412539	-200428
2318	419821	-200428
2319	427104	-200428
2320	434386	-200428
2321	441669	-200428
2322	448952	-200428
2323	456234	-200428
2324	463517	-200428
2325	470800	-200428
2326	470800	-204476
2327	463517	-204476
2328	456234	-204476
2329	448952	-204476
2330	441669	-204476
2331	434386	-204476
2332	427104	-204476
2333	419821	-204476
2334	412539	-204476
2335	405256	-204476
2336	397973	-204476
2337	390691	-204476
2338	383408	-204476
2339	376126	-204476
2340	368843	-204476
2341	361560	-204476
2342	354278	-204476
2343	346995	-204476
2344	339713	-204476
2345	332430	-204476
2346	325147	-204476
2347	317865	-204476
2348	310582	-204476
2349	303299	-204476
2350	296017	-204476
2351	288734	-204476
2352	281452	-204476
2353	274169	-204476
2354	266886	-204476
2355	259604	-204476
2356	252321	-204476
2357	245039	-204476
2358	237756	-204476
2359	230473	-204476
2360	223191	-204476
2361	215908	-204476
2362	208626	-204476
2363	201343	-204476
2364	194060	-204476
2365	186778	-204476
2366	179495	-204476
2367	172213	-204476
2368	164930	-204476
2369	157647	-204476
2370	150365	-204476
2371	143082	-204476
2372	135799	-204476
2373	135799	-208523
2374	143082	-208523
2375	150365	-208523
2376	157647	-208523
2377	164930	-208523
2378	172213	-208523
2379	179495	-208523
2380	186778	-208523
2381	194060	-208523
2382	201343	-208523
2383	208626	-208523
2384	215908	-208523
2385	223191	-208523
2386	230473	-208523
2387	237756	-208523
2388	245039	-208523
2389	252321	-208523
2390	259604	-208523
2391	266886	-208523
2392	274169	-208523
2393	281452	-208523
2394	288734	-208523
2395	296017	-208523
2396	303299	-208523
2397	310582	-208523
2398	317865	-208523
2399	325147	-208523
2400	332430	-208523
2401	339713	-208523
2402	346995	-208523
2403	354278	-208523
2404	361560	-208523
2405	368843	-208523
2406	376126	-208523
2407	383408	-208523
2408	390691	-208523
2409	397973	-208523
2410	405256	-208523
2411	412539	-208523
2412	419821	-208523
2413	427104	-208523
2414	434386	-208523
2415	441669	-208523
2416	448952	-208523
2417	456234	-208523
2418	463517	-208523
2419	470800	-208523
2420	470800	-212571
2421	463517	-212571
2422	456234	-212571
2423	448952	-212571
2424	441669	-212571
2425	434386	-212571
2426	427104	-212571
2427	419821	-212571
2428	412539	-212571
2429	405256	-212571
2430	397973	-212571
2431	390691	-212571
2432	383408	-212571
2433	376126	-212571
2434	368843	-212571
2435	361560	-212571
2436	354278	-212571
2437	346995	-212571
2438	339713	-212571
2439	332430	-212571
2440	325147	-212571
2441	317865	-212571
2442	310582	-212571
2443	303299	-212571
2444	296017	-212571
2445	288734	-212571
2446	281452	-212571
2447	274169	-212571
2448	266886	-212571
2449	259604	-212571
2450	252321	-212571
2451	245039	-212571
2452	237756	-212571
2453	230473	-212571
2454	223191	-212571
2455	215908	-212571
2456	208626	-212571
2457	201343	-212571
2458	194060	-212571
2459	186778	-212571
2460	179495	-212571
2461	172213	-212571
2462	164930	-212571
2463	157647	-212571
2464	150365	-212571
2465	143082	-212571
2466	135799	-212571
2467	135799	-216619
2468	143082	-216619
2469	150365	-216619
2470	157647	-216619
2471	164930	-216619
2472	172213	-216619
2473	179495	-216619
2474	186778	-216619
2475	194060	-216619
2476	201343	-216619
2477	208626	-216619
2478	215908	-216619
2479	223191	-216619
2480	230473	-216619
2481	237756	-216619
2482	245039	-216619
2483	252321	-216619
2484	259604	-216619
2485	266886	-216619
2486	274169	-216619
2487	281452	-216619
2488	288734	-216619
2489	296017	-216619
2490	303299	-216619
2491	310582	-216619
2492	317865	-216619
2493	325147	-216619
2494	332430	-216619
2495	339713	-216619
2496	346995	-216619
2497	354278	-216619
2498	361560	-216619
2499	368843	-216619
2500	376126	-216619
2501	383408	-216619
2502	390691	-216619
2503	397973	-216619
2504	405256	-216619
2505	412539	-216619
2506	419821	-216619
2507	427104	-216619
2508	434386	-216619
2509	441669	-216619
2510	448952	-216619
2511	456234	-216619
2512	463517	-216619
2513	470800	-216619
2514	470800	-220666
2515	463517	-220666
2516	456234	-220666
2517	448952	-220666
2518	441669	-220666
2519	434386	-220666
2520	427104	-220666
2521	419821	-220666
2522	412539	-220666
2523	405256	-220666
2524	397973	-220666
2525	390691	-220666
2526	383408	-220666
2527	376126	-220666
2528	368843	-220666
2529	361560	-220666
2530	354278	-220666
2531	346995	-220666
2532	339713	-220666
2533	332430	-220666
2534	325147	-220666
2535	317865	-220666
2536	310582	-220666
2537	303299	-220666
2538	296017	-220666
2539	288734	-220666
2540	281452	-220666
2541	274169	-220666
2542	266886	-220666
2543	259604	-220666
2544	252321	-220666
2545	245039	-220666
2546	237756	-220666
2547	230473	-220666
2548	223191	-220666
2549	215908	-220666
2550	208626	-220666
2551	201343	-220666
2552	194060	-220666
2553	186778	-220666
2554	179495	-220666
2555	172213	-220666
2556	164930	-220666
2557	157647	-220666
2558	150365	-220666
2559	143082	-220666
2560	135799	-220666
2561	135799	-224714
2562	143082	-224714
2563	150365	-224714
2564	157647	-224714
2565	164930	-224714
2566	172213	-224714
2567	179495	-224714
2568	186778	-224714
2569	194060	-224714
2570	201343	-224714
2571	208626	-224714
2572	215908	-224714
2573	223191	-224714
2574	230473	-224714
2575	237756	-224714
2576	245039	-224714
2577	252321	-224714
2578	259604	-224714
2579	266886	-224714
2580	274169	-224714
2581	281452	-224714
2582	288734	-224714
2583	296017	-224714
2584	303299	-224714
2585	310582	-224714
2586	317865	-224714
2587	325147	-224714
2588	332430	-224714
2589	339713	-224714
2590	346995	-224714
2591	354278	-224714
2592	361560	-224714
2593	368843	-224714
2594	376126	-224714
2595	383408	-224714
2596	390691	-224714
2597	397973	-224714
2598	405256	-224714
2599	412539	-224714
2600	419821	-224714
2601	427104	-224714
2602	434386	-224714
2603	441669	-224714
2604	448952	-224714
2605	456234	-224714
2606	463517	-224714
2607	470800	-224714
2608	470800	-228761
2609	463517	-228761
2610	456234	-228761
2611	448952	-228761
2612	441669	-228761
2613	434386	-228761
2614	427104	-228761
2615	419821	-228761
2616	412539	-228761
2617	405256	-228761
2618	397973	-228761
2619	390691	-228761
2620	383408	-228761
2621	376126	-228761
2622	368843	-228761
2623	361560	-228761
2624	354278	-228761
2625	346995	-228761
2626	339713	-228761
2627	332430	-228761
2628	325147	-228761
2629	317865	-228761
2630	310582	-228761
2631	303299	-228761
2632	296017	-228761
2633	288734	-228761
2634	281452	-228761
2635	274169	-228761
2636	266886	-228761
2637	259604	-228761
2638	252321	-228761
2639	245039	-228761
2640	237756	-228761
2641	230473	-228761
2642	223191	-228761
2643	215908	-228761
2644	208626	-228761
2645	201343	-228761
2646	194060	-228761
2647	186778	-228761
2648	179495	-228761
2649	172213	-228761
2650	164930	-228761
2651	157647	-228761
2652	150365	-228761
2653	143082	-228761
2654	135799	-228761
2655	135799	-232809
2656	143082	-232809
2657	150365	-232809
2658	157647	-232809
2659	164930	-232809
2660	172213	-232809
2661	179495	-232809
2662	186778	-232809
2663	194060	-232809
2664	201343	-232809
2665	208626	-232809
2666	215908	-232809
2667	223191	-232809
2668	230473	-232809
2669	237756	-232809
2670	245039	-232809
2671	252321	-232809
2672	259604	-232809
2673	266886	-232809
2674	274169	-232809
2675	281452	-232809
2676	288734	-232809
2677	296017	-232809
2678	303299	-232809
2679	310582	-232809
2680	317865	-232809
2681	325147	-232809
2682	332430	-232809
2683	339713	-232809
2684	346995	-232809
2685	354278	-232809
2686	361560	-232809
2687	368843	-232809
2688	376126	-232809
2689	383408	-232809
2690	390691	-232809
2691	397973	-232809
2692	405256	-232809
2693	412539	-232809
2694	419821	-232809
2695	427104	-232809
2696	434386	-232809
2697	441669	-232809
2698	448952	-232809
2699	456234	-232809
2700	463517	-232809
2701	470800	-232809
2702	470800	-236857
2703	463517	-236857
2704	456234	-236857
2705	448952	-236857
2706	441669	-236857
2707	434386	-236857
2708	427104	-236857
2709	419821	-236857
2710	412539	-236857
2711	405256	-236857
2712	397973	-236857
2713	390691	-236857
2714	383408	-236857
2715	376126	-236857
2716	368843	-236857
2717	361560	-236857
2718	354278	-236857
2719	346995	-236857
2720	339713	-236857
2721	332430	-236857
2722	325147	-236857
2723	317865	-236857
2724	310582	-236857
2725	303299	-236857
2726	296017	-236857
2727	288734	-236857
2728	281452	-236857
2729	274169	-236857
2730	266886	-236857
2731	259604	-236857
2732	252321	-236857
2733	245039	-236857
2734	237756	-236857
2735	230473	-236857
2736	223191	-236857
2737	215908	-236857
2738	208626	-236857
2739	201343	-236857
2740	194060	-236857
2741	186778	-236857
2742	179495	-236857
2743	172213	-236857
2744	164930	-236857
2745	157647	-236857
2746	150365	-236857
2747	143082	-236857
2748	135799	-236857
2749	135799	-240904
2750	143082	-240904
2751	150365	-240904
2752	157647	-240904
2753	164930	-240904
2754	172213	-240904
2755	179495	-240904
2756	186778	-240904
2757	194060	-240904
2758	201343	-240904
2759	208626	-240904
2760	215908	-240904
2761	223191	-240904
2762	230473	-240904
2763	237756	-240904
2764	245039	-240904
2765	252321	-240904
2766	259604	-240904
2767	266886	-240904
2768	274169	-240904
2769	281452	-240904
2770	288734	-240904
2771	296017	-240904
2772	303299	-240904
2773	310582	-240904
2774	317865	-240904
2775	325147	-240904
2776	332430	-240904
2777	339713	-240904
2778	346995	-240904
2779	354278	-240904
2780	361560	-240904
2781	368843	-240904
2782	376126	-240904
2783	383408	-240904
2784	390691	-240904
2785	397973	-240904
2786	405256	-240904
2787	412539	-240904
2788	419821	-240904
2789	427104	-240904
2790	434386	-240904
2791	441669	-240904
2792	448952	-240904
2793	456234	-240904
2794	463517	-240904
2795	470800	-240904
2796	470800	-244952
2797	463517	-244952
2798	456234	-244952
2799	448952	-244952
2800	441669	-244952
2801	434386	-244952
2802	427104	-244952
2803	419821	-244952
2804	412539	-244952
2805	405256	-244952
2806	397973	-244952
2807	390691	-244952
2808	383408	-244952
2809	376126	-244952
2810	368843	-244952
2811	361560	-244952
2812	354278	-244952
2813	346995	-244952
2814	339713	-244952
2815	332430	-244952
2816	325147	-244952
2817	317865	-244952
2818	310582	-244952
2819	303299	-244952
2820	296017	-244952
2821	288734	-244952
2822	281452	-244952
2823	274169	-244952
2824	266886	-244952
2825	259604	-244952
2826	252321	-244952
2827	245039	-244952
2828	237756	-244952
2829	230473	-244952
2830	223191	-244952
2831	215908	-244952
2832	208626	-244952
2833	201343	-244952
2834	194060	-244952
2835	186778	-244952
2836	179495	-244952
2837	172213	-244952
2838	164930	-244952
2839	157647	-244952
2840	150365	-244952
2841	143082	-244952
2842	135799	-244952
2843	135799	-248999
2844	143082	-248999
2845	150365	-248999
2846	157647	-248999
2847	164930	-248999
2848	172213	-248999
2849	179495	-248999
2850	186778	-248999
2851	194060	-248999
2852	201343	-248999
2853	208626	-248999
2854	215908	-248999
2855	223191	-248999
2856	230473	-248999
2857	237756	-248999
2858	245039	-248999
2859	252321	-248999
2860	259604	-248999
2861	266886	-248999
2862	274169	-248999
2863	281452	-248999
2864	288734	-248999
2865	296017	-248999
2866	303299	-248999
2867	310582	-248999
2868	317865	-248999
2869	325147	-248999
2870	332430	-248999
2871	339713	-248999
2872	346995	-248999
2873	354278	-248999
2874	361560	-248999
2875	368843	-248999
2876	376126	-248999
2877	383408	-248999
2878	390691	-248999
2879	397973	-248999
2880	405256	-248999
2881	412539	-248999
2882	419821	-248999
2883	427104	-248999
2884	434386	-248999
2885	441669	-248999
2886	448952	-248999
2887	456234	-248999
2888	463517	-248999
2889	470800	-248999
2890	470800	-253047
2891	463517	-253047
2892	456234	-253047
2893	448952	-253047
2894	441669	-253047
2895	434386	-253047
2896	427104	-253047
2897	419821	-253047
2898	412539	-253047
2899	405256	-253047
2900	397973	-253047
2901	390691	-253047
2902	383408	-253047
2903	376126	-253047
2904	368843	-253047
2905	361560	-253047
2906	354278	-253047
2907	346995	-253047
2908	339713	-253047
2909	332430	-253047
2910	325147	-253047
2911	317865	-253047
2912	310582	-253047
2913	303299	-253047
2914	296017	-253047
2915	288734	-253047
2916	281452	-253047
2917	274169	-253047
2918	266886	-253047
2919	259604	-253047
2920	252321	-253047
2921	245039	-253047
2922	237756	-253047
2923	230473	-253047
2924	223191	-253047
2925	215908	-253047
2926	208626	-253047
2927	201343	-253047
2928	194060	-253047
2929	186778	-253047
2930	179495	-253047
2931	172213	-253047
2932	164930	-253047
2933	157647	-253047
2934	150365	-253047
2935	143082	-253047
2936	135799	-253047
2937	135799	-257095
2938	143082	-257095
2939	150365	-257095
2940	157647	-257095
2941	164930	-257095
2942	172213	-257095
2943	179495	-257095
2944	186778	-257095
2945	194060	-257095
2946	201343	-257095
2947	208626	-257095
2948	215908	-257095
2949	223191	-257095
2950	230473	-257095
2951	237756	-257095
2952	245039	-257095
2953	252321	-257095
2954	259604	-257095
2955	266886	-257095
2956	274169	-257095
2957	281452	-257095
2958	288734	-257095
2959	296017	-257095
2960	303299	-257095
2961	310582	-257095
2962	317865	-257095
2963	325147	-257095
2964	332430	-257095
2965	339713	-257095
2966	346995	-257095
2967	354278	-257095
2968	361560	-257095
2969	368843	-257095
2970	376126	-257095
2971	383408	-257095
2972	390691	-257095
2973	397973	-257095
2974	405256	-257095
2975	412539	-257095
2976	419821	-257095
2977	427104	-257095
2978	434386	-257095
2979	441669	-257095
2980	448952	-257095
2981	456234	-257095
2982	463517	-257095
2983	470800	-257095
2984	470800	-261142
2985	463517	-261142
2986	456234	-261142
2987	448952	-261142
2988	441669	-261142
2989	434386	-261142
2990	427104	-261142
2991	419821	-261142
2992	412539	-261142
2993	405256	-261142
2994	397973	-261142
2995	390691	-261142
2996	383408	-261142
2997	376126	-261142
2998	368843	-261142
2999	361560	-261142
3000	354278	-261142
3001	346995	-261142
3002	339713	-261142
3003	332430	-261142
3004	325147	-261142
3005	317865	-261142
3006	310582	-261142
3007	303299	-261142
3008	296017	-261142
3009	288734	-261142
3010	281452	-261142
3011	274169	-261142
3012	266886	-261142
3013	259604	-261142
3014	252321	-261142
3015	245039	-261142
3016	237756	-261142
3017	230473	-261142
3018	223191	-261142
3019	215908	-261142
3020	208626	-261142
3021	201343	-261142
3022	194060	-261142
3023	186778	-261142
3024	179495	-261142
3025	172213	-261142
3026	164930	-261142
3027	157647	-261142
3028	150365	-261142
3029	143082	-261142
3030	135799	-261142
3031	135799	-265190
3032	143082	-265190
3033	150365	-265190
3034	157647	-265190
3035	164930	-265190
3036	172213	-265190
3037	179495	-265190
3038	186778	-265190
3039	194060	-265190
3040	201343	-265190
3041	208626	-265190
3042	215908	-265190
3043	223191	-265190
3044	230473	-265190
3045	237756	-265190
3046	245039	-265190
3047	252321	-265190
3048	259604	-265190
3049	266886	-265190
3050	274169	-265190
3051	281452	-265190
3052	288734	-265190
3053	296017	-265190
3054	303299	-265190
3055	310582	-265190
3056	317865	-265190
3057	325147	-265190
3058	332430	-265190
3059	339713	-265190
3060	346995	-265190
3061	354278	-265190
3062	361560	-265190
3063	368843	-265190
3064	376126	-265190
3065	383408	-265190
3066	390691	-265190
3067	397973	-265190
3068	405256	-265190
3069	412539	-265190
3070	419821	-265190
3071	427104	-265190
3072	434386	-265190
3073	441669	-265190
3074	448952	-265190
3075	456234	-265190
3076	463517	-265190
3077	470800	-265190
3078	470800	-269238
3079	463517	-269238
3080	456234	-269238
3081	448952	-269238
3082	441669	-269238
3083	434386	-269238
3084	427104	-269238
3085	419821	-269238
3086	412539	-269238
3087	405256	-269238
3088	397973	-269238
3089	390691	-269238
3090	383408	-269238
3091	376126	-269238
3092	368843	-269238
3093	361560	-269238
3094	354278	-269238
3095	346995	-269238
3096	339713	-269238
3097	332430	-269238
3098	325147	-269238
3099	317865	-269238
3100	310582	-269238
3101	303299	-269238
3102	296017	-269238
3103	288734	-269238
3104	281452	-269238
3105	274169	-269238
3106	266886	-269238
3107	259604	-269238
3108	252321	-269238
3109	245039	-269238
3110	237756	-269238
3111	230473	-269238
3112	223191	-269238
3113	215908	-269238
3114	208626	-269238
3115	201343	-269238
3116	194060	-269238
3117	186778	-269238
3118	179495	-269238
3119	172213	-269238
3120	164930	-269238
3121	157647	-269238
3122	150365	-269238
3123	143082	-269238
3124	135799	-269238
3125	135799	-273285
3126	143082	-273285
3127	150365	-273285
3128	157647	-273285
3129	164930	-273285
3130	172213	-273285
3131	179495	-273285
3132	186778	-273285
3133	194060	-273285
3134	201343	-273285
3135	208626	-273285
3136	215908	-273285
3137	223191	-273285
3138	230473	-273285
3139	237756	-273285
3140	245039	-273285
3141	252321	-273285
3142	259604	-273285
3143	266886	-273285
3144	274169	-273285
3145	281452	-273285
3146	288734	-273285
3147	296017	-273285
3148	303299	-273285
3149	310582	-273285
3150	317865	-273285
3151	325147	-273285
3152	332430	-273285
3153	339713	-273285
3154	346995	-273285
3155	354278	-273285
3156	361560	-273285
3157	368843	-273285
3158	376126	-273285
3159	383408	-273285
3160	390691	-273285
3161	397973	-273285
3162	405256	-273285
3163	412539	-273285
3164	419821	-273285
3165	427104	-273285
3166	434386	-273285
3167	441669	-273285
3168	448952	-273285
3169	456234	-273285
3170	463517	-273285
3171	470800	-273285
3172	470800	-277333
3173	463517	-277333
3174	456234	-277333
3175	448952	-277333
3176	441669	-277333
3177	434386	-277333
3178	427104	-277333
3179	419821	-277333
3180	412539	-277333
3181	405256	-277333
3182	397973	-277333
3183	390691	-277333
3184	383408	-277333
3185	376126	-277333
3186	368843	-277333
3187	361560	-277333
3188	354278	-277333
3189	346995	-277333
3190	339713	-277333
3191	332430	-277333
3192	325147	-277333
3193	317865	-277333
3194	310582	-277333
3195	303299	-277333
3196	296017	-277333
3197	288734	-277333
3198	281452	-277333
3199	274169	-277333
3200	266886	-277333
3201	259604	-277333
3202	252321	-277333
3203	245039	-277333
3204	237756	-277333
3205	230473	-277333
3206	223191	-277333
3207	215908	-277333
3208	208626	-277333
3209	201343	-277333
3210	194060	-277333
3211	186778	-277333
3212	179495	-277333
3213	172213	-277333
3214	164930	-277333
3215	157647	-277333
3216	150365	-277333
3217	143082	-277333
3218	135799	-277333
3219	135799	-281380
3220	143082	-281380
3221	150365	-281380
3222	157647	-281380
3223	164930	-281380
3224	172213	-281380
3225	179495	-281380
3226	186778	-281380
3227	194060	-281380
3228	201343	-281380
3229	208626	-281380
3230	215908	-281380
3231	223191	-281380
3232	230473	-281380
3233	237756	-281380
3234	245039	-281380
3235	252321	-281380
3236	259604	-281380
3237	266886	-281380
3238	274169	-281380
3239	281452	-281380
3240	288734	-281380
3241	296017	-281380
3242	303299	-281380
3243	310582	-281380
3244	317865	-281380
3245	325147	-281380
3246	332430	-281380
3247	339713	-281380
3248	346995	-281380
3249	354278	-281380
3250	361560	-281380
3251	368843	-281380
3252	376126	-281380
3253	383408	-281380
3254	390691	-281380
3255	397973	-281380
3256	405256	-281380
3257	412539	-281380
3258	419821	-281380
3259	427104	-281380
3260	434386	-281380
3261	441669	-281380
3262	448952	-281380
3263	456234	-281380
3264	463517	-281380
3265	470800	-281380
3266	470800	-285428
3267	463517	-285428
3268	456234	-285428
3269	448952	-285428
3270	441669	-285428
3271	434386	-285428
3272	427104	-285428
3273	419821	-285428
3274	412539	-285428
3275	405256	-285428
3276	397973	-285428
3277	390691	-285428
3278	383408	-285428
3279	376126	-285428
3280	368843	-285428
3281	361560	-285428
3282	354278	-285428
3283	346995	-285428
3284	339713	-285428
3285	332430	-285428
3286	325147	-285428
3287	317865	-285428
3288	310582	-285428
3289	303299	-285428
3290	296017	-285428
3291	288734	-285428
3292	281452	-285428
3293	274169	-285428
3294	266886	-285428
3295	259604	-285428
3296	252321	-285428
3297	245039	-285428
3298	237756	-285428
3299	230473	-285428
3300	223191	-285428
3301	215908	-285428
3302	208626	-285428
3303	201343	-285428
3304	194060	-285428
3305	186778	-285428
3306	179495	-285428
3307	172213	-285428
3308	164930	-285428
3309	157647	-285428
3310	150365	-285428
3311	143082	-285428
3312	135799	-285428
3313	135799	-289476
3314	143082	-289476
3315	150365	-289476
3316	157647	-289476
3317	164930	-289476
3318	172213	-289476
3319	179495	-289476
3320	186778	-289476
3321	194060	-289476
3322	201343	-289476
3323	208626	-289476
3324	215908	-289476
3325	223191	-289476
3326	230473	-289476
3327	237756	-289476
3328	245039	-289476
3329	252321	-289476
3330	259604	-289476
3331	266886	-289476
3332	274169	-289476
3333	281452	-289476
3334	288734	-289476
3335	296017	-289476
3336	303299	-289476
3337	310582	-289476
3338	317865	-289476
3339	325147	-289476
3340	332430	-289476
3341	339713	-289476
3342	346995	-289476
3343	354278	-289476
3344	361560	-289476
3345	368843	-289476
3346	376126	-289476
3347	383408	-289476
3348	390691	-289476
3349	397973	-289476
3350	405256	-289476
3351	412539	-289476
3352	419821	-289476
3353	427104	-289476
3354	434386	-289476
3355	441669	-289476
3356	448952	-289476
3357	456234	-289476
3358	463517	-289476
3359	470800	-289476
3360	470800	-293523
3361	463517	-293523
3362	456234	-293523
3363	448952	-293523
3364	441669	-293523
3365	434386	-293523
3366	427104	-293523
3367	419821	-293523
3368	412539	-293523
3369	405256	-293523
3370	397973	-293523
3371	390691	-293523
3372	383408	-293523
3373	376126	-293523
3374	368843	-293523
3375	361560	-293523
3376	354278	-293523
3377	346995	-293523
3378	339713	-293523
3379	332430	-293523
3380	325147	-293523
3381	317865	-293523
3382	310582	-293523
3383	303299	-293523
3384	296017	-293523
3385	288734	-293523
3386	281452	-293523
3387	274169	-293523
3388	266886	-293523
3389	259604	-293523
3390	252321	-293523
3391	245039	-293523
3392	237756	-293523
3393	230473	-293523
3394	223191	-293523
3395	215908	-293523
3396	208626	-293523
3397	201343	-293523
3398	194060	-293523
3399	186778	-293523
3400	186778	-297571
3401	194060	-297571
3402	201343	-297571
3403	208626	-297571
3404	215908	-297571
3405	223191	-297571
3406	230473	-297571
3407	237756	-297571
3408	245039	-297571
3409	252321	-297571
3410	259604	-297571
3411	266886	-297571
3412	274169	-297571
3413	281452	-297571
3414	288734	-297571
3415	296017	-297571
3416	303299	-297571
3417	310582	-297571
3418	317865	-297571
3419	325147	-297571
3420	332430	-297571
3421	339713	-297571
3422	346995	-297571
3423	354278	-297571
3424	361560	-297571
3425	368843	-297571
3426	376126	-297571
3427	383408	-297571
3428	390691	-297571
3429	397973	-297571
3430	405256	-297571
3431	412539	-297571
3432	419821	-297571
3433	419821	-301619
3434	412539	-301619
3435	405256	-301619
3436	397973	-301619
3437	390691	-301619
3438	383408	-301619
3439	376126	-301619
3440	368843	-301619
3441	361560	-301619
3442	354278	-301619
3443	346995	-301619
3444	339713	-301619
3445	332430	-301619
3446	325147	-301619
3447	317865	-301619
3448	310582	-301619
3449	303299	-301619
3450	296017	-301619
3451	288734	-301619
3452	281452	-301619
3453	274169	-301619
3454	266886	-301619
3455	259604	-301619
3456	252321	-301619
3457	245039	-301619
3458	237756	-301619
3459	230473	-301619
3460	223191	-301619
3461	215908	-301619
3462	208626	-301619
3463	201343	-301619
3464	194060	-301619
3465	186778	-301619
3466	186778	-305666
3467	194060	-305666
3468	201343	-305666
3469	208626	-305666
3470	215908	-305666
3471	223191	-305666
3472	230473	-305666
3473	237756	-305666
3474	245039	-305666
3475	252321	-305666
3476	259604	-305666
3477	266886	-305666
3478	274169	-305666
3479	281452	-305666
3480	288734	-305666
3481	296017	-305666
3482	303299	-305666
3483	310582	-305666
3484	317865	-305666
3485	325147	-305666
3486	332430	-305666
3487	339713	-305666
3488	346995	-305666
3489	354278	-305666
3490	361560	-305666
3491	368843	-305666
3492	376126	-305666
3493	383408	-305666
3494	390691	-305666
3495	397973	-305666
3496	405256	-305666
3497	412539	-305666
3498	419821	-305666
3499	419821	-309714
3500	412539	-309714
3501	405256	-309714
3502	397973	-309714
3503	390691	-309714
3504	383408	-309714
3505	376126	-309714
3506	368843	-309714
3507	361560	-309714
3508	354278	-309714
3509	346995	-309714
3510	339713	-309714
3511	332430	-309714
3512	325147	-309714
3513	317865	-309714
3514	310582	-309714
3515	303299	-309714
3516	296017	-309714
3517	288734	-309714
3518	281452	-309714
3519	274169	-309714
3520	266886	-309714
3521	259604	-309714
3522	252321	-309714
3523	245039	-309714
3524	237756	-309714
3525	230473	-309714
3526	223191	-309714
3527	215908	-309714
3528	208626	-309714
3529	201343	-309714
3530	194060	-309714
3531	186778	-309714
3532	186778	-313761
3533	194060	-313761
3534	201343	-313761
3535	208626	-313761
3536	215908	-313761
3537	223191	-313761
3538	230473	-313761
3539	237756	-313761
3540	245039	-313761
3541	252321	-313761
3542	259604	-313761
3543	266886	-313761
3544	274169	-313761
3545	281452	-313761
3546	288734	-313761
3547	296017	-313761
3548	303299	-313761
3549	310582	-313761
3550	317865	-313761
3551	325147	-313761
3552	332430	-313761
3553	339713	-313761
3554	346995	-313761
3555	354278	-313761
3556	361560	-313761
3557	368843	-313761
3558	376126	-313761
3559	383408	-313761
3560	390691	-313761
3561	397973	-313761
3562	405256	-313761
3563	412539	-313761
3564	419821	-313761
3565	419821	-317809
3566	412539	-317809
3567	405256	-317809
3568	397973	-317809
3569	390691	-317809
3570	383408	-317809
3571	376126	-317809
3572	368843	-317809
3573	361560	-317809
3574	354278	-317809
3575	346995	-317809
3576	339713	-317809
3577	332430	-317809
3578	325147	-317809
3579	317865	-317809
3580	310582	-317809
3581	303299	-317809
3582	296017	-317809
3583	288734	-317809
3584	281452	-317809
3585	274169	-317809
3586	266886	-317809
3587	259604	-317809
3588	252321	-317809
3589	245039	-317809
3590	237756	-317809
3591	230473	-317809
3592	223191	-317809
3593	215908	-317809
3594	208626	-317809
3595	201343	-317809
3596	194060	-317809
3597	186778	-317809
3598	186778	-321857
3599	194060	-321857
3600	201343	-321857
3601	208626	-321857
3602	215908	-321857
3603	223191	-321857
3604	230473	-321857
3605	237756	-321857
3606	245039	-321857
3607	252321	-321857
3608	259604	-321857
3609	266886	-321857
3610	274169	-321857
3611	281452	-321857
3612	288734	-321857
3613	296017	-321857
3614	303299	-321857
3615	310582	-321857
3616	317865	-321857
3617	325147	-321857
3618	332430	-321857
3619	339713	-321857
3620	346995	-321857
3621	354278	-321857
3622	361560	-321857
3623	368843	-321857
3624	376126	-321857
3625	383408	-321857
3626	390691	-321857
3627	397973	-321857
3628	405256	-321857
3629	412539	-321857
3630	419821	-321857
3631	419821	-325904
3632	412539	-325904
3633	405256	-325904
3634	397973	-325904
3635	390691	-325904
3636	383408	-325904
3637	376126	-325904
3638	368843	-325904
3639	361560	-325904
3640	354278	-325904
3641	346995	-325904
3642	339713	-325904
3643	332430	-325904
3644	325147	-325904
3645	317865	-325904
3646	310582	-325904
3647	303299	-325904
3648	296017	-325904
3649	288734	-325904
3650	281452	-325904
3651	274169	-325904
3652	266886	-325904
3653	259604	-325904
3654	252321	-325904
3655	245039	-325904
3656	237756	-325904
3657	230473	-325904
3658	223191	-325904
3659	215908	-325904
3660	208626	-325904
3661	201343	-325904
3662	194060	-325904
3663	186778	-325904
3664	186778	-329952
3665	194060	-329952
3666	201343	-329952
3667	208626	-329952
3668	215908	-329952
3669	223191	-329952
3670	230473	-329952
3671	237756	-329952
3672	245039	-329952
3673	252321	-329952
3674	259604	-329952
3675	266886	-329952
3676	274169	-329952
3677	281452	-329952
3678	288734	-329952
3679	296017	-329952
3680	303299	-329952
3681	310582	-329952
3682	317865	-329952
3683	325147	-329952
3684	332430	-329952
3685	339713	-329952
3686	346995	-329952
3687	354278	-329952
3688	361560	-329952
3689	368843	-329952
3690	376126	-329952
3691	383408	-329952
3692	390691	-329952
3693	397973	-329952
3694	405256	-329952
3695	412539	-329952
3696	419821	-329952
3697	419821	-333999
3698	412539	-333999
3699	405256	-333999
3700	397973	-333999
3701	390691	-333999
3702	383408	-333999
3703	376126	-333999
3704	368843	-333999
3705	361560	-333999
3706	354278	-333999
3707	346995	-333999
3708	339713	-333999
3709	332430	-333999
3710	325147	-333999
3711	317865	-333999
3712	310582	-333999
3713	303299	-333999
3714	296017	-333999
3715	288734	-333999
3716	281452	-333999
3717	274169	-333999
3718	266886	-333999
3719	259604	-333999
3720	252321	-333999
3721	245039	-333999
3722	237756	-333999
3723	230473	-333999
3724	223191	-333999
3725	215908	-333999
3726	208626	-333999
3727	201343	-333999
3728	194060	-333999
3729	186778	-333999
