1	422942	6000
2	414966	6000
3	406990	6000
4	399014	6000
5	391038	6000
6	383061	6000
7	375085	6000
8	367109	6000
9	359133	6000
10	351157	6000
11	343180	6000
12	335204	6000
13	327228	6000
14	319252	6000
15	311276	6000
16	303299	6000
17	295323	6000
18	287347	6000
19	279371	6000
20	271395	6000
21	263419	6000
22	255442	6000
23	247466	6000
24	239490	6000
25	231514	6000
26	223538	6000
27	215561	6000
28	207585	6000
29	199609	6000
30	191633	6000
31	183657	6000
32	183657	1696
33	191633	1696
34	199609	1696
35	207585	1696
36	215561	1696
37	223538	1696
38	231514	1696
39	239490	1696
40	247466	1696
41	255442	1696
42	263419	1696
43	271395	1696
44	279371	1696
45	287347	1696
46	295323	1696
47	303299	1696
48	311276	1696
49	319252	1696
50	327228	1696
51	335204	1696
52	343180	1696
53	351157	1696
54	359133	1696
55	367109	1696
56	375085	1696
57	383061	1696
58	391038	1696
59	399014	1696
60	406990	1696
61	414966	1696
62	422942	1696
63	422942	-2607
64	414966	-2607
65	406990	-2607
66	399014	-2607
67	391038	-2607
68	383061	-2607
69	375085	-2607
70	367109	-2607
71	359133	-2607
72	351157	-2607
73	343180	-2607
74	335204	-2607
75	327228	-2607
76	319252	-2607
77	311276	-2607
78	303299	-2607
79	295323	-2607
80	287347	-2607
81	279371	-2607
82	271395	-2607
83	263419	-2607
84	255442	-2607
85	247466	-2607
86	239490	-2607
87	231514	-2607
88	223538	-2607
89	215561	-2607
90	207585	-2607
91	199609	-2607
92	191633	-2607
93	183657	-2607
94	183657	-6911
95	191633	-6911
96	199609	-6911
97	207585	-6911
98	215561	-6911
99	223538	-6911
100	231514	-6911
101	239490	-6911
102	247466	-6911
103	255442	-6911
104	263419	-6911
105	271395	-6911
106	279371	-6911
107	287347	-6911
108	295323	-6911
109	303299	-6911
110	311276	-6911
111	319252	-6911
112	327228	-6911
113	335204	-6911
114	343180	-6911
115	351157	-6911
116	359133	-6911
117	367109	-6911
118	375085	-6911
119	383061	-6911
120	391038	-6911
121	399014	-6911
122	406990	-6911
123	414966	-6911
124	422942	-6911
125	422942	-11215
126	414966	-11215
127	406990	-11215
128	399014	-11215
129	391038	-11215
130	383061	-11215
131	375085	-11215
132	367109	-11215
133	359133	-11215
134	351157	-11215
135	343180	-11215
136	335204	-11215
137	327228	-11215
138	319252	-11215
139	311276	-11215
140	303299	-11215
141	295323	-11215
142	287347	-11215
143	279371	-11215
144	271395	-11215
145	263419	-11215
146	255442	-11215
147	247466	-11215
148	239490	-11215
149	231514	-11215
150	223538	-11215
151	215561	-11215
152	207585	-11215
153	199609	-11215
154	191633	-11215
155	183657	-11215
156	183657	-15518
157	191633	-15518
158	199609	-15518
159	207585	-15518
160	215561	-15518
161	223538	-15518
162	231514	-15518
163	239490	-15518
164	247466	-15518
165	255442	-15518
166	263419	-15518
167	271395	-15518
168	279371	-15518
169	287347	-15518
170	295323	-15518
171	303299	-15518
172	311276	-15518
173	319252	-15518
174	327228	-15518
175	335204	-15518
176	343180	-15518
177	351157	-15518
178	359133	-15518
179	367109	-15518
180	375085	-15518
181	383061	-15518
182	391038	-15518
183	399014	-15518
184	406990	-15518
185	414966	-15518
186	422942	-15518
187	422942	-19822
188	414966	-19822
189	406990	-19822
190	399014	-19822
191	391038	-19822
192	383061	-19822
193	375085	-19822
194	367109	-19822
195	359133	-19822
196	351157	-19822
197	343180	-19822
198	335204	-19822
199	327228	-19822
200	319252	-19822
201	311276	-19822
202	303299	-19822
203	295323	-19822
204	287347	-19822
205	279371	-19822
206	271395	-19822
207	263419	-19822
208	255442	-19822
209	247466	-19822
210	239490	-19822
211	231514	-19822
212	223538	-19822
213	215561	-19822
214	207585	-19822
215	199609	-19822
216	191633	-19822
217	183657	-19822
218	183657	-24126
219	191633	-24126
220	199609	-24126
221	207585	-24126
222	215561	-24126
223	223538	-24126
224	231514	-24126
225	239490	-24126
226	247466	-24126
227	255442	-24126
228	263419	-24126
229	271395	-24126
230	279371	-24126
231	287347	-24126
232	295323	-24126
233	303299	-24126
234	311276	-24126
235	319252	-24126
236	327228	-24126
237	335204	-24126
238	343180	-24126
239	351157	-24126
240	359133	-24126
241	367109	-24126
242	375085	-24126
243	383061	-24126
244	391038	-24126
245	399014	-24126
246	406990	-24126
247	414966	-24126
248	422942	-24126
249	430919	-24126
250	438895	-24126
251	446871	-24126
252	454847	-24126
253	462823	-24126
254	470800	-24126
255	470800	-28430
256	462823	-28430
257	454847	-28430
258	446871	-28430
259	438895	-28430
260	430919	-28430
261	422942	-28430
262	414966	-28430
263	406990	-28430
264	399014	-28430
265	391038	-28430
266	383061	-28430
267	375085	-28430
268	367109	-28430
269	359133	-28430
270	351157	-28430
271	343180	-28430
272	335204	-28430
273	327228	-28430
274	319252	-28430
275	311276	-28430
276	303299	-28430
277	295323	-28430
278	287347	-28430
279	279371	-28430
280	271395	-28430
281	263419	-28430
282	255442	-28430
283	247466	-28430
284	239490	-28430
285	231514	-28430
286	223538	-28430
287	215561	-28430
288	207585	-28430
289	199609	-28430
290	191633	-28430
291	183657	-28430
292	175680	-28430
293	167704	-28430
294	159728	-28430
295	151752	-28430
296	143776	-28430
297	135799	-28430
298	135799	-32734
299	143776	-32734
300	151752	-32734
301	159728	-32734
302	167704	-32734
303	175680	-32734
304	183657	-32734
305	191633	-32734
306	199609	-32734
307	207585	-32734
308	215561	-32734
309	223538	-32734
310	231514	-32734
311	239490	-32734
312	247466	-32734
313	255442	-32734
314	263419	-32734
315	271395	-32734
316	279371	-32734
317	287347	-32734
318	295323	-32734
319	303299	-32734
320	311276	-32734
321	319252	-32734
322	327228	-32734
323	335204	-32734
324	343180	-32734
325	351157	-32734
326	359133	-32734
327	367109	-32734
328	375085	-32734
329	383061	-32734
330	391038	-32734
331	399014	-32734
332	406990	-32734
333	414966	-32734
334	422942	-32734
335	430919	-32734
336	438895	-32734
337	446871	-32734
338	454847	-32734
339	462823	-32734
340	470800	-32734
341	470800	-37037
342	462823	-37037
343	454847	-37037
344	446871	-37037
345	438895	-37037
346	430919	-37037
347	422942	-37037
348	414966	-37037
349	406990	-37037
350	399014	-37037
351	391038	-37037
352	383061	-37037
353	375085	-37037
354	367109	-37037
355	359133	-37037
356	351157	-37037
357	343180	-37037
358	335204	-37037
359	327228	-37037
360	319252	-37037
361	311276	-37037
362	303299	-37037
363	295323	-37037
364	287347	-37037
365	279371	-37037
366	271395	-37037
367	263419	-37037
368	255442	-37037
369	247466	-37037
370	239490	-37037
371	231514	-37037
372	223538	-37037
373	215561	-37037
374	207585	-37037
375	199609	-37037
376	191633	-37037
377	183657	-37037
378	175680	-37037
379	167704	-37037
380	159728	-37037
381	151752	-37037
382	143776	-37037
383	135799	-37037
384	135799	-41341
385	143776	-41341
386	151752	-41341
387	159728	-41341
388	167704	-41341
389	175680	-41341
390	183657	-41341
391	191633	-41341
392	199609	-41341
393	207585	-41341
394	215561	-41341
395	223538	-41341
396	231514	-41341
397	239490	-41341
398	247466	-41341
399	255442	-41341
400	263419	-41341
401	271395	-41341
402	279371	-41341
403	287347	-41341
404	295323	-41341
405	303299	-41341
406	311276	-41341
407	319252	-41341
408	327228	-41341
409	335204	-41341
410	343180	-41341
411	351157	-41341
412	359133	-41341
413	367109	-41341
414	375085	-41341
415	383061	-41341
416	391038	-41341
417	399014	-41341
418	406990	-41341
419	414966	-41341
420	422942	-41341
421	430919	-41341
422	438895	-41341
423	446871	-41341
424	454847	-41341
425	462823	-41341
426	470800	-41341
427	470800	-45645
428	462823	-45645
429	454847	-45645
430	446871	-45645
431	438895	-45645
432	430919	-45645
433	422942	-45645
434	414966	-45645
435	406990	-45645
436	399014	-45645
437	391038	-45645
438	383061	-45645
439	375085	-45645
440	367109	-45645
441	359133	-45645
442	351157	-45645
443	343180	-45645
444	335204	-45645
445	327228	-45645
446	319252	-45645
447	311276	-45645
448	303299	-45645
449	295323	-45645
450	287347	-45645
451	279371	-45645
452	271395	-45645
453	263419	-45645
454	255442	-45645
455	247466	-45645
456	239490	-45645
457	231514	-45645
458	223538	-45645
459	215561	-45645
460	207585	-45645
461	199609	-45645
462	191633	-45645
463	183657	-45645
464	175680	-45645
465	167704	-45645
466	159728	-45645
467	151752	-45645
468	143776	-45645
469	135799	-45645
470	135799	-49949
471	143776	-49949
472	151752	-49949
473	159728	-49949
474	167704	-49949
475	175680	-49949
476	183657	-49949
477	191633	-49949
478	199609	-49949
479	207585	-49949
480	215561	-49949
481	223538	-49949
482	231514	-49949
483	239490	-49949
484	247466	-49949
485	255442	-49949
486	263419	-49949
487	271395	-49949
488	279371	-49949
489	287347	-49949
490	295323	-49949
491	303299	-49949
492	311276	-49949
493	319252	-49949
494	327228	-49949
495	335204	-49949
496	343180	-49949
497	351157	-49949
498	359133	-49949
499	367109	-49949
500	375085	-49949
501	383061	-49949
502	391038	-49949
503	399014	-49949
504	406990	-49949
505	414966	-49949
506	422942	-49949
507	430919	-49949
508	438895	-49949
509	446871	-49949
510	454847	-49949
511	462823	-49949
512	470800	-49949
513	470800	-54253
514	462823	-54253
515	454847	-54253
516	446871	-54253
517	438895	-54253
518	430919	-54253
519	422942	-54253
520	414966	-54253
521	406990	-54253
522	399014	-54253
523	391038	-54253
524	383061	-54253
525	375085	-54253
526	367109	-54253
527	359133	-54253
528	351157	-54253
529	343180	-54253
530	335204	-54253
531	327228	-54253
532	319252	-54253
533	311276	-54253
534	303299	-54253
535	295323	-54253
536	287347	-54253
537	279371	-54253
538	271395	-54253
539	263419	-54253
540	255442	-54253
541	247466	-54253
542	239490	-54253
543	231514	-54253
544	223538	-54253
545	215561	-54253
546	207585	-54253
547	199609	-54253
548	191633	-54253
549	183657	-54253
550	175680	-54253
551	167704	-54253
552	159728	-54253
553	151752	-54253
554	143776	-54253
555	135799	-54253
556	135799	-58556
557	143776	-58556
558	151752	-58556
559	159728	-58556
560	167704	-58556
561	175680	-58556
562	183657	-58556
563	191633	-58556
564	199609	-58556
565	207585	-58556
566	215561	-58556
567	223538	-58556
568	231514	-58556
569	239490	-58556
570	247466	-58556
571	255442	-58556
572	263419	-58556
573	271395	-58556
574	279371	-58556
575	287347	-58556
576	295323	-58556
577	303299	-58556
578	311276	-58556
579	319252	-58556
580	327228	-58556
581	335204	-58556
582	343180	-58556
583	351157	-58556
584	359133	-58556
585	367109	-58556
586	375085	-58556
587	383061	-58556
588	391038	-58556
589	399014	-58556
590	406990	-58556
591	414966	-58556
592	422942	-58556
593	430919	-58556
594	438895	-58556
595	446871	-58556
596	454847	-58556
597	462823	-58556
598	470800	-58556
599	470800	-62860
600	462823	-62860
601	454847	-62860
602	446871	-62860
603	438895	-62860
604	430919	-62860
605	422942	-62860
606	414966	-62860
607	406990	-62860
608	399014	-62860
609	391038	-62860
610	383061	-62860
611	375085	-62860
612	367109	-62860
613	359133	-62860
614	351157	-62860
615	343180	-62860
616	335204	-62860
617	327228	-62860
618	319252	-62860
619	311276	-62860
620	303299	-62860
621	295323	-62860
622	287347	-62860
623	279371	-62860
624	271395	-62860
625	263419	-62860
626	255442	-62860
627	247466	-62860
628	239490	-62860
629	231514	-62860
630	223538	-62860
631	215561	-62860
632	207585	-62860
633	199609	-62860
634	191633	-62860
635	183657	-62860
636	175680	-62860
637	167704	-62860
638	159728	-62860
639	151752	-62860
640	143776	-62860
641	135799	-62860
642	135799	-67164
643	143776	-67164
644	151752	-67164
645	159728	-67164
646	167704	-67164
647	175680	-67164
648	183657	-67164
649	191633	-67164
650	199609	-67164
651	207585	-67164
652	215561	-67164
653	223538	-67164
654	231514	-67164
655	239490	-67164
656	247466	-67164
657	255442	-67164
658	263419	-67164
659	271395	-67164
660	279371	-67164
661	287347	-67164
662	295323	-67164
663	303299	-67164
664	311276	-67164
665	319252	-67164
666	327228	-67164
667	335204	-67164
668	343180	-67164
669	351157	-67164
670	359133	-67164
671	367109	-67164
672	375085	-67164
673	383061	-67164
674	391038	-67164
675	399014	-67164
676	406990	-67164
677	414966	-67164
678	422942	-67164
679	430919	-67164
680	438895	-67164
681	446871	-67164
682	454847	-67164
683	462823	-67164
684	470800	-67164
685	470800	-71468
686	462823	-71468
687	454847	-71468
688	446871	-71468
689	438895	-71468
690	430919	-71468
691	422942	-71468
692	414966	-71468
693	406990	-71468
694	399014	-71468
695	391038	-71468
696	383061	-71468
697	375085	-71468
698	367109	-71468
699	359133	-71468
700	351157	-71468
701	343180	-71468
702	335204	-71468
703	327228	-71468
704	319252	-71468
705	311276	-71468
706	303299	-71468
707	295323	-71468
708	287347	-71468
709	279371	-71468
710	271395	-71468
711	263419	-71468
712	255442	-71468
713	247466	-71468
714	239490	-71468
715	231514	-71468
716	223538	-71468
717	215561	-71468
718	207585	-71468
719	199609	-71468
720	191633	-71468
721	183657	-71468
722	175680	-71468
723	167704	-71468
724	159728	-71468
725	151752	-71468
726	143776	-71468
727	135799	-71468
728	135799	-75772
729	143776	-75772
730	151752	-75772
731	159728	-75772
732	167704	-75772
733	175680	-75772
734	183657	-75772
735	191633	-75772
736	199609	-75772
737	207585	-75772
738	215561	-75772
739	223538	-75772
740	231514	-75772
741	239490	-75772
742	247466	-75772
743	255442	-75772
744	263419	-75772
745	271395	-75772
746	279371	-75772
747	287347	-75772
748	295323	-75772
749	303299	-75772
750	311276	-75772
751	319252	-75772
752	327228	-75772
753	335204	-75772
754	343180	-75772
755	351157	-75772
756	359133	-75772
757	367109	-75772
758	375085	-75772
759	383061	-75772
760	391038	-75772
761	399014	-75772
762	406990	-75772
763	414966	-75772
764	422942	-75772
765	430919	-75772
766	438895	-75772
767	446871	-75772
768	454847	-75772
769	462823	-75772
770	470800	-75772
771	470800	-80075
772	462823	-80075
773	454847	-80075
774	446871	-80075
775	438895	-80075
776	430919	-80075
777	422942	-80075
778	414966	-80075
779	406990	-80075
780	399014	-80075
781	391038	-80075
782	383061	-80075
783	375085	-80075
784	367109	-80075
785	359133	-80075
786	351157	-80075
787	343180	-80075
788	335204	-80075
789	327228	-80075
790	319252	-80075
791	311276	-80075
792	303299	-80075
793	295323	-80075
794	287347	-80075
795	279371	-80075
796	271395	-80075
797	263419	-80075
798	255442	-80075
799	247466	-80075
800	239490	-80075
801	231514	-80075
802	223538	-80075
803	215561	-80075
804	207585	-80075
805	199609	-80075
806	191633	-80075
807	183657	-80075
808	175680	-80075
809	167704	-80075
810	159728	-80075
811	151752	-80075
812	143776	-80075
813	135799	-80075
814	135799	-84379
815	143776	-84379
816	151752	-84379
817	159728	-84379
818	167704	-84379
819	175680	-84379
820	183657	-84379
821	191633	-84379
822	199609	-84379
823	207585	-84379
824	215561	-84379
825	223538	-84379
826	231514	-84379
827	239490	-84379
828	247466	-84379
829	255442	-84379
830	263419	-84379
831	271395	-84379
832	279371	-84379
833	287347	-84379
834	295323	-84379
835	303299	-84379
836	311276	-84379
837	319252	-84379
838	327228	-84379
839	335204	-84379
840	343180	-84379
841	351157	-84379
842	359133	-84379
843	367109	-84379
844	375085	-84379
845	383061	-84379
846	391038	-84379
847	399014	-84379
848	406990	-84379
849	414966	-84379
850	422942	-84379
851	430919	-84379
852	438895	-84379
853	446871	-84379
854	454847	-84379
855	462823	-84379
856	470800	-84379
857	470800	-88683
858	462823	-88683
859	454847	-88683
860	446871	-88683
861	438895	-88683
862	430919	-88683
863	422942	-88683
864	414966	-88683
865	406990	-88683
866	399014	-88683
867	391038	-88683
868	383061	-88683
869	375085	-88683
870	367109	-88683
871	359133	-88683
872	351157	-88683
873	343180	-88683
874	335204	-88683
875	327228	-88683
876	319252	-88683
877	311276	-88683
878	303299	-88683
879	295323	-88683
880	287347	-88683
881	279371	-88683
882	271395	-88683
883	263419	-88683
884	255442	-88683
885	247466	-88683
886	239490	-88683
887	231514	-88683
888	223538	-88683
889	215561	-88683
890	207585	-88683
891	199609	-88683
892	191633	-88683
893	183657	-88683
894	175680	-88683
895	167704	-88683
896	159728	-88683
897	151752	-88683
898	143776	-88683
899	135799	-88683
900	135799	-92987
901	143776	-92987
902	151752	-92987
903	159728	-92987
904	167704	-92987
905	175680	-92987
906	183657	-92987
907	191633	-92987
908	199609	-92987
909	207585	-92987
910	215561	-92987
911	223538	-92987
912	231514	-92987
913	239490	-92987
914	247466	-92987
915	255442	-92987
916	263419	-92987
917	271395	-92987
918	279371	-92987
919	287347	-92987
920	295323	-92987
921	303299	-92987
922	311276	-92987
923	319252	-92987
924	327228	-92987
925	335204	-92987
926	343180	-92987
927	351157	-92987
928	359133	-92987
929	367109	-92987
930	375085	-92987
931	383061	-92987
932	391038	-92987
933	399014	-92987
934	406990	-92987
935	414966	-92987
936	422942	-92987
937	430919	-92987
938	438895	-92987
939	446871	-92987
940	454847	-92987
941	462823	-92987
942	470800	-92987
943	470800	-97291
944	462823	-97291
945	454847	-97291
946	446871	-97291
947	438895	-97291
948	430919	-97291
949	422942	-97291
950	414966	-97291
951	406990	-97291
952	399014	-97291
953	391038	-97291
954	383061	-97291
955	375085	-97291
956	367109	-97291
957	359133	-97291
958	351157	-97291
959	343180	-97291
960	335204	-97291
961	327228	-97291
962	319252	-97291
963	311276	-97291
964	303299	-97291
965	295323	-97291
966	287347	-97291
967	279371	-97291
968	271395	-97291
969	263419	-97291
970	255442	-97291
971	247466	-97291
972	239490	-97291
973	231514	-97291
974	223538	-97291
975	215561	-97291
976	207585	-97291
977	199609	-97291
978	191633	-97291
979	183657	-97291
980	175680	-97291
981	167704	-97291
982	159728	-97291
983	151752	-97291
984	143776	-97291
985	135799	-97291
986	135799	-101594
987	143776	-101594
988	151752	-101594
989	159728	-101594
990	167704	-101594
991	175680	-101594
992	183657	-101594
993	191633	-101594
994	199609	-101594
995	207585	-101594
996	215561	-101594
997	223538	-101594
998	231514	-101594
999	239490	-101594
1000	247466	-101594
1001	255442	-101594
1002	263419	-101594
1003	271395	-101594
1004	279371	-101594
1005	287347	-101594
1006	295323	-101594
1007	303299	-101594
1008	311276	-101594
1009	319252	-101594
1010	327228	-101594
1011	335204	-101594
1012	343180	-101594
1013	351157	-101594
1014	359133	-101594
1015	367109	-101594
1016	375085	-101594
1017	383061	-101594
1018	391038	-101594
1019	399014	-101594
1020	406990	-101594
1021	414966	-101594
1022	422942	-101594
1023	430919	-101594
1024	438895	-101594
1025	446871	-101594
1026	454847	-101594
1027	462823	-101594
1028	470800	-101594
1029	470800	-105898
1030	462823	-105898
1031	454847	-105898
1032	446871	-105898
1033	438895	-105898
1034	430919	-105898
1035	422942	-105898
1036	414966	-105898
1037	406990	-105898
1038	399014	-105898
1039	391038	-105898
1040	383061	-105898
1041	375085	-105898
1042	367109	-105898
1043	359133	-105898
1044	351157	-105898
1045	343180	-105898
1046	335204	-105898
1047	327228	-105898
1048	319252	-105898
1049	311276	-105898
1050	303299	-105898
1051	295323	-105898
1052	287347	-105898
1053	279371	-105898
1054	271395	-105898
1055	263419	-105898
1056	255442	-105898
1057	247466	-105898
1058	239490	-105898
1059	231514	-105898
1060	223538	-105898
1061	215561	-105898
1062	207585	-105898
1063	199609	-105898
1064	191633	-105898
1065	183657	-105898
1066	175680	-105898
1067	167704	-105898
1068	159728	-105898
1069	151752	-105898
1070	143776	-105898
1071	135799	-105898
1072	135799	-110202
1073	143776	-110202
1074	151752	-110202
1075	159728	-110202
1076	167704	-110202
1077	175680	-110202
1078	183657	-110202
1079	191633	-110202
1080	199609	-110202
1081	207585	-110202
1082	215561	-110202
1083	223538	-110202
1084	231514	-110202
1085	239490	-110202
1086	247466	-110202
1087	255442	-110202
1088	263419	-110202
1089	271395	-110202
1090	279371	-110202
1091	287347	-110202
1092	295323	-110202
1093	303299	-110202
1094	311276	-110202
1095	319252	-110202
1096	327228	-110202
1097	335204	-110202
1098	343180	-110202
1099	351157	-110202
1100	359133	-110202
1101	367109	-110202
1102	375085	-110202
1103	383061	-110202
1104	391038	-110202
1105	399014	-110202
1106	406990	-110202
1107	414966	-110202
1108	422942	-110202
1109	430919	-110202
1110	438895	-110202
1111	446871	-110202
1112	454847	-110202
1113	462823	-110202
1114	470800	-110202
1115	470800	-114506
1116	462823	-114506
1117	454847	-114506
1118	446871	-114506
1119	438895	-114506
1120	430919	-114506
1121	422942	-114506
1122	414966	-114506
1123	406990	-114506
1124	399014	-114506
1125	391038	-114506
1126	383061	-114506
1127	375085	-114506
1128	367109	-114506
1129	359133	-114506
1130	351157	-114506
1131	343180	-114506
1132	335204	-114506
1133	327228	-114506
1134	319252	-114506
1135	311276	-114506
1136	303299	-114506
1137	295323	-114506
1138	287347	-114506
1139	279371	-114506
1140	271395	-114506
1141	263419	-114506
1142	255442	-114506
1143	247466	-114506
1144	239490	-114506
1145	231514	-114506
1146	223538	-114506
1147	215561	-114506
1148	207585	-114506
1149	199609	-114506
1150	191633	-114506
1151	183657	-114506
1152	175680	-114506
1153	167704	-114506
1154	159728	-114506
1155	151752	-114506
1156	143776	-114506
1157	135799	-114506
1158	135799	-118810
1159	143776	-118810
1160	151752	-118810
1161	159728	-118810
1162	167704	-118810
1163	175680	-118810
1164	183657	-118810
1165	191633	-118810
1166	199609	-118810
1167	207585	-118810
1168	215561	-118810
1169	223538	-118810
1170	231514	-118810
1171	239490	-118810
1172	247466	-118810
1173	255442	-118810
1174	263419	-118810
1175	271395	-118810
1176	279371	-118810
1177	287347	-118810
1178	295323	-118810
1179	303299	-118810
1180	311276	-118810
1181	319252	-118810
1182	327228	-118810
1183	335204	-118810
1184	343180	-118810
1185	351157	-118810
1186	359133	-118810
1187	367109	-118810
1188	375085	-118810
1189	383061	-118810
1190	391038	-118810
1191	399014	-118810
1192	406990	-118810
1193	414966	-118810
1194	422942	-118810
1195	430919	-118810
1196	438895	-118810
1197	446871	-118810
1198	454847	-118810
1199	462823	-118810
1200	470800	-118810
1201	470800	-123113
1202	462823	-123113
1203	454847	-123113
1204	446871	-123113
1205	438895	-123113
1206	430919	-123113
1207	422942	-123113
1208	414966	-123113
1209	406990	-123113
1210	399014	-123113
1211	391038	-123113
1212	383061	-123113
1213	375085	-123113
1214	367109	-123113
1215	359133	-123113
1216	351157	-123113
1217	343180	-123113
1218	335204	-123113
1219	327228	-123113
1220	319252	-123113
1221	311276	-123113
1222	303299	-123113
1223	295323	-123113
1224	287347	-123113
1225	279371	-123113
1226	271395	-123113
1227	263419	-123113
1228	255442	-123113
1229	247466	-123113
1230	239490	-123113
1231	231514	-123113
1232	223538	-123113
1233	215561	-123113
1234	207585	-123113
1235	199609	-123113
1236	191633	-123113
1237	183657	-123113
1238	175680	-123113
1239	167704	-123113
1240	159728	-123113
1241	151752	-123113
1242	143776	-123113
1243	135799	-123113
1244	135799	-127417
1245	143776	-127417
1246	151752	-127417
1247	159728	-127417
1248	167704	-127417
1249	175680	-127417
1250	183657	-127417
1251	191633	-127417
1252	199609	-127417
1253	207585	-127417
1254	215561	-127417
1255	223538	-127417
1256	231514	-127417
1257	239490	-127417
1258	247466	-127417
1259	255442	-127417
1260	263419	-127417
1261	271395	-127417
1262	279371	-127417
1263	287347	-127417
1264	295323	-127417
1265	303299	-127417
1266	311276	-127417
1267	319252	-127417
1268	327228	-127417
1269	335204	-127417
1270	343180	-127417
1271	351157	-127417
1272	359133	-127417
1273	367109	-127417
1274	375085	-127417
1275	383061	-127417
1276	391038	-127417
1277	399014	-127417
1278	406990	-127417
1279	414966	-127417
1280	422942	-127417
1281	430919	-127417
1282	438895	-127417
1283	446871	-127417
1284	454847	-127417
1285	462823	-127417
1286	470800	-127417
1287	470800	-131721
1288	462823	-131721
1289	454847	-131721
1290	446871	-131721
1291	438895	-131721
1292	430919	-131721
1293	422942	-131721
1294	414966	-131721
1295	406990	-131721
1296	399014	-131721
1297	391038	-131721
1298	383061	-131721
1299	375085	-131721
1300	367109	-131721
1301	359133	-131721
1302	351157	-131721
1303	343180	-131721
1304	335204	-131721
1305	327228	-131721
1306	319252	-131721
1307	311276	-131721
1308	303299	-131721
1309	295323	-131721
1310	287347	-131721
1311	279371	-131721
1312	271395	-131721
1313	263419	-131721
1314	255442	-131721
1315	247466	-131721
1316	239490	-131721
1317	231514	-131721
1318	223538	-131721
1319	215561	-131721
1320	207585	-131721
1321	199609	-131721
1322	191633	-131721
1323	183657	-131721
1324	175680	-131721
1325	167704	-131721
1326	159728	-131721
1327	151752	-131721
1328	143776	-131721
1329	135799	-131721
1330	135799	-136025
1331	143776	-136025
1332	151752	-136025
1333	159728	-136025
1334	167704	-136025
1335	175680	-136025
1336	183657	-136025
1337	191633	-136025
1338	199609	-136025
1339	207585	-136025
1340	215561	-136025
1341	223538	-136025
1342	231514	-136025
1343	239490	-136025
1344	247466	-136025
1345	255442	-136025
1346	263419	-136025
1347	271395	-136025
1348	279371	-136025
1349	287347	-136025
1350	295323	-136025
1351	303299	-136025
1352	311276	-136025
1353	319252	-136025
1354	327228	-136025
1355	335204	-136025
1356	343180	-136025
1357	351157	-136025
1358	359133	-136025
1359	367109	-136025
1360	375085	-136025
1361	383061	-136025
1362	391038	-136025
1363	399014	-136025
1364	406990	-136025
1365	414966	-136025
1366	422942	-136025
1367	430919	-136025
1368	438895	-136025
1369	446871	-136025
1370	454847	-136025
1371	462823	-136025
1372	470800	-136025
1373	470800	-140329
1374	462823	-140329
1375	454847	-140329
1376	446871	-140329
1377	438895	-140329
1378	430919	-140329
1379	422942	-140329
1380	414966	-140329
1381	406990	-140329
1382	399014	-140329
1383	391038	-140329
1384	383061	-140329
1385	375085	-140329
1386	367109	-140329
1387	359133	-140329
1388	351157	-140329
1389	343180	-140329
1390	335204	-140329
1391	327228	-140329
1392	319252	-140329
1393	311276	-140329
1394	303299	-140329
1395	295323	-140329
1396	287347	-140329
1397	279371	-140329
1398	271395	-140329
1399	263419	-140329
1400	255442	-140329
1401	247466	-140329
1402	239490	-140329
1403	231514	-140329
1404	223538	-140329
1405	215561	-140329
1406	207585	-140329
1407	199609	-140329
1408	191633	-140329
1409	183657	-140329
1410	175680	-140329
1411	167704	-140329
1412	159728	-140329
1413	151752	-140329
1414	143776	-140329
1415	135799	-140329
1416	135799	-144632
1417	143776	-144632
1418	151752	-144632
1419	159728	-144632
1420	167704	-144632
1421	175680	-144632
1422	183657	-144632
1423	191633	-144632
1424	199609	-144632
1425	207585	-144632
1426	215561	-144632
1427	223538	-144632
1428	231514	-144632
1429	239490	-144632
1430	247466	-144632
1431	255442	-144632
1432	263419	-144632
1433	271395	-144632
1434	279371	-144632
1435	287347	-144632
1436	295323	-144632
1437	303299	-144632
1438	311276	-144632
1439	319252	-144632
1440	327228	-144632
1441	335204	-144632
1442	343180	-144632
1443	351157	-144632
1444	359133	-144632
1445	367109	-144632
1446	375085	-144632
1447	383061	-144632
1448	391038	-144632
1449	399014	-144632
1450	406990	-144632
1451	414966	-144632
1452	422942	-144632
1453	430919	-144632
1454	438895	-144632
1455	446871	-144632
1456	454847	-144632
1457	462823	-144632
1458	470800	-144632
1459	470800	-148936
1460	462823	-148936
1461	454847	-148936
1462	446871	-148936
1463	438895	-148936
1464	430919	-148936
1465	422942	-148936
1466	414966	-148936
1467	406990	-148936
1468	399014	-148936
1469	391038	-148936
1470	383061	-148936
1471	375085	-148936
1472	367109	-148936
1473	359133	-148936
1474	351157	-148936
1475	343180	-148936
1476	335204	-148936
1477	327228	-148936
1478	319252	-148936
1479	311276	-148936
1480	303299	-148936
1481	295323	-148936
1482	287347	-148936
1483	279371	-148936
1484	271395	-148936
1485	263419	-148936
1486	255442	-148936
1487	247466	-148936
1488	239490	-148936
1489	231514	-148936
1490	223538	-148936
1491	215561	-148936
1492	207585	-148936
1493	199609	-148936
1494	191633	-148936
1495	183657	-148936
1496	175680	-148936
1497	167704	-148936
1498	159728	-148936
1499	151752	-148936
1500	143776	-148936
1501	135799	-148936
1502	135799	-153240
1503	143776	-153240
1504	151752	-153240
1505	159728	-153240
1506	167704	-153240
1507	175680	-153240
1508	183657	-153240
1509	191633	-153240
1510	199609	-153240
1511	207585	-153240
1512	215561	-153240
1513	223538	-153240
1514	231514	-153240
1515	239490	-153240
1516	247466	-153240
1517	255442	-153240
1518	263419	-153240
1519	271395	-153240
1520	279371	-153240
1521	287347	-153240
1522	295323	-153240
1523	303299	-153240
1524	311276	-153240
1525	319252	-153240
1526	327228	-153240
1527	335204	-153240
1528	343180	-153240
1529	351157	-153240
1530	359133	-153240
1531	367109	-153240
1532	375085	-153240
1533	383061	-153240
1534	391038	-153240
1535	399014	-153240
1536	406990	-153240
1537	414966	-153240
1538	422942	-153240
1539	430919	-153240
1540	438895	-153240
1541	446871	-153240
1542	454847	-153240
1543	462823	-153240
1544	470800	-153240
1545	470800	-157544
1546	462823	-157544
1547	454847	-157544
1548	446871	-157544
1549	438895	-157544
1550	430919	-157544
1551	422942	-157544
1552	414966	-157544
1553	406990	-157544
1554	399014	-157544
1555	391038	-157544
1556	383061	-157544
1557	375085	-157544
1558	367109	-157544
1559	359133	-157544
1560	351157	-157544
1561	343180	-157544
1562	335204	-157544
1563	327228	-157544
1564	319252	-157544
1565	311276	-157544
1566	303299	-157544
1567	295323	-157544
1568	287347	-157544
1569	279371	-157544
1570	271395	-157544
1571	263419	-157544
1572	255442	-157544
1573	247466	-157544
1574	239490	-157544
1575	231514	-157544
1576	223538	-157544
1577	215561	-157544
1578	207585	-157544
1579	199609	-157544
1580	191633	-157544
1581	183657	-157544
1582	175680	-157544
1583	167704	-157544
1584	159728	-157544
1585	151752	-157544
1586	143776	-157544
1587	135799	-157544
1588	135799	-161848
1589	143776	-161848
1590	151752	-161848
1591	159728	-161848
1592	167704	-161848
1593	175680	-161848
1594	183657	-161848
1595	191633	-161848
1596	199609	-161848
1597	207585	-161848
1598	215561	-161848
1599	223538	-161848
1600	231514	-161848
1601	239490	-161848
1602	247466	-161848
1603	255442	-161848
1604	263419	-161848
1605	271395	-161848
1606	279371	-161848
1607	287347	-161848
1608	295323	-161848
1609	303299	-161848
1610	311276	-161848
1611	319252	-161848
1612	327228	-161848
1613	335204	-161848
1614	343180	-161848
1615	351157	-161848
1616	359133	-161848
1617	367109	-161848
1618	375085	-161848
1619	383061	-161848
1620	391038	-161848
1621	399014	-161848
1622	406990	-161848
1623	414966	-161848
1624	422942	-161848
1625	430919	-161848
1626	438895	-161848
1627	446871	-161848
1628	454847	-161848
1629	462823	-161848
1630	470800	-161848
1631	470800	-166151
1632	462823	-166151
1633	454847	-166151
1634	446871	-166151
1635	438895	-166151
1636	430919	-166151
1637	422942	-166151
1638	414966	-166151
1639	406990	-166151
1640	399014	-166151
1641	391038	-166151
1642	383061	-166151
1643	375085	-166151
1644	367109	-166151
1645	359133	-166151
1646	351157	-166151
1647	343180	-166151
1648	335204	-166151
1649	327228	-166151
1650	319252	-166151
1651	311276	-166151
1652	303299	-166151
1653	295323	-166151
1654	287347	-166151
1655	279371	-166151
1656	271395	-166151
1657	263419	-166151
1658	255442	-166151
1659	247466	-166151
1660	239490	-166151
1661	231514	-166151
1662	223538	-166151
1663	215561	-166151
1664	207585	-166151
1665	199609	-166151
1666	191633	-166151
1667	183657	-166151
1668	175680	-166151
1669	167704	-166151
1670	159728	-166151
1671	151752	-166151
1672	143776	-166151
1673	135799	-166151
1674	135799	-170455
1675	143776	-170455
1676	151752	-170455
1677	159728	-170455
1678	167704	-170455
1679	175680	-170455
1680	183657	-170455
1681	191633	-170455
1682	199609	-170455
1683	207585	-170455
1684	215561	-170455
1685	223538	-170455
1686	231514	-170455
1687	239490	-170455
1688	247466	-170455
1689	255442	-170455
1690	263419	-170455
1691	271395	-170455
1692	279371	-170455
1693	287347	-170455
1694	295323	-170455
1695	303299	-170455
1696	311276	-170455
1697	319252	-170455
1698	327228	-170455
1699	335204	-170455
1700	343180	-170455
1701	351157	-170455
1702	359133	-170455
1703	367109	-170455
1704	375085	-170455
1705	383061	-170455
1706	391038	-170455
1707	399014	-170455
1708	406990	-170455
1709	414966	-170455
1710	422942	-170455
1711	430919	-170455
1712	438895	-170455
1713	446871	-170455
1714	454847	-170455
1715	462823	-170455
1716	470800	-170455
1717	470800	-174759
1718	462823	-174759
1719	454847	-174759
1720	446871	-174759
1721	438895	-174759
1722	430919	-174759
1723	422942	-174759
1724	414966	-174759
1725	406990	-174759
1726	399014	-174759
1727	391038	-174759
1728	383061	-174759
1729	375085	-174759
1730	367109	-174759
1731	359133	-174759
1732	351157	-174759
1733	343180	-174759
1734	335204	-174759
1735	327228	-174759
1736	319252	-174759
1737	311276	-174759
1738	303299	-174759
1739	295323	-174759
1740	287347	-174759
1741	279371	-174759
1742	271395	-174759
1743	263419	-174759
1744	255442	-174759
1745	247466	-174759
1746	239490	-174759
1747	231514	-174759
1748	223538	-174759
1749	215561	-174759
1750	207585	-174759
1751	199609	-174759
1752	191633	-174759
1753	183657	-174759
1754	175680	-174759
1755	167704	-174759
1756	159728	-174759
1757	151752	-174759
1758	143776	-174759
1759	135799	-174759
1760	135799	-179063
1761	143776	-179063
1762	151752	-179063
1763	159728	-179063
1764	167704	-179063
1765	175680	-179063
1766	183657	-179063
1767	191633	-179063
1768	199609	-179063
1769	207585	-179063
1770	215561	-179063
1771	223538	-179063
1772	231514	-179063
1773	239490	-179063
1774	247466	-179063
1775	255442	-179063
1776	263419	-179063
1777	271395	-179063
1778	279371	-179063
1779	287347	-179063
1780	295323	-179063
1781	303299	-179063
1782	311276	-179063
1783	319252	-179063
1784	327228	-179063
1785	335204	-179063
1786	343180	-179063
1787	351157	-179063
1788	359133	-179063
1789	367109	-179063
1790	375085	-179063
1791	383061	-179063
1792	391038	-179063
1793	399014	-179063
1794	406990	-179063
1795	414966	-179063
1796	422942	-179063
1797	430919	-179063
1798	438895	-179063
1799	446871	-179063
1800	454847	-179063
1801	462823	-179063
1802	470800	-179063
1803	470800	-183367
1804	462823	-183367
1805	454847	-183367
1806	446871	-183367
1807	438895	-183367
1808	430919	-183367
1809	422942	-183367
1810	414966	-183367
1811	406990	-183367
1812	399014	-183367
1813	391038	-183367
1814	383061	-183367
1815	375085	-183367
1816	367109	-183367
1817	359133	-183367
1818	351157	-183367
1819	343180	-183367
1820	335204	-183367
1821	327228	-183367
1822	319252	-183367
1823	311276	-183367
1824	303299	-183367
1825	295323	-183367
1826	287347	-183367
1827	279371	-183367
1828	271395	-183367
1829	263419	-183367
1830	255442	-183367
1831	247466	-183367
1832	239490	-183367
1833	231514	-183367
1834	223538	-183367
1835	215561	-183367
1836	207585	-183367
1837	199609	-183367
1838	191633	-183367
1839	183657	-183367
1840	175680	-183367
1841	167704	-183367
1842	159728	-183367
1843	151752	-183367
1844	143776	-183367
1845	135799	-183367
1846	135799	-187670
1847	143776	-187670
1848	151752	-187670
1849	159728	-187670
1850	167704	-187670
1851	175680	-187670
1852	183657	-187670
1853	191633	-187670
1854	199609	-187670
1855	207585	-187670
1856	215561	-187670
1857	223538	-187670
1858	231514	-187670
1859	239490	-187670
1860	247466	-187670
1861	255442	-187670
1862	263419	-187670
1863	271395	-187670
1864	279371	-187670
1865	287347	-187670
1866	295323	-187670
1867	303299	-187670
1868	311276	-187670
1869	319252	-187670
1870	327228	-187670
1871	335204	-187670
1872	343180	-187670
1873	351157	-187670
1874	359133	-187670
1875	367109	-187670
1876	375085	-187670
1877	383061	-187670
1878	391038	-187670
1879	399014	-187670
1880	406990	-187670
1881	414966	-187670
1882	422942	-187670
1883	430919	-187670
1884	438895	-187670
1885	446871	-187670
1886	454847	-187670
1887	462823	-187670
1888	470800	-187670
1889	470800	-191974
1890	462823	-191974
1891	454847	-191974
1892	446871	-191974
1893	438895	-191974
1894	430919	-191974
1895	422942	-191974
1896	414966	-191974
1897	406990	-191974
1898	399014	-191974
1899	391038	-191974
1900	383061	-191974
1901	375085	-191974
1902	367109	-191974
1903	359133	-191974
1904	351157	-191974
1905	343180	-191974
1906	335204	-191974
1907	327228	-191974
1908	319252	-191974
1909	311276	-191974
1910	303299	-191974
1911	295323	-191974
1912	287347	-191974
1913	279371	-191974
1914	271395	-191974
1915	263419	-191974
1916	255442	-191974
1917	247466	-191974
1918	239490	-191974
1919	231514	-191974
1920	223538	-191974
1921	215561	-191974
1922	207585	-191974
1923	199609	-191974
1924	191633	-191974
1925	183657	-191974
1926	175680	-191974
1927	167704	-191974
1928	159728	-191974
1929	151752	-191974
1930	143776	-191974
1931	135799	-191974
1932	135799	-196278
1933	143776	-196278
1934	151752	-196278
1935	159728	-196278
1936	167704	-196278
1937	175680	-196278
1938	183657	-196278
1939	191633	-196278
1940	199609	-196278
1941	207585	-196278
1942	215561	-196278
1943	223538	-196278
1944	231514	-196278
1945	239490	-196278
1946	247466	-196278
1947	255442	-196278
1948	263419	-196278
1949	271395	-196278
1950	279371	-196278
1951	287347	-196278
1952	295323	-196278
1953	303299	-196278
1954	311276	-196278
1955	319252	-196278
1956	327228	-196278
1957	335204	-196278
1958	343180	-196278
1959	351157	-196278
1960	359133	-196278
1961	367109	-196278
1962	375085	-196278
1963	383061	-196278
1964	391038	-196278
1965	399014	-196278
1966	406990	-196278
1967	414966	-196278
1968	422942	-196278
1969	430919	-196278
1970	438895	-196278
1971	446871	-196278
1972	454847	-196278
1973	462823	-196278
1974	470800	-196278
1975	470800	-200582
1976	462823	-200582
1977	454847	-200582
1978	446871	-200582
1979	438895	-200582
1980	430919	-200582
1981	422942	-200582
1982	414966	-200582
1983	406990	-200582
1984	399014	-200582
1985	391038	-200582
1986	383061	-200582
1987	375085	-200582
1988	367109	-200582
1989	359133	-200582
1990	351157	-200582
1991	343180	-200582
1992	335204	-200582
1993	327228	-200582
1994	319252	-200582
1995	311276	-200582
1996	303299	-200582
1997	295323	-200582
1998	287347	-200582
1999	279371	-200582
2000	271395	-200582
2001	263419	-200582
2002	255442	-200582
2003	247466	-200582
2004	239490	-200582
2005	231514	-200582
2006	223538	-200582
2007	215561	-200582
2008	207585	-200582
2009	199609	-200582
2010	191633	-200582
2011	183657	-200582
2012	175680	-200582
2013	167704	-200582
2014	159728	-200582
2015	151752	-200582
2016	143776	-200582
2017	135799	-200582
2018	135799	-204886
2019	143776	-204886
2020	151752	-204886
2021	159728	-204886
2022	167704	-204886
2023	175680	-204886
2024	183657	-204886
2025	191633	-204886
2026	199609	-204886
2027	207585	-204886
2028	215561	-204886
2029	223538	-204886
2030	231514	-204886
2031	239490	-204886
2032	247466	-204886
2033	255442	-204886
2034	263419	-204886
2035	271395	-204886
2036	279371	-204886
2037	287347	-204886
2038	295323	-204886
2039	303299	-204886
2040	311276	-204886
2041	319252	-204886
2042	327228	-204886
2043	335204	-204886
2044	343180	-204886
2045	351157	-204886
2046	359133	-204886
2047	367109	-204886
2048	375085	-204886
2049	383061	-204886
2050	391038	-204886
2051	399014	-204886
2052	406990	-204886
2053	414966	-204886
2054	422942	-204886
2055	430919	-204886
2056	438895	-204886
2057	446871	-204886
2058	454847	-204886
2059	462823	-204886
2060	470800	-204886
2061	470800	-209189
2062	462823	-209189
2063	454847	-209189
2064	446871	-209189
2065	438895	-209189
2066	430919	-209189
2067	422942	-209189
2068	414966	-209189
2069	406990	-209189
2070	399014	-209189
2071	391038	-209189
2072	383061	-209189
2073	375085	-209189
2074	367109	-209189
2075	359133	-209189
2076	351157	-209189
2077	343180	-209189
2078	335204	-209189
2079	327228	-209189
2080	319252	-209189
2081	311276	-209189
2082	303299	-209189
2083	295323	-209189
2084	287347	-209189
2085	279371	-209189
2086	271395	-209189
2087	263419	-209189
2088	255442	-209189
2089	247466	-209189
2090	239490	-209189
2091	231514	-209189
2092	223538	-209189
2093	215561	-209189
2094	207585	-209189
2095	199609	-209189
2096	191633	-209189
2097	183657	-209189
2098	175680	-209189
2099	167704	-209189
2100	159728	-209189
2101	151752	-209189
2102	143776	-209189
2103	135799	-209189
2104	135799	-213493
2105	143776	-213493
2106	151752	-213493
2107	159728	-213493
2108	167704	-213493
2109	175680	-213493
2110	183657	-213493
2111	191633	-213493
2112	199609	-213493
2113	207585	-213493
2114	215561	-213493
2115	223538	-213493
2116	231514	-213493
2117	239490	-213493
2118	247466	-213493
2119	255442	-213493
2120	263419	-213493
2121	271395	-213493
2122	279371	-213493
2123	287347	-213493
2124	295323	-213493
2125	303299	-213493
2126	311276	-213493
2127	319252	-213493
2128	327228	-213493
2129	335204	-213493
2130	343180	-213493
2131	351157	-213493
2132	359133	-213493
2133	367109	-213493
2134	375085	-213493
2135	383061	-213493
2136	391038	-213493
2137	399014	-213493
2138	406990	-213493
2139	414966	-213493
2140	422942	-213493
2141	430919	-213493
2142	438895	-213493
2143	446871	-213493
2144	454847	-213493
2145	462823	-213493
2146	470800	-213493
2147	470800	-217797
2148	462823	-217797
2149	454847	-217797
2150	446871	-217797
2151	438895	-217797
2152	430919	-217797
2153	422942	-217797
2154	414966	-217797
2155	406990	-217797
2156	399014	-217797
2157	391038	-217797
2158	383061	-217797
2159	375085	-217797
2160	367109	-217797
2161	359133	-217797
2162	351157	-217797
2163	343180	-217797
2164	335204	-217797
2165	327228	-217797
2166	319252	-217797
2167	311276	-217797
2168	303299	-217797
2169	295323	-217797
2170	287347	-217797
2171	279371	-217797
2172	271395	-217797
2173	263419	-217797
2174	255442	-217797
2175	247466	-217797
2176	239490	-217797
2177	231514	-217797
2178	223538	-217797
2179	215561	-217797
2180	207585	-217797
2181	199609	-217797
2182	191633	-217797
2183	183657	-217797
2184	175680	-217797
2185	167704	-217797
2186	159728	-217797
2187	151752	-217797
2188	143776	-217797
2189	135799	-217797
2190	135799	-222101
2191	143776	-222101
2192	151752	-222101
2193	159728	-222101
2194	167704	-222101
2195	175680	-222101
2196	183657	-222101
2197	191633	-222101
2198	199609	-222101
2199	207585	-222101
2200	215561	-222101
2201	223538	-222101
2202	231514	-222101
2203	239490	-222101
2204	247466	-222101
2205	255442	-222101
2206	263419	-222101
2207	271395	-222101
2208	279371	-222101
2209	287347	-222101
2210	295323	-222101
2211	303299	-222101
2212	311276	-222101
2213	319252	-222101
2214	327228	-222101
2215	335204	-222101
2216	343180	-222101
2217	351157	-222101
2218	359133	-222101
2219	367109	-222101
2220	375085	-222101
2221	383061	-222101
2222	391038	-222101
2223	399014	-222101
2224	406990	-222101
2225	414966	-222101
2226	422942	-222101
2227	430919	-222101
2228	438895	-222101
2229	446871	-222101
2230	454847	-222101
2231	462823	-222101
2232	470800	-222101
2233	470800	-226405
2234	462823	-226405
2235	454847	-226405
2236	446871	-226405
2237	438895	-226405
2238	430919	-226405
2239	422942	-226405
2240	414966	-226405
2241	406990	-226405
2242	399014	-226405
2243	391038	-226405
2244	383061	-226405
2245	375085	-226405
2246	367109	-226405
2247	359133	-226405
2248	351157	-226405
2249	343180	-226405
2250	335204	-226405
2251	327228	-226405
2252	319252	-226405
2253	311276	-226405
2254	303299	-226405
2255	295323	-226405
2256	287347	-226405
2257	279371	-226405
2258	271395	-226405
2259	263419	-226405
2260	255442	-226405
2261	247466	-226405
2262	239490	-226405
2263	231514	-226405
2264	223538	-226405
2265	215561	-226405
2266	207585	-226405
2267	199609	-226405
2268	191633	-226405
2269	183657	-226405
2270	175680	-226405
2271	167704	-226405
2272	159728	-226405
2273	151752	-226405
2274	143776	-226405
2275	135799	-226405
2276	135799	-230708
2277	143776	-230708
2278	151752	-230708
2279	159728	-230708
2280	167704	-230708
2281	175680	-230708
2282	183657	-230708
2283	191633	-230708
2284	199609	-230708
2285	207585	-230708
2286	215561	-230708
2287	223538	-230708
2288	231514	-230708
2289	239490	-230708
2290	247466	-230708
2291	255442	-230708
2292	263419	-230708
2293	271395	-230708
2294	279371	-230708
2295	287347	-230708
2296	295323	-230708
2297	303299	-230708
2298	311276	-230708
2299	319252	-230708
2300	327228	-230708
2301	335204	-230708
2302	343180	-230708
2303	351157	-230708
2304	359133	-230708
2305	367109	-230708
2306	375085	-230708
2307	383061	-230708
2308	391038	-230708
2309	399014	-230708
2310	406990	-230708
2311	414966	-230708
2312	422942	-230708
2313	430919	-230708
2314	438895	-230708
2315	446871	-230708
2316	454847	-230708
2317	462823	-230708
2318	470800	-230708
2319	470800	-235012
2320	462823	-235012
2321	454847	-235012
2322	446871	-235012
2323	438895	-235012
2324	430919	-235012
2325	422942	-235012
2326	414966	-235012
2327	406990	-235012
2328	399014	-235012
2329	391038	-235012
2330	383061	-235012
2331	375085	-235012
2332	367109	-235012
2333	359133	-235012
2334	351157	-235012
2335	343180	-235012
2336	335204	-235012
2337	327228	-235012
2338	319252	-235012
2339	311276	-235012
2340	303299	-235012
2341	295323	-235012
2342	287347	-235012
2343	279371	-235012
2344	271395	-235012
2345	263419	-235012
2346	255442	-235012
2347	247466	-235012
2348	239490	-235012
2349	231514	-235012
2350	223538	-235012
2351	215561	-235012
2352	207585	-235012
2353	199609	-235012
2354	191633	-235012
2355	183657	-235012
2356	175680	-235012
2357	167704	-235012
2358	159728	-235012
2359	151752	-235012
2360	143776	-235012
2361	135799	-235012
2362	135799	-239316
2363	143776	-239316
2364	151752	-239316
2365	159728	-239316
2366	167704	-239316
2367	175680	-239316
2368	183657	-239316
2369	191633	-239316
2370	199609	-239316
2371	207585	-239316
2372	215561	-239316
2373	223538	-239316
2374	231514	-239316
2375	239490	-239316
2376	247466	-239316
2377	255442	-239316
2378	263419	-239316
2379	271395	-239316
2380	279371	-239316
2381	287347	-239316
2382	295323	-239316
2383	303299	-239316
2384	311276	-239316
2385	319252	-239316
2386	327228	-239316
2387	335204	-239316
2388	343180	-239316
2389	351157	-239316
2390	359133	-239316
2391	367109	-239316
2392	375085	-239316
2393	383061	-239316
2394	391038	-239316
2395	399014	-239316
2396	406990	-239316
2397	414966	-239316
2398	422942	-239316
2399	430919	-239316
2400	438895	-239316
2401	446871	-239316
2402	454847	-239316
2403	462823	-239316
2404	470800	-239316
2405	470800	-243620
2406	462823	-243620
2407	454847	-243620
2408	446871	-243620
2409	438895	-243620
2410	430919	-243620
2411	422942	-243620
2412	414966	-243620
2413	406990	-243620
2414	399014	-243620
2415	391038	-243620
2416	383061	-243620
2417	375085	-243620
2418	367109	-243620
2419	359133	-243620
2420	351157	-243620
2421	343180	-243620
2422	335204	-243620
2423	327228	-243620
2424	319252	-243620
2425	311276	-243620
2426	303299	-243620
2427	295323	-243620
2428	287347	-243620
2429	279371	-243620
2430	271395	-243620
2431	263419	-243620
2432	255442	-243620
2433	247466	-243620
2434	239490	-243620
2435	231514	-243620
2436	223538	-243620
2437	215561	-243620
2438	207585	-243620
2439	199609	-243620
2440	191633	-243620
2441	183657	-243620
2442	175680	-243620
2443	167704	-243620
2444	159728	-243620
2445	151752	-243620
2446	143776	-243620
2447	135799	-243620
2448	135799	-247924
2449	143776	-247924
2450	151752	-247924
2451	159728	-247924
2452	167704	-247924
2453	175680	-247924
2454	183657	-247924
2455	191633	-247924
2456	199609	-247924
2457	207585	-247924
2458	215561	-247924
2459	223538	-247924
2460	231514	-247924
2461	239490	-247924
2462	247466	-247924
2463	255442	-247924
2464	263419	-247924
2465	271395	-247924
2466	279371	-247924
2467	287347	-247924
2468	295323	-247924
2469	303299	-247924
2470	311276	-247924
2471	319252	-247924
2472	327228	-247924
2473	335204	-247924
2474	343180	-247924
2475	351157	-247924
2476	359133	-247924
2477	367109	-247924
2478	375085	-247924
2479	383061	-247924
2480	391038	-247924
2481	399014	-247924
2482	406990	-247924
2483	414966	-247924
2484	422942	-247924
2485	430919	-247924
2486	438895	-247924
2487	446871	-247924
2488	454847	-247924
2489	462823	-247924
2490	470800	-247924
2491	470800	-252227
2492	462823	-252227
2493	454847	-252227
2494	446871	-252227
2495	438895	-252227
2496	430919	-252227
2497	422942	-252227
2498	414966	-252227
2499	406990	-252227
2500	399014	-252227
2501	391038	-252227
2502	383061	-252227
2503	375085	-252227
2504	367109	-252227
2505	359133	-252227
2506	351157	-252227
2507	343180	-252227
2508	335204	-252227
2509	327228	-252227
2510	319252	-252227
2511	311276	-252227
2512	303299	-252227
2513	295323	-252227
2514	287347	-252227
2515	279371	-252227
2516	271395	-252227
2517	263419	-252227
2518	255442	-252227
2519	247466	-252227
2520	239490	-252227
2521	231514	-252227
2522	223538	-252227
2523	215561	-252227
2524	207585	-252227
2525	199609	-252227
2526	191633	-252227
2527	183657	-252227
2528	175680	-252227
2529	167704	-252227
2530	159728	-252227
2531	151752	-252227
2532	143776	-252227
2533	135799	-252227
2534	135799	-256531
2535	143776	-256531
2536	151752	-256531
2537	159728	-256531
2538	167704	-256531
2539	175680	-256531
2540	183657	-256531
2541	191633	-256531
2542	199609	-256531
2543	207585	-256531
2544	215561	-256531
2545	223538	-256531
2546	231514	-256531
2547	239490	-256531
2548	247466	-256531
2549	255442	-256531
2550	263419	-256531
2551	271395	-256531
2552	279371	-256531
2553	287347	-256531
2554	295323	-256531
2555	303299	-256531
2556	311276	-256531
2557	319252	-256531
2558	327228	-256531
2559	335204	-256531
2560	343180	-256531
2561	351157	-256531
2562	359133	-256531
2563	367109	-256531
2564	375085	-256531
2565	383061	-256531
2566	391038	-256531
2567	399014	-256531
2568	406990	-256531
2569	414966	-256531
2570	422942	-256531
2571	430919	-256531
2572	438895	-256531
2573	446871	-256531
2574	454847	-256531
2575	462823	-256531
2576	470800	-256531
2577	470800	-260835
2578	462823	-260835
2579	454847	-260835
2580	446871	-260835
2581	438895	-260835
2582	430919	-260835
2583	422942	-260835
2584	414966	-260835
2585	406990	-260835
2586	399014	-260835
2587	391038	-260835
2588	383061	-260835
2589	375085	-260835
2590	367109	-260835
2591	359133	-260835
2592	351157	-260835
2593	343180	-260835
2594	335204	-260835
2595	327228	-260835
2596	319252	-260835
2597	311276	-260835
2598	303299	-260835
2599	295323	-260835
2600	287347	-260835
2601	279371	-260835
2602	271395	-260835
2603	263419	-260835
2604	255442	-260835
2605	247466	-260835
2606	239490	-260835
2607	231514	-260835
2608	223538	-260835
2609	215561	-260835
2610	207585	-260835
2611	199609	-260835
2612	191633	-260835
2613	183657	-260835
2614	175680	-260835
2615	167704	-260835
2616	159728	-260835
2617	151752	-260835
2618	143776	-260835
2619	135799	-260835
2620	135799	-265139
2621	143776	-265139
2622	151752	-265139
2623	159728	-265139
2624	167704	-265139
2625	175680	-265139
2626	183657	-265139
2627	191633	-265139
2628	199609	-265139
2629	207585	-265139
2630	215561	-265139
2631	223538	-265139
2632	231514	-265139
2633	239490	-265139
2634	247466	-265139
2635	255442	-265139
2636	263419	-265139
2637	271395	-265139
2638	279371	-265139
2639	287347	-265139
2640	295323	-265139
2641	303299	-265139
2642	311276	-265139
2643	319252	-265139
2644	327228	-265139
2645	335204	-265139
2646	343180	-265139
2647	351157	-265139
2648	359133	-265139
2649	367109	-265139
2650	375085	-265139
2651	383061	-265139
2652	391038	-265139
2653	399014	-265139
2654	406990	-265139
2655	414966	-265139
2656	422942	-265139
2657	430919	-265139
2658	438895	-265139
2659	446871	-265139
2660	454847	-265139
2661	462823	-265139
2662	470800	-265139
2663	470800	-269443
2664	462823	-269443
2665	454847	-269443
2666	446871	-269443
2667	438895	-269443
2668	430919	-269443
2669	422942	-269443
2670	414966	-269443
2671	406990	-269443
2672	399014	-269443
2673	391038	-269443
2674	383061	-269443
2675	375085	-269443
2676	367109	-269443
2677	359133	-269443
2678	351157	-269443
2679	343180	-269443
2680	335204	-269443
2681	327228	-269443
2682	319252	-269443
2683	311276	-269443
2684	303299	-269443
2685	295323	-269443
2686	287347	-269443
2687	279371	-269443
2688	271395	-269443
2689	263419	-269443
2690	255442	-269443
2691	247466	-269443
2692	239490	-269443
2693	231514	-269443
2694	223538	-269443
2695	215561	-269443
2696	207585	-269443
2697	199609	-269443
2698	191633	-269443
2699	183657	-269443
2700	175680	-269443
2701	167704	-269443
2702	159728	-269443
2703	151752	-269443
2704	143776	-269443
2705	135799	-269443
2706	135799	-273746
2707	143776	-273746
2708	151752	-273746
2709	159728	-273746
2710	167704	-273746
2711	175680	-273746
2712	183657	-273746
2713	191633	-273746
2714	199609	-273746
2715	207585	-273746
2716	215561	-273746
2717	223538	-273746
2718	231514	-273746
2719	239490	-273746
2720	247466	-273746
2721	255442	-273746
2722	263419	-273746
2723	271395	-273746
2724	279371	-273746
2725	287347	-273746
2726	295323	-273746
2727	303299	-273746
2728	311276	-273746
2729	319252	-273746
2730	327228	-273746
2731	335204	-273746
2732	343180	-273746
2733	351157	-273746
2734	359133	-273746
2735	367109	-273746
2736	375085	-273746
2737	383061	-273746
2738	391038	-273746
2739	399014	-273746
2740	406990	-273746
2741	414966	-273746
2742	422942	-273746
2743	430919	-273746
2744	438895	-273746
2745	446871	-273746
2746	454847	-273746
2747	462823	-273746
2748	470800	-273746
2749	470800	-278050
2750	462823	-278050
2751	454847	-278050
2752	446871	-278050
2753	438895	-278050
2754	430919	-278050
2755	422942	-278050
2756	414966	-278050
2757	406990	-278050
2758	399014	-278050
2759	391038	-278050
2760	383061	-278050
2761	375085	-278050
2762	367109	-278050
2763	359133	-278050
2764	351157	-278050
2765	343180	-278050
2766	335204	-278050
2767	327228	-278050
2768	319252	-278050
2769	311276	-278050
2770	303299	-278050
2771	295323	-278050
2772	287347	-278050
2773	279371	-278050
2774	271395	-278050
2775	263419	-278050
2776	255442	-278050
2777	247466	-278050
2778	239490	-278050
2779	231514	-278050
2780	223538	-278050
2781	215561	-278050
2782	207585	-278050
2783	199609	-278050
2784	191633	-278050
2785	183657	-278050
2786	175680	-278050
2787	167704	-278050
2788	159728	-278050
2789	151752	-278050
2790	143776	-278050
2791	135799	-278050
2792	135799	-282354
2793	143776	-282354
2794	151752	-282354
2795	159728	-282354
2796	167704	-282354
2797	175680	-282354
2798	183657	-282354
2799	191633	-282354
2800	199609	-282354
2801	207585	-282354
2802	215561	-282354
2803	223538	-282354
2804	231514	-282354
2805	239490	-282354
2806	247466	-282354
2807	255442	-282354
2808	263419	-282354
2809	271395	-282354
2810	279371	-282354
2811	287347	-282354
2812	295323	-282354
2813	303299	-282354
2814	311276	-282354
2815	319252	-282354
2816	327228	-282354
2817	335204	-282354
2818	343180	-282354
2819	351157	-282354
2820	359133	-282354
2821	367109	-282354
2822	375085	-282354
2823	383061	-282354
2824	391038	-282354
2825	399014	-282354
2826	406990	-282354
2827	414966	-282354
2828	422942	-282354
2829	430919	-282354
2830	438895	-282354
2831	446871	-282354
2832	454847	-282354
2833	462823	-282354
2834	470800	-282354
2835	470800	-286658
2836	462823	-286658
2837	454847	-286658
2838	446871	-286658
2839	438895	-286658
2840	430919	-286658
2841	422942	-286658
2842	414966	-286658
2843	406990	-286658
2844	399014	-286658
2845	391038	-286658
2846	383061	-286658
2847	375085	-286658
2848	367109	-286658
2849	359133	-286658
2850	351157	-286658
2851	343180	-286658
2852	335204	-286658
2853	327228	-286658
2854	319252	-286658
2855	311276	-286658
2856	303299	-286658
2857	295323	-286658
2858	287347	-286658
2859	279371	-286658
2860	271395	-286658
2861	263419	-286658
2862	255442	-286658
2863	247466	-286658
2864	239490	-286658
2865	231514	-286658
2866	223538	-286658
2867	215561	-286658
2868	207585	-286658
2869	199609	-286658
2870	191633	-286658
2871	183657	-286658
2872	175680	-286658
2873	167704	-286658
2874	159728	-286658
2875	151752	-286658
2876	143776	-286658
2877	135799	-286658
2878	135799	-290962
2879	143776	-290962
2880	151752	-290962
2881	159728	-290962
2882	167704	-290962
2883	175680	-290962
2884	183657	-290962
2885	191633	-290962
2886	199609	-290962
2887	207585	-290962
2888	215561	-290962
2889	223538	-290962
2890	231514	-290962
2891	239490	-290962
2892	247466	-290962
2893	255442	-290962
2894	263419	-290962
2895	271395	-290962
2896	279371	-290962
2897	287347	-290962
2898	295323	-290962
2899	303299	-290962
2900	311276	-290962
2901	319252	-290962
2902	327228	-290962
2903	335204	-290962
2904	343180	-290962
2905	351157	-290962
2906	359133	-290962
2907	367109	-290962
2908	375085	-290962
2909	383061	-290962
2910	391038	-290962
2911	399014	-290962
2912	406990	-290962
2913	414966	-290962
2914	422942	-290962
2915	430919	-290962
2916	438895	-290962
2917	446871	-290962
2918	454847	-290962
2919	462823	-290962
2920	470800	-290962
2921	470800	-295265
2922	462823	-295265
2923	454847	-295265
2924	446871	-295265
2925	438895	-295265
2926	430919	-295265
2927	422942	-295265
2928	414966	-295265
2929	406990	-295265
2930	399014	-295265
2931	391038	-295265
2932	383061	-295265
2933	375085	-295265
2934	367109	-295265
2935	359133	-295265
2936	351157	-295265
2937	343180	-295265
2938	335204	-295265
2939	327228	-295265
2940	319252	-295265
2941	311276	-295265
2942	303299	-295265
2943	295323	-295265
2944	287347	-295265
2945	279371	-295265
2946	271395	-295265
2947	263419	-295265
2948	255442	-295265
2949	247466	-295265
2950	239490	-295265
2951	231514	-295265
2952	223538	-295265
2953	215561	-295265
2954	207585	-295265
2955	199609	-295265
2956	191633	-295265
2957	183657	-295265
2958	183657	-299569
2959	191633	-299569
2960	199609	-299569
2961	207585	-299569
2962	215561	-299569
2963	223538	-299569
2964	231514	-299569
2965	239490	-299569
2966	247466	-299569
2967	255442	-299569
2968	263419	-299569
2969	271395	-299569
2970	279371	-299569
2971	287347	-299569
2972	295323	-299569
2973	303299	-299569
2974	311276	-299569
2975	319252	-299569
2976	327228	-299569
2977	335204	-299569
2978	343180	-299569
2979	351157	-299569
2980	359133	-299569
2981	367109	-299569
2982	375085	-299569
2983	383061	-299569
2984	391038	-299569
2985	399014	-299569
2986	406990	-299569
2987	414966	-299569
2988	422942	-299569
2989	422942	-303873
2990	414966	-303873
2991	406990	-303873
2992	399014	-303873
2993	391038	-303873
2994	383061	-303873
2995	375085	-303873
2996	367109	-303873
2997	359133	-303873
2998	351157	-303873
2999	343180	-303873
3000	335204	-303873
3001	327228	-303873
3002	319252	-303873
3003	311276	-303873
3004	303299	-303873
3005	295323	-303873
3006	287347	-303873
3007	279371	-303873
3008	271395	-303873
3009	263419	-303873
3010	255442	-303873
3011	247466	-303873
3012	239490	-303873
3013	231514	-303873
3014	223538	-303873
3015	215561	-303873
3016	207585	-303873
3017	199609	-303873
3018	191633	-303873
3019	183657	-303873
3020	183657	-308177
3021	191633	-308177
3022	199609	-308177
3023	207585	-308177
3024	215561	-308177
3025	223538	-308177
3026	231514	-308177
3027	239490	-308177
3028	247466	-308177
3029	255442	-308177
3030	263419	-308177
3031	271395	-308177
3032	279371	-308177
3033	287347	-308177
3034	295323	-308177
3035	303299	-308177
3036	311276	-308177
3037	319252	-308177
3038	327228	-308177
3039	335204	-308177
3040	343180	-308177
3041	351157	-308177
3042	359133	-308177
3043	367109	-308177
3044	375085	-308177
3045	383061	-308177
3046	391038	-308177
3047	399014	-308177
3048	406990	-308177
3049	414966	-308177
3050	422942	-308177
3051	422942	-312481
3052	414966	-312481
3053	406990	-312481
3054	399014	-312481
3055	391038	-312481
3056	383061	-312481
3057	375085	-312481
3058	367109	-312481
3059	359133	-312481
3060	351157	-312481
3061	343180	-312481
3062	335204	-312481
3063	327228	-312481
3064	319252	-312481
3065	311276	-312481
3066	303299	-312481
3067	295323	-312481
3068	287347	-312481
3069	279371	-312481
3070	271395	-312481
3071	263419	-312481
3072	255442	-312481
3073	247466	-312481
3074	239490	-312481
3075	231514	-312481
3076	223538	-312481
3077	215561	-312481
3078	207585	-312481
3079	199609	-312481
3080	191633	-312481
3081	183657	-312481
3082	183657	-316784
3083	191633	-316784
3084	199609	-316784
3085	207585	-316784
3086	215561	-316784
3087	223538	-316784
3088	231514	-316784
3089	239490	-316784
3090	247466	-316784
3091	255442	-316784
3092	263419	-316784
3093	271395	-316784
3094	279371	-316784
3095	287347	-316784
3096	295323	-316784
3097	303299	-316784
3098	311276	-316784
3099	319252	-316784
3100	327228	-316784
3101	335204	-316784
3102	343180	-316784
3103	351157	-316784
3104	359133	-316784
3105	367109	-316784
3106	375085	-316784
3107	383061	-316784
3108	391038	-316784
3109	399014	-316784
3110	406990	-316784
3111	414966	-316784
3112	422942	-316784
3113	422942	-321088
3114	414966	-321088
3115	406990	-321088
3116	399014	-321088
3117	391038	-321088
3118	383061	-321088
3119	375085	-321088
3120	367109	-321088
3121	359133	-321088
3122	351157	-321088
3123	343180	-321088
3124	335204	-321088
3125	327228	-321088
3126	319252	-321088
3127	311276	-321088
3128	303299	-321088
3129	295323	-321088
3130	287347	-321088
3131	279371	-321088
3132	271395	-321088
3133	263419	-321088
3134	255442	-321088
3135	247466	-321088
3136	239490	-321088
3137	231514	-321088
3138	223538	-321088
3139	215561	-321088
3140	207585	-321088
3141	199609	-321088
3142	191633	-321088
3143	183657	-321088
3144	183657	-325392
3145	191633	-325392
3146	199609	-325392
3147	207585	-325392
3148	215561	-325392
3149	223538	-325392
3150	231514	-325392
3151	239490	-325392
3152	247466	-325392
3153	255442	-325392
3154	263419	-325392
3155	271395	-325392
3156	279371	-325392
3157	287347	-325392
3158	295323	-325392
3159	303299	-325392
3160	311276	-325392
3161	319252	-325392
3162	327228	-325392
3163	335204	-325392
3164	343180	-325392
3165	351157	-325392
3166	359133	-325392
3167	367109	-325392
3168	375085	-325392
3169	383061	-325392
3170	391038	-325392
3171	399014	-325392
3172	406990	-325392
3173	414966	-325392
3174	422942	-325392
3175	422942	-329696
3176	414966	-329696
3177	406990	-329696
3178	399014	-329696
3179	391038	-329696
3180	383061	-329696
3181	375085	-329696
3182	367109	-329696
3183	359133	-329696
3184	351157	-329696
3185	343180	-329696
3186	335204	-329696
3187	327228	-329696
3188	319252	-329696
3189	311276	-329696
3190	303299	-329696
3191	295323	-329696
3192	287347	-329696
3193	279371	-329696
3194	271395	-329696
3195	263419	-329696
3196	255442	-329696
3197	247466	-329696
3198	239490	-329696
3199	231514	-329696
3200	223538	-329696
3201	215561	-329696
3202	207585	-329696
3203	199609	-329696
3204	191633	-329696
3205	183657	-329696
3206	183657	-333999
3207	191633	-333999
3208	199609	-333999
3209	207585	-333999
3210	215561	-333999
3211	223538	-333999
3212	231514	-333999
3213	239490	-333999
3214	247466	-333999
3215	255442	-333999
3216	263419	-333999
3217	271395	-333999
3218	279371	-333999
3219	287347	-333999
3220	295323	-333999
3221	303299	-333999
3222	311276	-333999
3223	319252	-333999
3224	327228	-333999
3225	335204	-333999
3226	343180	-333999
3227	351157	-333999
3228	359133	-333999
3229	367109	-333999
3230	375085	-333999
3231	383061	-333999
3232	391038	-333999
3233	399014	-333999
3234	406990	-333999
3235	414966	-333999
3236	422942	-333999
