1	421945	6000
2	414966	6000
3	407987	6000
4	401008	6000
5	394029	6000
6	387050	6000
7	380070	6000
8	373091	6000
9	366112	6000
10	359133	6000
11	352154	6000
12	345175	6000
13	338195	6000
14	331216	6000
15	324237	6000
16	317258	6000
17	310279	6000
18	303300	6000
19	296320	6000
20	289341	6000
21	282362	6000
22	275383	6000
23	268404	6000
24	261425	6000
25	254445	6000
26	247466	6000
27	240487	6000
28	233508	6000
29	226529	6000
30	219550	6000
31	212570	6000
32	205591	6000
33	198612	6000
34	191633	6000
35	184654	6000
36	184654	2222
37	191633	2222
38	198612	2222
39	205591	2222
40	212570	2222
41	219550	2222
42	226529	2222
43	233508	2222
44	240487	2222
45	247466	2222
46	254445	2222
47	261425	2222
48	268404	2222
49	275383	2222
50	282362	2222
51	289341	2222
52	296320	2222
53	303300	2222
54	310279	2222
55	317258	2222
56	324237	2222
57	331216	2222
58	338195	2222
59	345175	2222
60	352154	2222
61	359133	2222
62	366112	2222
63	373091	2222
64	380070	2222
65	387050	2222
66	394029	2222
67	401008	2222
68	407987	2222
69	414966	2222
70	421945	2222
71	421945	-1555
72	414966	-1555
73	407987	-1555
74	401008	-1555
75	394029	-1555
76	387050	-1555
77	380070	-1555
78	373091	-1555
79	366112	-1555
80	359133	-1555
81	352154	-1555
82	345175	-1555
83	338195	-1555
84	331216	-1555
85	324237	-1555
86	317258	-1555
87	310279	-1555
88	303300	-1555
89	296320	-1555
90	289341	-1555
91	282362	-1555
92	275383	-1555
93	268404	-1555
94	261425	-1555
95	254445	-1555
96	247466	-1555
97	240487	-1555
98	233508	-1555
99	226529	-1555
100	219550	-1555
101	212570	-1555
102	205591	-1555
103	198612	-1555
104	191633	-1555
105	184654	-1555
106	184654	-5333
107	191633	-5333
108	198612	-5333
109	205591	-5333
110	212570	-5333
111	219550	-5333
112	226529	-5333
113	233508	-5333
114	240487	-5333
115	247466	-5333
116	254445	-5333
117	261425	-5333
118	268404	-5333
119	275383	-5333
120	282362	-5333
121	289341	-5333
122	296320	-5333
123	303300	-5333
124	310279	-5333
125	317258	-5333
126	324237	-5333
127	331216	-5333
128	338195	-5333
129	345175	-5333
130	352154	-5333
131	359133	-5333
132	366112	-5333
133	373091	-5333
134	380070	-5333
135	387050	-5333
136	394029	-5333
137	401008	-5333
138	407987	-5333
139	414966	-5333
140	421945	-5333
141	421945	-9111
142	414966	-9111
143	407987	-9111
144	401008	-9111
145	394029	-9111
146	387050	-9111
147	380070	-9111
148	373091	-9111
149	366112	-9111
150	359133	-9111
151	352154	-9111
152	345175	-9111
153	338195	-9111
154	331216	-9111
155	324237	-9111
156	317258	-9111
157	310279	-9111
158	303300	-9111
159	296320	-9111
160	289341	-9111
161	282362	-9111
162	275383	-9111
163	268404	-9111
164	261425	-9111
165	254445	-9111
166	247466	-9111
167	240487	-9111
168	233508	-9111
169	226529	-9111
170	219550	-9111
171	212570	-9111
172	205591	-9111
173	198612	-9111
174	191633	-9111
175	184654	-9111
176	184654	-12888
177	191633	-12888
178	198612	-12888
179	205591	-12888
180	212570	-12888
181	219550	-12888
182	226529	-12888
183	233508	-12888
184	240487	-12888
185	247466	-12888
186	254445	-12888
187	261425	-12888
188	268404	-12888
189	275383	-12888
190	282362	-12888
191	289341	-12888
192	296320	-12888
193	303300	-12888
194	310279	-12888
195	317258	-12888
196	324237	-12888
197	331216	-12888
198	338195	-12888
199	345175	-12888
200	352154	-12888
201	359133	-12888
202	366112	-12888
203	373091	-12888
204	380070	-12888
205	387050	-12888
206	394029	-12888
207	401008	-12888
208	407987	-12888
209	414966	-12888
210	421945	-12888
211	421945	-16666
212	414966	-16666
213	407987	-16666
214	401008	-16666
215	394029	-16666
216	387050	-16666
217	380070	-16666
218	373091	-16666
219	366112	-16666
220	359133	-16666
221	352154	-16666
222	345175	-16666
223	338195	-16666
224	331216	-16666
225	324237	-16666
226	317258	-16666
227	310279	-16666
228	303300	-16666
229	296320	-16666
230	289341	-16666
231	282362	-16666
232	275383	-16666
233	268404	-16666
234	261425	-16666
235	254445	-16666
236	247466	-16666
237	240487	-16666
238	233508	-16666
239	226529	-16666
240	219550	-16666
241	212570	-16666
242	205591	-16666
243	198612	-16666
244	191633	-16666
245	184654	-16666
246	184654	-20444
247	191633	-20444
248	198612	-20444
249	205591	-20444
250	212570	-20444
251	219550	-20444
252	226529	-20444
253	233508	-20444
254	240487	-20444
255	247466	-20444
256	254445	-20444
257	261425	-20444
258	268404	-20444
259	275383	-20444
260	282362	-20444
261	289341	-20444
262	296320	-20444
263	303300	-20444
264	310279	-20444
265	317258	-20444
266	324237	-20444
267	331216	-20444
268	338195	-20444
269	345175	-20444
270	352154	-20444
271	359133	-20444
272	366112	-20444
273	373091	-20444
274	380070	-20444
275	387050	-20444
276	394029	-20444
277	401008	-20444
278	407987	-20444
279	414966	-20444
280	421945	-20444
281	421945	-24222
282	414966	-24222
283	407987	-24222
284	401008	-24222
285	394029	-24222
286	387050	-24222
287	380070	-24222
288	373091	-24222
289	366112	-24222
290	359133	-24222
291	352154	-24222
292	345175	-24222
293	338195	-24222
294	331216	-24222
295	324237	-24222
296	317258	-24222
297	310279	-24222
298	303300	-24222
299	296320	-24222
300	289341	-24222
301	282362	-24222
302	275383	-24222
303	268404	-24222
304	261425	-24222
305	254445	-24222
306	247466	-24222
307	240487	-24222
308	233508	-24222
309	226529	-24222
310	219550	-24222
311	212570	-24222
312	205591	-24222
313	198612	-24222
314	191633	-24222
315	184654	-24222
316	177675	-24222
317	170695	-24222
318	163716	-24222
319	156737	-24222
320	149758	-24222
321	142779	-24222
322	135799	-24222
323	135799	-28000
324	142779	-28000
325	149758	-28000
326	156737	-28000
327	163716	-28000
328	170695	-28000
329	177675	-28000
330	184654	-28000
331	191633	-28000
332	198612	-28000
333	205591	-28000
334	212570	-28000
335	219550	-28000
336	226529	-28000
337	233508	-28000
338	240487	-28000
339	247466	-28000
340	254445	-28000
341	261425	-28000
342	268404	-28000
343	275383	-28000
344	282362	-28000
345	289341	-28000
346	296320	-28000
347	303300	-28000
348	310279	-28000
349	317258	-28000
350	324237	-28000
351	331216	-28000
352	338195	-28000
353	345175	-28000
354	352154	-28000
355	359133	-28000
356	366112	-28000
357	373091	-28000
358	380070	-28000
359	387050	-28000
360	394029	-28000
361	401008	-28000
362	407987	-28000
363	414966	-28000
364	421945	-28000
365	428925	-28000
366	435904	-28000
367	442883	-28000
368	449862	-28000
369	456841	-28000
370	463820	-28000
371	470800	-28000
372	470800	-31777
373	463820	-31777
374	456841	-31777
375	449862	-31777
376	442883	-31777
377	435904	-31777
378	428925	-31777
379	421945	-31777
380	414966	-31777
381	407987	-31777
382	401008	-31777
383	394029	-31777
384	387050	-31777
385	380070	-31777
386	373091	-31777
387	366112	-31777
388	359133	-31777
389	352154	-31777
390	345175	-31777
391	338195	-31777
392	331216	-31777
393	324237	-31777
394	317258	-31777
395	310279	-31777
396	303300	-31777
397	296320	-31777
398	289341	-31777
399	282362	-31777
400	275383	-31777
401	268404	-31777
402	261425	-31777
403	254445	-31777
404	247466	-31777
405	240487	-31777
406	233508	-31777
407	226529	-31777
408	219550	-31777
409	212570	-31777
410	205591	-31777
411	198612	-31777
412	191633	-31777
413	184654	-31777
414	177675	-31777
415	170695	-31777
416	163716	-31777
417	156737	-31777
418	149758	-31777
419	142779	-31777
420	135799	-31777
421	135799	-35555
422	142779	-35555
423	149758	-35555
424	156737	-35555
425	163716	-35555
426	170695	-35555
427	177675	-35555
428	184654	-35555
429	191633	-35555
430	198612	-35555
431	205591	-35555
432	212570	-35555
433	219550	-35555
434	226529	-35555
435	233508	-35555
436	240487	-35555
437	247466	-35555
438	254445	-35555
439	261425	-35555
440	268404	-35555
441	275383	-35555
442	282362	-35555
443	289341	-35555
444	296320	-35555
445	303300	-35555
446	310279	-35555
447	317258	-35555
448	324237	-35555
449	331216	-35555
450	338195	-35555
451	345175	-35555
452	352154	-35555
453	359133	-35555
454	366112	-35555
455	373091	-35555
456	380070	-35555
457	387050	-35555
458	394029	-35555
459	401008	-35555
460	407987	-35555
461	414966	-35555
462	421945	-35555
463	428925	-35555
464	435904	-35555
465	442883	-35555
466	449862	-35555
467	456841	-35555
468	463820	-35555
469	470800	-35555
470	470800	-39333
471	463820	-39333
472	456841	-39333
473	449862	-39333
474	442883	-39333
475	435904	-39333
476	428925	-39333
477	421945	-39333
478	414966	-39333
479	407987	-39333
480	401008	-39333
481	394029	-39333
482	387050	-39333
483	380070	-39333
484	373091	-39333
485	366112	-39333
486	359133	-39333
487	352154	-39333
488	345175	-39333
489	338195	-39333
490	331216	-39333
491	324237	-39333
492	317258	-39333
493	310279	-39333
494	303300	-39333
495	296320	-39333
496	289341	-39333
497	282362	-39333
498	275383	-39333
499	268404	-39333
500	261425	-39333
501	254445	-39333
502	247466	-39333
503	240487	-39333
504	233508	-39333
505	226529	-39333
506	219550	-39333
507	212570	-39333
508	205591	-39333
509	198612	-39333
510	191633	-39333
511	184654	-39333
512	177675	-39333
513	170695	-39333
514	163716	-39333
515	156737	-39333
516	149758	-39333
517	142779	-39333
518	135799	-39333
519	135799	-43111
520	142779	-43111
521	149758	-43111
522	156737	-43111
523	163716	-43111
524	170695	-43111
525	177675	-43111
526	184654	-43111
527	191633	-43111
528	198612	-43111
529	205591	-43111
530	212570	-43111
531	219550	-43111
532	226529	-43111
533	233508	-43111
534	240487	-43111
535	247466	-43111
536	254445	-43111
537	261425	-43111
538	268404	-43111
539	275383	-43111
540	282362	-43111
541	289341	-43111
542	296320	-43111
543	303300	-43111
544	310279	-43111
545	317258	-43111
546	324237	-43111
547	331216	-43111
548	338195	-43111
549	345175	-43111
550	352154	-43111
551	359133	-43111
552	366112	-43111
553	373091	-43111
554	380070	-43111
555	387050	-43111
556	394029	-43111
557	401008	-43111
558	407987	-43111
559	414966	-43111
560	421945	-43111
561	428925	-43111
562	435904	-43111
563	442883	-43111
564	449862	-43111
565	456841	-43111
566	463820	-43111
567	470800	-43111
568	470800	-46888
569	463820	-46888
570	456841	-46888
571	449862	-46888
572	442883	-46888
573	435904	-46888
574	428925	-46888
575	421945	-46888
576	414966	-46888
577	407987	-46888
578	401008	-46888
579	394029	-46888
580	387050	-46888
581	380070	-46888
582	373091	-46888
583	366112	-46888
584	359133	-46888
585	352154	-46888
586	345175	-46888
587	338195	-46888
588	331216	-46888
589	324237	-46888
590	317258	-46888
591	310279	-46888
592	303300	-46888
593	296320	-46888
594	289341	-46888
595	282362	-46888
596	275383	-46888
597	268404	-46888
598	261425	-46888
599	254445	-46888
600	247466	-46888
601	240487	-46888
602	233508	-46888
603	226529	-46888
604	219550	-46888
605	212570	-46888
606	205591	-46888
607	198612	-46888
608	191633	-46888
609	184654	-46888
610	177675	-46888
611	170695	-46888
612	163716	-46888
613	156737	-46888
614	149758	-46888
615	142779	-46888
616	135799	-46888
617	135799	-50666
618	142779	-50666
619	149758	-50666
620	156737	-50666
621	163716	-50666
622	170695	-50666
623	177675	-50666
624	184654	-50666
625	191633	-50666
626	198612	-50666
627	205591	-50666
628	212570	-50666
629	219550	-50666
630	226529	-50666
631	233508	-50666
632	240487	-50666
633	247466	-50666
634	254445	-50666
635	261425	-50666
636	268404	-50666
637	275383	-50666
638	282362	-50666
639	289341	-50666
640	296320	-50666
641	303300	-50666
642	310279	-50666
643	317258	-50666
644	324237	-50666
645	331216	-50666
646	338195	-50666
647	345175	-50666
648	352154	-50666
649	359133	-50666
650	366112	-50666
651	373091	-50666
652	380070	-50666
653	387050	-50666
654	394029	-50666
655	401008	-50666
656	407987	-50666
657	414966	-50666
658	421945	-50666
659	428925	-50666
660	435904	-50666
661	442883	-50666
662	449862	-50666
663	456841	-50666
664	463820	-50666
665	470800	-50666
666	470800	-54444
667	463820	-54444
668	456841	-54444
669	449862	-54444
670	442883	-54444
671	435904	-54444
672	428925	-54444
673	421945	-54444
674	414966	-54444
675	407987	-54444
676	401008	-54444
677	394029	-54444
678	387050	-54444
679	380070	-54444
680	373091	-54444
681	366112	-54444
682	359133	-54444
683	352154	-54444
684	345175	-54444
685	338195	-54444
686	331216	-54444
687	324237	-54444
688	317258	-54444
689	310279	-54444
690	303300	-54444
691	296320	-54444
692	289341	-54444
693	282362	-54444
694	275383	-54444
695	268404	-54444
696	261425	-54444
697	254445	-54444
698	247466	-54444
699	240487	-54444
700	233508	-54444
701	226529	-54444
702	219550	-54444
703	212570	-54444
704	205591	-54444
705	198612	-54444
706	191633	-54444
707	184654	-54444
708	177675	-54444
709	170695	-54444
710	163716	-54444
711	156737	-54444
712	149758	-54444
713	142779	-54444
714	135799	-54444
715	135799	-58222
716	142779	-58222
717	149758	-58222
718	156737	-58222
719	163716	-58222
720	170695	-58222
721	177675	-58222
722	184654	-58222
723	191633	-58222
724	198612	-58222
725	205591	-58222
726	212570	-58222
727	219550	-58222
728	226529	-58222
729	233508	-58222
730	240487	-58222
731	247466	-58222
732	254445	-58222
733	261425	-58222
734	268404	-58222
735	275383	-58222
736	282362	-58222
737	289341	-58222
738	296320	-58222
739	303300	-58222
740	310279	-58222
741	317258	-58222
742	324237	-58222
743	331216	-58222
744	338195	-58222
745	345175	-58222
746	352154	-58222
747	359133	-58222
748	366112	-58222
749	373091	-58222
750	380070	-58222
751	387050	-58222
752	394029	-58222
753	401008	-58222
754	407987	-58222
755	414966	-58222
756	421945	-58222
757	428925	-58222
758	435904	-58222
759	442883	-58222
760	449862	-58222
761	456841	-58222
762	463820	-58222
763	470800	-58222
764	470800	-62000
765	463820	-62000
766	456841	-62000
767	449862	-62000
768	442883	-62000
769	435904	-62000
770	428925	-62000
771	421945	-62000
772	414966	-62000
773	407987	-62000
774	401008	-62000
775	394029	-62000
776	387050	-62000
777	380070	-62000
778	373091	-62000
779	366112	-62000
780	359133	-62000
781	352154	-62000
782	345175	-62000
783	338195	-62000
784	331216	-62000
785	324237	-62000
786	317258	-62000
787	310279	-62000
788	303300	-62000
789	296320	-62000
790	289341	-62000
791	282362	-62000
792	275383	-62000
793	268404	-62000
794	261425	-62000
795	254445	-62000
796	247466	-62000
797	240487	-62000
798	233508	-62000
799	226529	-62000
800	219550	-62000
801	212570	-62000
802	205591	-62000
803	198612	-62000
804	191633	-62000
805	184654	-62000
806	177675	-62000
807	170695	-62000
808	163716	-62000
809	156737	-62000
810	149758	-62000
811	142779	-62000
812	135799	-62000
813	135799	-65777
814	142779	-65777
815	149758	-65777
816	156737	-65777
817	163716	-65777
818	170695	-65777
819	177675	-65777
820	184654	-65777
821	191633	-65777
822	198612	-65777
823	205591	-65777
824	212570	-65777
825	219550	-65777
826	226529	-65777
827	233508	-65777
828	240487	-65777
829	247466	-65777
830	254445	-65777
831	261425	-65777
832	268404	-65777
833	275383	-65777
834	282362	-65777
835	289341	-65777
836	296320	-65777
837	303300	-65777
838	310279	-65777
839	317258	-65777
840	324237	-65777
841	331216	-65777
842	338195	-65777
843	345175	-65777
844	352154	-65777
845	359133	-65777
846	366112	-65777
847	373091	-65777
848	380070	-65777
849	387050	-65777
850	394029	-65777
851	401008	-65777
852	407987	-65777
853	414966	-65777
854	421945	-65777
855	428925	-65777
856	435904	-65777
857	442883	-65777
858	449862	-65777
859	456841	-65777
860	463820	-65777
861	470800	-65777
862	470800	-69555
863	463820	-69555
864	456841	-69555
865	449862	-69555
866	442883	-69555
867	435904	-69555
868	428925	-69555
869	421945	-69555
870	414966	-69555
871	407987	-69555
872	401008	-69555
873	394029	-69555
874	387050	-69555
875	380070	-69555
876	373091	-69555
877	366112	-69555
878	359133	-69555
879	352154	-69555
880	345175	-69555
881	338195	-69555
882	331216	-69555
883	324237	-69555
884	317258	-69555
885	310279	-69555
886	303300	-69555
887	296320	-69555
888	289341	-69555
889	282362	-69555
890	275383	-69555
891	268404	-69555
892	261425	-69555
893	254445	-69555
894	247466	-69555
895	240487	-69555
896	233508	-69555
897	226529	-69555
898	219550	-69555
899	212570	-69555
900	205591	-69555
901	198612	-69555
902	191633	-69555
903	184654	-69555
904	177675	-69555
905	170695	-69555
906	163716	-69555
907	156737	-69555
908	149758	-69555
909	142779	-69555
910	135799	-69555
911	135799	-73333
912	142779	-73333
913	149758	-73333
914	156737	-73333
915	163716	-73333
916	170695	-73333
917	177675	-73333
918	184654	-73333
919	191633	-73333
920	198612	-73333
921	205591	-73333
922	212570	-73333
923	219550	-73333
924	226529	-73333
925	233508	-73333
926	240487	-73333
927	247466	-73333
928	254445	-73333
929	261425	-73333
930	268404	-73333
931	275383	-73333
932	282362	-73333
933	289341	-73333
934	296320	-73333
935	303300	-73333
936	310279	-73333
937	317258	-73333
938	324237	-73333
939	331216	-73333
940	338195	-73333
941	345175	-73333
942	352154	-73333
943	359133	-73333
944	366112	-73333
945	373091	-73333
946	380070	-73333
947	387050	-73333
948	394029	-73333
949	401008	-73333
950	407987	-73333
951	414966	-73333
952	421945	-73333
953	428925	-73333
954	435904	-73333
955	442883	-73333
956	449862	-73333
957	456841	-73333
958	463820	-73333
959	470800	-73333
960	470800	-77111
961	463820	-77111
962	456841	-77111
963	449862	-77111
964	442883	-77111
965	435904	-77111
966	428925	-77111
967	421945	-77111
968	414966	-77111
969	407987	-77111
970	401008	-77111
971	394029	-77111
972	387050	-77111
973	380070	-77111
974	373091	-77111
975	366112	-77111
976	359133	-77111
977	352154	-77111
978	345175	-77111
979	338195	-77111
980	331216	-77111
981	324237	-77111
982	317258	-77111
983	310279	-77111
984	303300	-77111
985	296320	-77111
986	289341	-77111
987	282362	-77111
988	275383	-77111
989	268404	-77111
990	261425	-77111
991	254445	-77111
992	247466	-77111
993	240487	-77111
994	233508	-77111
995	226529	-77111
996	219550	-77111
997	212570	-77111
998	205591	-77111
999	198612	-77111
1000	191633	-77111
1001	184654	-77111
1002	177675	-77111
1003	170695	-77111
1004	163716	-77111
1005	156737	-77111
1006	149758	-77111
1007	142779	-77111
1008	135799	-77111
1009	135799	-80888
1010	142779	-80888
1011	149758	-80888
1012	156737	-80888
1013	163716	-80888
1014	170695	-80888
1015	177675	-80888
1016	184654	-80888
1017	191633	-80888
1018	198612	-80888
1019	205591	-80888
1020	212570	-80888
1021	219550	-80888
1022	226529	-80888
1023	233508	-80888
1024	240487	-80888
1025	247466	-80888
1026	254445	-80888
1027	261425	-80888
1028	268404	-80888
1029	275383	-80888
1030	282362	-80888
1031	289341	-80888
1032	296320	-80888
1033	303300	-80888
1034	310279	-80888
1035	317258	-80888
1036	324237	-80888
1037	331216	-80888
1038	338195	-80888
1039	345175	-80888
1040	352154	-80888
1041	359133	-80888
1042	366112	-80888
1043	373091	-80888
1044	380070	-80888
1045	387050	-80888
1046	394029	-80888
1047	401008	-80888
1048	407987	-80888
1049	414966	-80888
1050	421945	-80888
1051	428925	-80888
1052	435904	-80888
1053	442883	-80888
1054	449862	-80888
1055	456841	-80888
1056	463820	-80888
1057	470800	-80888
1058	470800	-84666
1059	463820	-84666
1060	456841	-84666
1061	449862	-84666
1062	442883	-84666
1063	435904	-84666
1064	428925	-84666
1065	421945	-84666
1066	414966	-84666
1067	407987	-84666
1068	401008	-84666
1069	394029	-84666
1070	387050	-84666
1071	380070	-84666
1072	373091	-84666
1073	366112	-84666
1074	359133	-84666
1075	352154	-84666
1076	345175	-84666
1077	338195	-84666
1078	331216	-84666
1079	324237	-84666
1080	317258	-84666
1081	310279	-84666
1082	303300	-84666
1083	296320	-84666
1084	289341	-84666
1085	282362	-84666
1086	275383	-84666
1087	268404	-84666
1088	261425	-84666
1089	254445	-84666
1090	247466	-84666
1091	240487	-84666
1092	233508	-84666
1093	226529	-84666
1094	219550	-84666
1095	212570	-84666
1096	205591	-84666
1097	198612	-84666
1098	191633	-84666
1099	184654	-84666
1100	177675	-84666
1101	170695	-84666
1102	163716	-84666
1103	156737	-84666
1104	149758	-84666
1105	142779	-84666
1106	135799	-84666
1107	135799	-88444
1108	142779	-88444
1109	149758	-88444
1110	156737	-88444
1111	163716	-88444
1112	170695	-88444
1113	177675	-88444
1114	184654	-88444
1115	191633	-88444
1116	198612	-88444
1117	205591	-88444
1118	212570	-88444
1119	219550	-88444
1120	226529	-88444
1121	233508	-88444
1122	240487	-88444
1123	247466	-88444
1124	254445	-88444
1125	261425	-88444
1126	268404	-88444
1127	275383	-88444
1128	282362	-88444
1129	289341	-88444
1130	296320	-88444
1131	303300	-88444
1132	310279	-88444
1133	317258	-88444
1134	324237	-88444
1135	331216	-88444
1136	338195	-88444
1137	345175	-88444
1138	352154	-88444
1139	359133	-88444
1140	366112	-88444
1141	373091	-88444
1142	380070	-88444
1143	387050	-88444
1144	394029	-88444
1145	401008	-88444
1146	407987	-88444
1147	414966	-88444
1148	421945	-88444
1149	428925	-88444
1150	435904	-88444
1151	442883	-88444
1152	449862	-88444
1153	456841	-88444
1154	463820	-88444
1155	470800	-88444
1156	470800	-92222
1157	463820	-92222
1158	456841	-92222
1159	449862	-92222
1160	442883	-92222
1161	435904	-92222
1162	428925	-92222
1163	421945	-92222
1164	414966	-92222
1165	407987	-92222
1166	401008	-92222
1167	394029	-92222
1168	387050	-92222
1169	380070	-92222
1170	373091	-92222
1171	366112	-92222
1172	359133	-92222
1173	352154	-92222
1174	345175	-92222
1175	338195	-92222
1176	331216	-92222
1177	324237	-92222
1178	317258	-92222
1179	310279	-92222
1180	303300	-92222
1181	296320	-92222
1182	289341	-92222
1183	282362	-92222
1184	275383	-92222
1185	268404	-92222
1186	261425	-92222
1187	254445	-92222
1188	247466	-92222
1189	240487	-92222
1190	233508	-92222
1191	226529	-92222
1192	219550	-92222
1193	212570	-92222
1194	205591	-92222
1195	198612	-92222
1196	191633	-92222
1197	184654	-92222
1198	177675	-92222
1199	170695	-92222
1200	163716	-92222
1201	156737	-92222
1202	149758	-92222
1203	142779	-92222
1204	135799	-92222
1205	135799	-95999
1206	142779	-95999
1207	149758	-95999
1208	156737	-95999
1209	163716	-95999
1210	170695	-95999
1211	177675	-95999
1212	184654	-95999
1213	191633	-95999
1214	198612	-95999
1215	205591	-95999
1216	212570	-95999
1217	219550	-95999
1218	226529	-95999
1219	233508	-95999
1220	240487	-95999
1221	247466	-95999
1222	254445	-95999
1223	261425	-95999
1224	268404	-95999
1225	275383	-95999
1226	282362	-95999
1227	289341	-95999
1228	296320	-95999
1229	303300	-95999
1230	310279	-95999
1231	317258	-95999
1232	324237	-95999
1233	331216	-95999
1234	338195	-95999
1235	345175	-95999
1236	352154	-95999
1237	359133	-95999
1238	366112	-95999
1239	373091	-95999
1240	380070	-95999
1241	387050	-95999
1242	394029	-95999
1243	401008	-95999
1244	407987	-95999
1245	414966	-95999
1246	421945	-95999
1247	428925	-95999
1248	435904	-95999
1249	442883	-95999
1250	449862	-95999
1251	456841	-95999
1252	463820	-95999
1253	470800	-95999
1254	470800	-99777
1255	463820	-99777
1256	456841	-99777
1257	449862	-99777
1258	442883	-99777
1259	435904	-99777
1260	428925	-99777
1261	421945	-99777
1262	414966	-99777
1263	407987	-99777
1264	401008	-99777
1265	394029	-99777
1266	387050	-99777
1267	380070	-99777
1268	373091	-99777
1269	366112	-99777
1270	359133	-99777
1271	352154	-99777
1272	345175	-99777
1273	338195	-99777
1274	331216	-99777
1275	324237	-99777
1276	317258	-99777
1277	310279	-99777
1278	303300	-99777
1279	296320	-99777
1280	289341	-99777
1281	282362	-99777
1282	275383	-99777
1283	268404	-99777
1284	261425	-99777
1285	254445	-99777
1286	247466	-99777
1287	240487	-99777
1288	233508	-99777
1289	226529	-99777
1290	219550	-99777
1291	212570	-99777
1292	205591	-99777
1293	198612	-99777
1294	191633	-99777
1295	184654	-99777
1296	177675	-99777
1297	170695	-99777
1298	163716	-99777
1299	156737	-99777
1300	149758	-99777
1301	142779	-99777
1302	135799	-99777
1303	135799	-103555
1304	142779	-103555
1305	149758	-103555
1306	156737	-103555
1307	163716	-103555
1308	170695	-103555
1309	177675	-103555
1310	184654	-103555
1311	191633	-103555
1312	198612	-103555
1313	205591	-103555
1314	212570	-103555
1315	219550	-103555
1316	226529	-103555
1317	233508	-103555
1318	240487	-103555
1319	247466	-103555
1320	254445	-103555
1321	261425	-103555
1322	268404	-103555
1323	275383	-103555
1324	282362	-103555
1325	289341	-103555
1326	296320	-103555
1327	303300	-103555
1328	310279	-103555
1329	317258	-103555
1330	324237	-103555
1331	331216	-103555
1332	338195	-103555
1333	345175	-103555
1334	352154	-103555
1335	359133	-103555
1336	366112	-103555
1337	373091	-103555
1338	380070	-103555
1339	387050	-103555
1340	394029	-103555
1341	401008	-103555
1342	407987	-103555
1343	414966	-103555
1344	421945	-103555
1345	428925	-103555
1346	435904	-103555
1347	442883	-103555
1348	449862	-103555
1349	456841	-103555
1350	463820	-103555
1351	470800	-103555
1352	470800	-107333
1353	463820	-107333
1354	456841	-107333
1355	449862	-107333
1356	442883	-107333
1357	435904	-107333
1358	428925	-107333
1359	421945	-107333
1360	414966	-107333
1361	407987	-107333
1362	401008	-107333
1363	394029	-107333
1364	387050	-107333
1365	380070	-107333
1366	373091	-107333
1367	366112	-107333
1368	359133	-107333
1369	352154	-107333
1370	345175	-107333
1371	338195	-107333
1372	331216	-107333
1373	324237	-107333
1374	317258	-107333
1375	310279	-107333
1376	303300	-107333
1377	296320	-107333
1378	289341	-107333
1379	282362	-107333
1380	275383	-107333
1381	268404	-107333
1382	261425	-107333
1383	254445	-107333
1384	247466	-107333
1385	240487	-107333
1386	233508	-107333
1387	226529	-107333
1388	219550	-107333
1389	212570	-107333
1390	205591	-107333
1391	198612	-107333
1392	191633	-107333
1393	184654	-107333
1394	177675	-107333
1395	170695	-107333
1396	163716	-107333
1397	156737	-107333
1398	149758	-107333
1399	142779	-107333
1400	135799	-107333
1401	135799	-111111
1402	142779	-111111
1403	149758	-111111
1404	156737	-111111
1405	163716	-111111
1406	170695	-111111
1407	177675	-111111
1408	184654	-111111
1409	191633	-111111
1410	198612	-111111
1411	205591	-111111
1412	212570	-111111
1413	219550	-111111
1414	226529	-111111
1415	233508	-111111
1416	240487	-111111
1417	247466	-111111
1418	254445	-111111
1419	261425	-111111
1420	268404	-111111
1421	275383	-111111
1422	282362	-111111
1423	289341	-111111
1424	296320	-111111
1425	303300	-111111
1426	310279	-111111
1427	317258	-111111
1428	324237	-111111
1429	331216	-111111
1430	338195	-111111
1431	345175	-111111
1432	352154	-111111
1433	359133	-111111
1434	366112	-111111
1435	373091	-111111
1436	380070	-111111
1437	387050	-111111
1438	394029	-111111
1439	401008	-111111
1440	407987	-111111
1441	414966	-111111
1442	421945	-111111
1443	428925	-111111
1444	435904	-111111
1445	442883	-111111
1446	449862	-111111
1447	456841	-111111
1448	463820	-111111
1449	470800	-111111
1450	470800	-114888
1451	463820	-114888
1452	456841	-114888
1453	449862	-114888
1454	442883	-114888
1455	435904	-114888
1456	428925	-114888
1457	421945	-114888
1458	414966	-114888
1459	407987	-114888
1460	401008	-114888
1461	394029	-114888
1462	387050	-114888
1463	380070	-114888
1464	373091	-114888
1465	366112	-114888
1466	359133	-114888
1467	352154	-114888
1468	345175	-114888
1469	338195	-114888
1470	331216	-114888
1471	324237	-114888
1472	317258	-114888
1473	310279	-114888
1474	303300	-114888
1475	296320	-114888
1476	289341	-114888
1477	282362	-114888
1478	275383	-114888
1479	268404	-114888
1480	261425	-114888
1481	254445	-114888
1482	247466	-114888
1483	240487	-114888
1484	233508	-114888
1485	226529	-114888
1486	219550	-114888
1487	212570	-114888
1488	205591	-114888
1489	198612	-114888
1490	191633	-114888
1491	184654	-114888
1492	177675	-114888
1493	170695	-114888
1494	163716	-114888
1495	156737	-114888
1496	149758	-114888
1497	142779	-114888
1498	135799	-114888
1499	135799	-118666
1500	142779	-118666
1501	149758	-118666
1502	156737	-118666
1503	163716	-118666
1504	170695	-118666
1505	177675	-118666
1506	184654	-118666
1507	191633	-118666
1508	198612	-118666
1509	205591	-118666
1510	212570	-118666
1511	219550	-118666
1512	226529	-118666
1513	233508	-118666
1514	240487	-118666
1515	247466	-118666
1516	254445	-118666
1517	261425	-118666
1518	268404	-118666
1519	275383	-118666
1520	282362	-118666
1521	289341	-118666
1522	296320	-118666
1523	303300	-118666
1524	310279	-118666
1525	317258	-118666
1526	324237	-118666
1527	331216	-118666
1528	338195	-118666
1529	345175	-118666
1530	352154	-118666
1531	359133	-118666
1532	366112	-118666
1533	373091	-118666
1534	380070	-118666
1535	387050	-118666
1536	394029	-118666
1537	401008	-118666
1538	407987	-118666
1539	414966	-118666
1540	421945	-118666
1541	428925	-118666
1542	435904	-118666
1543	442883	-118666
1544	449862	-118666
1545	456841	-118666
1546	463820	-118666
1547	470800	-118666
1548	470800	-122444
1549	463820	-122444
1550	456841	-122444
1551	449862	-122444
1552	442883	-122444
1553	435904	-122444
1554	428925	-122444
1555	421945	-122444
1556	414966	-122444
1557	407987	-122444
1558	401008	-122444
1559	394029	-122444
1560	387050	-122444
1561	380070	-122444
1562	373091	-122444
1563	366112	-122444
1564	359133	-122444
1565	352154	-122444
1566	345175	-122444
1567	338195	-122444
1568	331216	-122444
1569	324237	-122444
1570	317258	-122444
1571	310279	-122444
1572	303300	-122444
1573	296320	-122444
1574	289341	-122444
1575	282362	-122444
1576	275383	-122444
1577	268404	-122444
1578	261425	-122444
1579	254445	-122444
1580	247466	-122444
1581	240487	-122444
1582	233508	-122444
1583	226529	-122444
1584	219550	-122444
1585	212570	-122444
1586	205591	-122444
1587	198612	-122444
1588	191633	-122444
1589	184654	-122444
1590	177675	-122444
1591	170695	-122444
1592	163716	-122444
1593	156737	-122444
1594	149758	-122444
1595	142779	-122444
1596	135799	-122444
1597	135799	-126222
1598	142779	-126222
1599	149758	-126222
1600	156737	-126222
1601	163716	-126222
1602	170695	-126222
1603	177675	-126222
1604	184654	-126222
1605	191633	-126222
1606	198612	-126222
1607	205591	-126222
1608	212570	-126222
1609	219550	-126222
1610	226529	-126222
1611	233508	-126222
1612	240487	-126222
1613	247466	-126222
1614	254445	-126222
1615	261425	-126222
1616	268404	-126222
1617	275383	-126222
1618	282362	-126222
1619	289341	-126222
1620	296320	-126222
1621	303300	-126222
1622	310279	-126222
1623	317258	-126222
1624	324237	-126222
1625	331216	-126222
1626	338195	-126222
1627	345175	-126222
1628	352154	-126222
1629	359133	-126222
1630	366112	-126222
1631	373091	-126222
1632	380070	-126222
1633	387050	-126222
1634	394029	-126222
1635	401008	-126222
1636	407987	-126222
1637	414966	-126222
1638	421945	-126222
1639	428925	-126222
1640	435904	-126222
1641	442883	-126222
1642	449862	-126222
1643	456841	-126222
1644	463820	-126222
1645	470800	-126222
1646	470800	-129999
1647	463820	-129999
1648	456841	-129999
1649	449862	-129999
1650	442883	-129999
1651	435904	-129999
1652	428925	-129999
1653	421945	-129999
1654	414966	-129999
1655	407987	-129999
1656	401008	-129999
1657	394029	-129999
1658	387050	-129999
1659	380070	-129999
1660	373091	-129999
1661	366112	-129999
1662	359133	-129999
1663	352154	-129999
1664	345175	-129999
1665	338195	-129999
1666	331216	-129999
1667	324237	-129999
1668	317258	-129999
1669	310279	-129999
1670	303300	-129999
1671	296320	-129999
1672	289341	-129999
1673	282362	-129999
1674	275383	-129999
1675	268404	-129999
1676	261425	-129999
1677	254445	-129999
1678	247466	-129999
1679	240487	-129999
1680	233508	-129999
1681	226529	-129999
1682	219550	-129999
1683	212570	-129999
1684	205591	-129999
1685	198612	-129999
1686	191633	-129999
1687	184654	-129999
1688	177675	-129999
1689	170695	-129999
1690	163716	-129999
1691	156737	-129999
1692	149758	-129999
1693	142779	-129999
1694	135799	-129999
1695	135799	-133777
1696	142779	-133777
1697	149758	-133777
1698	156737	-133777
1699	163716	-133777
1700	170695	-133777
1701	177675	-133777
1702	184654	-133777
1703	191633	-133777
1704	198612	-133777
1705	205591	-133777
1706	212570	-133777
1707	219550	-133777
1708	226529	-133777
1709	233508	-133777
1710	240487	-133777
1711	247466	-133777
1712	254445	-133777
1713	261425	-133777
1714	268404	-133777
1715	275383	-133777
1716	282362	-133777
1717	289341	-133777
1718	296320	-133777
1719	303300	-133777
1720	310279	-133777
1721	317258	-133777
1722	324237	-133777
1723	331216	-133777
1724	338195	-133777
1725	345175	-133777
1726	352154	-133777
1727	359133	-133777
1728	366112	-133777
1729	373091	-133777
1730	380070	-133777
1731	387050	-133777
1732	394029	-133777
1733	401008	-133777
1734	407987	-133777
1735	414966	-133777
1736	421945	-133777
1737	428925	-133777
1738	435904	-133777
1739	442883	-133777
1740	449862	-133777
1741	456841	-133777
1742	463820	-133777
1743	470800	-133777
1744	470800	-137555
1745	463820	-137555
1746	456841	-137555
1747	449862	-137555
1748	442883	-137555
1749	435904	-137555
1750	428925	-137555
1751	421945	-137555
1752	414966	-137555
1753	407987	-137555
1754	401008	-137555
1755	394029	-137555
1756	387050	-137555
1757	380070	-137555
1758	373091	-137555
1759	366112	-137555
1760	359133	-137555
1761	352154	-137555
1762	345175	-137555
1763	338195	-137555
1764	331216	-137555
1765	324237	-137555
1766	317258	-137555
1767	310279	-137555
1768	303300	-137555
1769	296320	-137555
1770	289341	-137555
1771	282362	-137555
1772	275383	-137555
1773	268404	-137555
1774	261425	-137555
1775	254445	-137555
1776	247466	-137555
1777	240487	-137555
1778	233508	-137555
1779	226529	-137555
1780	219550	-137555
1781	212570	-137555
1782	205591	-137555
1783	198612	-137555
1784	191633	-137555
1785	184654	-137555
1786	177675	-137555
1787	170695	-137555
1788	163716	-137555
1789	156737	-137555
1790	149758	-137555
1791	142779	-137555
1792	135799	-137555
1793	135799	-141333
1794	142779	-141333
1795	149758	-141333
1796	156737	-141333
1797	163716	-141333
1798	170695	-141333
1799	177675	-141333
1800	184654	-141333
1801	191633	-141333
1802	198612	-141333
1803	205591	-141333
1804	212570	-141333
1805	219550	-141333
1806	226529	-141333
1807	233508	-141333
1808	240487	-141333
1809	247466	-141333
1810	254445	-141333
1811	261425	-141333
1812	268404	-141333
1813	275383	-141333
1814	282362	-141333
1815	289341	-141333
1816	296320	-141333
1817	303300	-141333
1818	310279	-141333
1819	317258	-141333
1820	324237	-141333
1821	331216	-141333
1822	338195	-141333
1823	345175	-141333
1824	352154	-141333
1825	359133	-141333
1826	366112	-141333
1827	373091	-141333
1828	380070	-141333
1829	387050	-141333
1830	394029	-141333
1831	401008	-141333
1832	407987	-141333
1833	414966	-141333
1834	421945	-141333
1835	428925	-141333
1836	435904	-141333
1837	442883	-141333
1838	449862	-141333
1839	456841	-141333
1840	463820	-141333
1841	470800	-141333
1842	470800	-145111
1843	463820	-145111
1844	456841	-145111
1845	449862	-145111
1846	442883	-145111
1847	435904	-145111
1848	428925	-145111
1849	421945	-145111
1850	414966	-145111
1851	407987	-145111
1852	401008	-145111
1853	394029	-145111
1854	387050	-145111
1855	380070	-145111
1856	373091	-145111
1857	366112	-145111
1858	359133	-145111
1859	352154	-145111
1860	345175	-145111
1861	338195	-145111
1862	331216	-145111
1863	324237	-145111
1864	317258	-145111
1865	310279	-145111
1866	303300	-145111
1867	296320	-145111
1868	289341	-145111
1869	282362	-145111
1870	275383	-145111
1871	268404	-145111
1872	261425	-145111
1873	254445	-145111
1874	247466	-145111
1875	240487	-145111
1876	233508	-145111
1877	226529	-145111
1878	219550	-145111
1879	212570	-145111
1880	205591	-145111
1881	198612	-145111
1882	191633	-145111
1883	184654	-145111
1884	177675	-145111
1885	170695	-145111
1886	163716	-145111
1887	156737	-145111
1888	149758	-145111
1889	142779	-145111
1890	135799	-145111
1891	135799	-148888
1892	142779	-148888
1893	149758	-148888
1894	156737	-148888
1895	163716	-148888
1896	170695	-148888
1897	177675	-148888
1898	184654	-148888
1899	191633	-148888
1900	198612	-148888
1901	205591	-148888
1902	212570	-148888
1903	219550	-148888
1904	226529	-148888
1905	233508	-148888
1906	240487	-148888
1907	247466	-148888
1908	254445	-148888
1909	261425	-148888
1910	268404	-148888
1911	275383	-148888
1912	282362	-148888
1913	289341	-148888
1914	296320	-148888
1915	303300	-148888
1916	310279	-148888
1917	317258	-148888
1918	324237	-148888
1919	331216	-148888
1920	338195	-148888
1921	345175	-148888
1922	352154	-148888
1923	359133	-148888
1924	366112	-148888
1925	373091	-148888
1926	380070	-148888
1927	387050	-148888
1928	394029	-148888
1929	401008	-148888
1930	407987	-148888
1931	414966	-148888
1932	421945	-148888
1933	428925	-148888
1934	435904	-148888
1935	442883	-148888
1936	449862	-148888
1937	456841	-148888
1938	463820	-148888
1939	470800	-148888
1940	470800	-152666
1941	463820	-152666
1942	456841	-152666
1943	449862	-152666
1944	442883	-152666
1945	435904	-152666
1946	428925	-152666
1947	421945	-152666
1948	414966	-152666
1949	407987	-152666
1950	401008	-152666
1951	394029	-152666
1952	387050	-152666
1953	380070	-152666
1954	373091	-152666
1955	366112	-152666
1956	359133	-152666
1957	352154	-152666
1958	345175	-152666
1959	338195	-152666
1960	331216	-152666
1961	324237	-152666
1962	317258	-152666
1963	310279	-152666
1964	303300	-152666
1965	296320	-152666
1966	289341	-152666
1967	282362	-152666
1968	275383	-152666
1969	268404	-152666
1970	261425	-152666
1971	254445	-152666
1972	247466	-152666
1973	240487	-152666
1974	233508	-152666
1975	226529	-152666
1976	219550	-152666
1977	212570	-152666
1978	205591	-152666
1979	198612	-152666
1980	191633	-152666
1981	184654	-152666
1982	177675	-152666
1983	170695	-152666
1984	163716	-152666
1985	156737	-152666
1986	149758	-152666
1987	142779	-152666
1988	135799	-152666
1989	135799	-156444
1990	142779	-156444
1991	149758	-156444
1992	156737	-156444
1993	163716	-156444
1994	170695	-156444
1995	177675	-156444
1996	184654	-156444
1997	191633	-156444
1998	198612	-156444
1999	205591	-156444
2000	212570	-156444
2001	219550	-156444
2002	226529	-156444
2003	233508	-156444
2004	240487	-156444
2005	247466	-156444
2006	254445	-156444
2007	261425	-156444
2008	268404	-156444
2009	275383	-156444
2010	282362	-156444
2011	289341	-156444
2012	296320	-156444
2013	303300	-156444
2014	310279	-156444
2015	317258	-156444
2016	324237	-156444
2017	331216	-156444
2018	338195	-156444
2019	345175	-156444
2020	352154	-156444
2021	359133	-156444
2022	366112	-156444
2023	373091	-156444
2024	380070	-156444
2025	387050	-156444
2026	394029	-156444
2027	401008	-156444
2028	407987	-156444
2029	414966	-156444
2030	421945	-156444
2031	428925	-156444
2032	435904	-156444
2033	442883	-156444
2034	449862	-156444
2035	456841	-156444
2036	463820	-156444
2037	470800	-156444
2038	470800	-160222
2039	463820	-160222
2040	456841	-160222
2041	449862	-160222
2042	442883	-160222
2043	435904	-160222
2044	428925	-160222
2045	421945	-160222
2046	414966	-160222
2047	407987	-160222
2048	401008	-160222
2049	394029	-160222
2050	387050	-160222
2051	380070	-160222
2052	373091	-160222
2053	366112	-160222
2054	359133	-160222
2055	352154	-160222
2056	345175	-160222
2057	338195	-160222
2058	331216	-160222
2059	324237	-160222
2060	317258	-160222
2061	310279	-160222
2062	303300	-160222
2063	296320	-160222
2064	289341	-160222
2065	282362	-160222
2066	275383	-160222
2067	268404	-160222
2068	261425	-160222
2069	254445	-160222
2070	247466	-160222
2071	240487	-160222
2072	233508	-160222
2073	226529	-160222
2074	219550	-160222
2075	212570	-160222
2076	205591	-160222
2077	198612	-160222
2078	191633	-160222
2079	184654	-160222
2080	177675	-160222
2081	170695	-160222
2082	163716	-160222
2083	156737	-160222
2084	149758	-160222
2085	142779	-160222
2086	135799	-160222
2087	135799	-163999
2088	142779	-163999
2089	149758	-163999
2090	156737	-163999
2091	163716	-163999
2092	170695	-163999
2093	177675	-163999
2094	184654	-163999
2095	191633	-163999
2096	198612	-163999
2097	205591	-163999
2098	212570	-163999
2099	219550	-163999
2100	226529	-163999
2101	233508	-163999
2102	240487	-163999
2103	247466	-163999
2104	254445	-163999
2105	261425	-163999
2106	268404	-163999
2107	275383	-163999
2108	282362	-163999
2109	289341	-163999
2110	296320	-163999
2111	303300	-163999
2112	310279	-163999
2113	317258	-163999
2114	324237	-163999
2115	331216	-163999
2116	338195	-163999
2117	345175	-163999
2118	352154	-163999
2119	359133	-163999
2120	366112	-163999
2121	373091	-163999
2122	380070	-163999
2123	387050	-163999
2124	394029	-163999
2125	401008	-163999
2126	407987	-163999
2127	414966	-163999
2128	421945	-163999
2129	428925	-163999
2130	435904	-163999
2131	442883	-163999
2132	449862	-163999
2133	456841	-163999
2134	463820	-163999
2135	470800	-163999
2136	470800	-167777
2137	463820	-167777
2138	456841	-167777
2139	449862	-167777
2140	442883	-167777
2141	435904	-167777
2142	428925	-167777
2143	421945	-167777
2144	414966	-167777
2145	407987	-167777
2146	401008	-167777
2147	394029	-167777
2148	387050	-167777
2149	380070	-167777
2150	373091	-167777
2151	366112	-167777
2152	359133	-167777
2153	352154	-167777
2154	345175	-167777
2155	338195	-167777
2156	331216	-167777
2157	324237	-167777
2158	317258	-167777
2159	310279	-167777
2160	303300	-167777
2161	296320	-167777
2162	289341	-167777
2163	282362	-167777
2164	275383	-167777
2165	268404	-167777
2166	261425	-167777
2167	254445	-167777
2168	247466	-167777
2169	240487	-167777
2170	233508	-167777
2171	226529	-167777
2172	219550	-167777
2173	212570	-167777
2174	205591	-167777
2175	198612	-167777
2176	191633	-167777
2177	184654	-167777
2178	177675	-167777
2179	170695	-167777
2180	163716	-167777
2181	156737	-167777
2182	149758	-167777
2183	142779	-167777
2184	135799	-167777
2185	135799	-171555
2186	142779	-171555
2187	149758	-171555
2188	156737	-171555
2189	163716	-171555
2190	170695	-171555
2191	177675	-171555
2192	184654	-171555
2193	191633	-171555
2194	198612	-171555
2195	205591	-171555
2196	212570	-171555
2197	219550	-171555
2198	226529	-171555
2199	233508	-171555
2200	240487	-171555
2201	247466	-171555
2202	254445	-171555
2203	261425	-171555
2204	268404	-171555
2205	275383	-171555
2206	282362	-171555
2207	289341	-171555
2208	296320	-171555
2209	303300	-171555
2210	310279	-171555
2211	317258	-171555
2212	324237	-171555
2213	331216	-171555
2214	338195	-171555
2215	345175	-171555
2216	352154	-171555
2217	359133	-171555
2218	366112	-171555
2219	373091	-171555
2220	380070	-171555
2221	387050	-171555
2222	394029	-171555
2223	401008	-171555
2224	407987	-171555
2225	414966	-171555
2226	421945	-171555
2227	428925	-171555
2228	435904	-171555
2229	442883	-171555
2230	449862	-171555
2231	456841	-171555
2232	463820	-171555
2233	470800	-171555
2234	470800	-175333
2235	463820	-175333
2236	456841	-175333
2237	449862	-175333
2238	442883	-175333
2239	435904	-175333
2240	428925	-175333
2241	421945	-175333
2242	414966	-175333
2243	407987	-175333
2244	401008	-175333
2245	394029	-175333
2246	387050	-175333
2247	380070	-175333
2248	373091	-175333
2249	366112	-175333
2250	359133	-175333
2251	352154	-175333
2252	345175	-175333
2253	338195	-175333
2254	331216	-175333
2255	324237	-175333
2256	317258	-175333
2257	310279	-175333
2258	303300	-175333
2259	296320	-175333
2260	289341	-175333
2261	282362	-175333
2262	275383	-175333
2263	268404	-175333
2264	261425	-175333
2265	254445	-175333
2266	247466	-175333
2267	240487	-175333
2268	233508	-175333
2269	226529	-175333
2270	219550	-175333
2271	212570	-175333
2272	205591	-175333
2273	198612	-175333
2274	191633	-175333
2275	184654	-175333
2276	177675	-175333
2277	170695	-175333
2278	163716	-175333
2279	156737	-175333
2280	149758	-175333
2281	142779	-175333
2282	135799	-175333
2283	135799	-179111
2284	142779	-179111
2285	149758	-179111
2286	156737	-179111
2287	163716	-179111
2288	170695	-179111
2289	177675	-179111
2290	184654	-179111
2291	191633	-179111
2292	198612	-179111
2293	205591	-179111
2294	212570	-179111
2295	219550	-179111
2296	226529	-179111
2297	233508	-179111
2298	240487	-179111
2299	247466	-179111
2300	254445	-179111
2301	261425	-179111
2302	268404	-179111
2303	275383	-179111
2304	282362	-179111
2305	289341	-179111
2306	296320	-179111
2307	303300	-179111
2308	310279	-179111
2309	317258	-179111
2310	324237	-179111
2311	331216	-179111
2312	338195	-179111
2313	345175	-179111
2314	352154	-179111
2315	359133	-179111
2316	366112	-179111
2317	373091	-179111
2318	380070	-179111
2319	387050	-179111
2320	394029	-179111
2321	401008	-179111
2322	407987	-179111
2323	414966	-179111
2324	421945	-179111
2325	428925	-179111
2326	435904	-179111
2327	442883	-179111
2328	449862	-179111
2329	456841	-179111
2330	463820	-179111
2331	470800	-179111
2332	470800	-182888
2333	463820	-182888
2334	456841	-182888
2335	449862	-182888
2336	442883	-182888
2337	435904	-182888
2338	428925	-182888
2339	421945	-182888
2340	414966	-182888
2341	407987	-182888
2342	401008	-182888
2343	394029	-182888
2344	387050	-182888
2345	380070	-182888
2346	373091	-182888
2347	366112	-182888
2348	359133	-182888
2349	352154	-182888
2350	345175	-182888
2351	338195	-182888
2352	331216	-182888
2353	324237	-182888
2354	317258	-182888
2355	310279	-182888
2356	303300	-182888
2357	296320	-182888
2358	289341	-182888
2359	282362	-182888
2360	275383	-182888
2361	268404	-182888
2362	261425	-182888
2363	254445	-182888
2364	247466	-182888
2365	240487	-182888
2366	233508	-182888
2367	226529	-182888
2368	219550	-182888
2369	212570	-182888
2370	205591	-182888
2371	198612	-182888
2372	191633	-182888
2373	184654	-182888
2374	177675	-182888
2375	170695	-182888
2376	163716	-182888
2377	156737	-182888
2378	149758	-182888
2379	142779	-182888
2380	135799	-182888
2381	135799	-186666
2382	142779	-186666
2383	149758	-186666
2384	156737	-186666
2385	163716	-186666
2386	170695	-186666
2387	177675	-186666
2388	184654	-186666
2389	191633	-186666
2390	198612	-186666
2391	205591	-186666
2392	212570	-186666
2393	219550	-186666
2394	226529	-186666
2395	233508	-186666
2396	240487	-186666
2397	247466	-186666
2398	254445	-186666
2399	261425	-186666
2400	268404	-186666
2401	275383	-186666
2402	282362	-186666
2403	289341	-186666
2404	296320	-186666
2405	303300	-186666
2406	310279	-186666
2407	317258	-186666
2408	324237	-186666
2409	331216	-186666
2410	338195	-186666
2411	345175	-186666
2412	352154	-186666
2413	359133	-186666
2414	366112	-186666
2415	373091	-186666
2416	380070	-186666
2417	387050	-186666
2418	394029	-186666
2419	401008	-186666
2420	407987	-186666
2421	414966	-186666
2422	421945	-186666
2423	428925	-186666
2424	435904	-186666
2425	442883	-186666
2426	449862	-186666
2427	456841	-186666
2428	463820	-186666
2429	470800	-186666
2430	470800	-190444
2431	463820	-190444
2432	456841	-190444
2433	449862	-190444
2434	442883	-190444
2435	435904	-190444
2436	428925	-190444
2437	421945	-190444
2438	414966	-190444
2439	407987	-190444
2440	401008	-190444
2441	394029	-190444
2442	387050	-190444
2443	380070	-190444
2444	373091	-190444
2445	366112	-190444
2446	359133	-190444
2447	352154	-190444
2448	345175	-190444
2449	338195	-190444
2450	331216	-190444
2451	324237	-190444
2452	317258	-190444
2453	310279	-190444
2454	303300	-190444
2455	296320	-190444
2456	289341	-190444
2457	282362	-190444
2458	275383	-190444
2459	268404	-190444
2460	261425	-190444
2461	254445	-190444
2462	247466	-190444
2463	240487	-190444
2464	233508	-190444
2465	226529	-190444
2466	219550	-190444
2467	212570	-190444
2468	205591	-190444
2469	198612	-190444
2470	191633	-190444
2471	184654	-190444
2472	177675	-190444
2473	170695	-190444
2474	163716	-190444
2475	156737	-190444
2476	149758	-190444
2477	142779	-190444
2478	135799	-190444
2479	135799	-194222
2480	142779	-194222
2481	149758	-194222
2482	156737	-194222
2483	163716	-194222
2484	170695	-194222
2485	177675	-194222
2486	184654	-194222
2487	191633	-194222
2488	198612	-194222
2489	205591	-194222
2490	212570	-194222
2491	219550	-194222
2492	226529	-194222
2493	233508	-194222
2494	240487	-194222
2495	247466	-194222
2496	254445	-194222
2497	261425	-194222
2498	268404	-194222
2499	275383	-194222
2500	282362	-194222
2501	289341	-194222
2502	296320	-194222
2503	303300	-194222
2504	310279	-194222
2505	317258	-194222
2506	324237	-194222
2507	331216	-194222
2508	338195	-194222
2509	345175	-194222
2510	352154	-194222
2511	359133	-194222
2512	366112	-194222
2513	373091	-194222
2514	380070	-194222
2515	387050	-194222
2516	394029	-194222
2517	401008	-194222
2518	407987	-194222
2519	414966	-194222
2520	421945	-194222
2521	428925	-194222
2522	435904	-194222
2523	442883	-194222
2524	449862	-194222
2525	456841	-194222
2526	463820	-194222
2527	470800	-194222
2528	470800	-197999
2529	463820	-197999
2530	456841	-197999
2531	449862	-197999
2532	442883	-197999
2533	435904	-197999
2534	428925	-197999
2535	421945	-197999
2536	414966	-197999
2537	407987	-197999
2538	401008	-197999
2539	394029	-197999
2540	387050	-197999
2541	380070	-197999
2542	373091	-197999
2543	366112	-197999
2544	359133	-197999
2545	352154	-197999
2546	345175	-197999
2547	338195	-197999
2548	331216	-197999
2549	324237	-197999
2550	317258	-197999
2551	310279	-197999
2552	303300	-197999
2553	296320	-197999
2554	289341	-197999
2555	282362	-197999
2556	275383	-197999
2557	268404	-197999
2558	261425	-197999
2559	254445	-197999
2560	247466	-197999
2561	240487	-197999
2562	233508	-197999
2563	226529	-197999
2564	219550	-197999
2565	212570	-197999
2566	205591	-197999
2567	198612	-197999
2568	191633	-197999
2569	184654	-197999
2570	177675	-197999
2571	170695	-197999
2572	163716	-197999
2573	156737	-197999
2574	149758	-197999
2575	142779	-197999
2576	135799	-197999
2577	135799	-201777
2578	142779	-201777
2579	149758	-201777
2580	156737	-201777
2581	163716	-201777
2582	170695	-201777
2583	177675	-201777
2584	184654	-201777
2585	191633	-201777
2586	198612	-201777
2587	205591	-201777
2588	212570	-201777
2589	219550	-201777
2590	226529	-201777
2591	233508	-201777
2592	240487	-201777
2593	247466	-201777
2594	254445	-201777
2595	261425	-201777
2596	268404	-201777
2597	275383	-201777
2598	282362	-201777
2599	289341	-201777
2600	296320	-201777
2601	303300	-201777
2602	310279	-201777
2603	317258	-201777
2604	324237	-201777
2605	331216	-201777
2606	338195	-201777
2607	345175	-201777
2608	352154	-201777
2609	359133	-201777
2610	366112	-201777
2611	373091	-201777
2612	380070	-201777
2613	387050	-201777
2614	394029	-201777
2615	401008	-201777
2616	407987	-201777
2617	414966	-201777
2618	421945	-201777
2619	428925	-201777
2620	435904	-201777
2621	442883	-201777
2622	449862	-201777
2623	456841	-201777
2624	463820	-201777
2625	470800	-201777
2626	470800	-205555
2627	463820	-205555
2628	456841	-205555
2629	449862	-205555
2630	442883	-205555
2631	435904	-205555
2632	428925	-205555
2633	421945	-205555
2634	414966	-205555
2635	407987	-205555
2636	401008	-205555
2637	394029	-205555
2638	387050	-205555
2639	380070	-205555
2640	373091	-205555
2641	366112	-205555
2642	359133	-205555
2643	352154	-205555
2644	345175	-205555
2645	338195	-205555
2646	331216	-205555
2647	324237	-205555
2648	317258	-205555
2649	310279	-205555
2650	303300	-205555
2651	296320	-205555
2652	289341	-205555
2653	282362	-205555
2654	275383	-205555
2655	268404	-205555
2656	261425	-205555
2657	254445	-205555
2658	247466	-205555
2659	240487	-205555
2660	233508	-205555
2661	226529	-205555
2662	219550	-205555
2663	212570	-205555
2664	205591	-205555
2665	198612	-205555
2666	191633	-205555
2667	184654	-205555
2668	177675	-205555
2669	170695	-205555
2670	163716	-205555
2671	156737	-205555
2672	149758	-205555
2673	142779	-205555
2674	135799	-205555
2675	135799	-209333
2676	142779	-209333
2677	149758	-209333
2678	156737	-209333
2679	163716	-209333
2680	170695	-209333
2681	177675	-209333
2682	184654	-209333
2683	191633	-209333
2684	198612	-209333
2685	205591	-209333
2686	212570	-209333
2687	219550	-209333
2688	226529	-209333
2689	233508	-209333
2690	240487	-209333
2691	247466	-209333
2692	254445	-209333
2693	261425	-209333
2694	268404	-209333
2695	275383	-209333
2696	282362	-209333
2697	289341	-209333
2698	296320	-209333
2699	303300	-209333
2700	310279	-209333
2701	317258	-209333
2702	324237	-209333
2703	331216	-209333
2704	338195	-209333
2705	345175	-209333
2706	352154	-209333
2707	359133	-209333
2708	366112	-209333
2709	373091	-209333
2710	380070	-209333
2711	387050	-209333
2712	394029	-209333
2713	401008	-209333
2714	407987	-209333
2715	414966	-209333
2716	421945	-209333
2717	428925	-209333
2718	435904	-209333
2719	442883	-209333
2720	449862	-209333
2721	456841	-209333
2722	463820	-209333
2723	470800	-209333
2724	470800	-213111
2725	463820	-213111
2726	456841	-213111
2727	449862	-213111
2728	442883	-213111
2729	435904	-213111
2730	428925	-213111
2731	421945	-213111
2732	414966	-213111
2733	407987	-213111
2734	401008	-213111
2735	394029	-213111
2736	387050	-213111
2737	380070	-213111
2738	373091	-213111
2739	366112	-213111
2740	359133	-213111
2741	352154	-213111
2742	345175	-213111
2743	338195	-213111
2744	331216	-213111
2745	324237	-213111
2746	317258	-213111
2747	310279	-213111
2748	303300	-213111
2749	296320	-213111
2750	289341	-213111
2751	282362	-213111
2752	275383	-213111
2753	268404	-213111
2754	261425	-213111
2755	254445	-213111
2756	247466	-213111
2757	240487	-213111
2758	233508	-213111
2759	226529	-213111
2760	219550	-213111
2761	212570	-213111
2762	205591	-213111
2763	198612	-213111
2764	191633	-213111
2765	184654	-213111
2766	177675	-213111
2767	170695	-213111
2768	163716	-213111
2769	156737	-213111
2770	149758	-213111
2771	142779	-213111
2772	135799	-213111
2773	135799	-216888
2774	142779	-216888
2775	149758	-216888
2776	156737	-216888
2777	163716	-216888
2778	170695	-216888
2779	177675	-216888
2780	184654	-216888
2781	191633	-216888
2782	198612	-216888
2783	205591	-216888
2784	212570	-216888
2785	219550	-216888
2786	226529	-216888
2787	233508	-216888
2788	240487	-216888
2789	247466	-216888
2790	254445	-216888
2791	261425	-216888
2792	268404	-216888
2793	275383	-216888
2794	282362	-216888
2795	289341	-216888
2796	296320	-216888
2797	303300	-216888
2798	310279	-216888
2799	317258	-216888
2800	324237	-216888
2801	331216	-216888
2802	338195	-216888
2803	345175	-216888
2804	352154	-216888
2805	359133	-216888
2806	366112	-216888
2807	373091	-216888
2808	380070	-216888
2809	387050	-216888
2810	394029	-216888
2811	401008	-216888
2812	407987	-216888
2813	414966	-216888
2814	421945	-216888
2815	428925	-216888
2816	435904	-216888
2817	442883	-216888
2818	449862	-216888
2819	456841	-216888
2820	463820	-216888
2821	470800	-216888
2822	470800	-220666
2823	463820	-220666
2824	456841	-220666
2825	449862	-220666
2826	442883	-220666
2827	435904	-220666
2828	428925	-220666
2829	421945	-220666
2830	414966	-220666
2831	407987	-220666
2832	401008	-220666
2833	394029	-220666
2834	387050	-220666
2835	380070	-220666
2836	373091	-220666
2837	366112	-220666
2838	359133	-220666
2839	352154	-220666
2840	345175	-220666
2841	338195	-220666
2842	331216	-220666
2843	324237	-220666
2844	317258	-220666
2845	310279	-220666
2846	303300	-220666
2847	296320	-220666
2848	289341	-220666
2849	282362	-220666
2850	275383	-220666
2851	268404	-220666
2852	261425	-220666
2853	254445	-220666
2854	247466	-220666
2855	240487	-220666
2856	233508	-220666
2857	226529	-220666
2858	219550	-220666
2859	212570	-220666
2860	205591	-220666
2861	198612	-220666
2862	191633	-220666
2863	184654	-220666
2864	177675	-220666
2865	170695	-220666
2866	163716	-220666
2867	156737	-220666
2868	149758	-220666
2869	142779	-220666
2870	135799	-220666
2871	135799	-224444
2872	142779	-224444
2873	149758	-224444
2874	156737	-224444
2875	163716	-224444
2876	170695	-224444
2877	177675	-224444
2878	184654	-224444
2879	191633	-224444
2880	198612	-224444
2881	205591	-224444
2882	212570	-224444
2883	219550	-224444
2884	226529	-224444
2885	233508	-224444
2886	240487	-224444
2887	247466	-224444
2888	254445	-224444
2889	261425	-224444
2890	268404	-224444
2891	275383	-224444
2892	282362	-224444
2893	289341	-224444
2894	296320	-224444
2895	303300	-224444
2896	310279	-224444
2897	317258	-224444
2898	324237	-224444
2899	331216	-224444
2900	338195	-224444
2901	345175	-224444
2902	352154	-224444
2903	359133	-224444
2904	366112	-224444
2905	373091	-224444
2906	380070	-224444
2907	387050	-224444
2908	394029	-224444
2909	401008	-224444
2910	407987	-224444
2911	414966	-224444
2912	421945	-224444
2913	428925	-224444
2914	435904	-224444
2915	442883	-224444
2916	449862	-224444
2917	456841	-224444
2918	463820	-224444
2919	470800	-224444
2920	470800	-228222
2921	463820	-228222
2922	456841	-228222
2923	449862	-228222
2924	442883	-228222
2925	435904	-228222
2926	428925	-228222
2927	421945	-228222
2928	414966	-228222
2929	407987	-228222
2930	401008	-228222
2931	394029	-228222
2932	387050	-228222
2933	380070	-228222
2934	373091	-228222
2935	366112	-228222
2936	359133	-228222
2937	352154	-228222
2938	345175	-228222
2939	338195	-228222
2940	331216	-228222
2941	324237	-228222
2942	317258	-228222
2943	310279	-228222
2944	303300	-228222
2945	296320	-228222
2946	289341	-228222
2947	282362	-228222
2948	275383	-228222
2949	268404	-228222
2950	261425	-228222
2951	254445	-228222
2952	247466	-228222
2953	240487	-228222
2954	233508	-228222
2955	226529	-228222
2956	219550	-228222
2957	212570	-228222
2958	205591	-228222
2959	198612	-228222
2960	191633	-228222
2961	184654	-228222
2962	177675	-228222
2963	170695	-228222
2964	163716	-228222
2965	156737	-228222
2966	149758	-228222
2967	142779	-228222
2968	135799	-228222
2969	135799	-231999
2970	142779	-231999
2971	149758	-231999
2972	156737	-231999
2973	163716	-231999
2974	170695	-231999
2975	177675	-231999
2976	184654	-231999
2977	191633	-231999
2978	198612	-231999
2979	205591	-231999
2980	212570	-231999
2981	219550	-231999
2982	226529	-231999
2983	233508	-231999
2984	240487	-231999
2985	247466	-231999
2986	254445	-231999
2987	261425	-231999
2988	268404	-231999
2989	275383	-231999
2990	282362	-231999
2991	289341	-231999
2992	296320	-231999
2993	303300	-231999
2994	310279	-231999
2995	317258	-231999
2996	324237	-231999
2997	331216	-231999
2998	338195	-231999
2999	345175	-231999
3000	352154	-231999
3001	359133	-231999
3002	366112	-231999
3003	373091	-231999
3004	380070	-231999
3005	387050	-231999
3006	394029	-231999
3007	401008	-231999
3008	407987	-231999
3009	414966	-231999
3010	421945	-231999
3011	428925	-231999
3012	435904	-231999
3013	442883	-231999
3014	449862	-231999
3015	456841	-231999
3016	463820	-231999
3017	470800	-231999
3018	470800	-235777
3019	463820	-235777
3020	456841	-235777
3021	449862	-235777
3022	442883	-235777
3023	435904	-235777
3024	428925	-235777
3025	421945	-235777
3026	414966	-235777
3027	407987	-235777
3028	401008	-235777
3029	394029	-235777
3030	387050	-235777
3031	380070	-235777
3032	373091	-235777
3033	366112	-235777
3034	359133	-235777
3035	352154	-235777
3036	345175	-235777
3037	338195	-235777
3038	331216	-235777
3039	324237	-235777
3040	317258	-235777
3041	310279	-235777
3042	303300	-235777
3043	296320	-235777
3044	289341	-235777
3045	282362	-235777
3046	275383	-235777
3047	268404	-235777
3048	261425	-235777
3049	254445	-235777
3050	247466	-235777
3051	240487	-235777
3052	233508	-235777
3053	226529	-235777
3054	219550	-235777
3055	212570	-235777
3056	205591	-235777
3057	198612	-235777
3058	191633	-235777
3059	184654	-235777
3060	177675	-235777
3061	170695	-235777
3062	163716	-235777
3063	156737	-235777
3064	149758	-235777
3065	142779	-235777
3066	135799	-235777
3067	135799	-239555
3068	142779	-239555
3069	149758	-239555
3070	156737	-239555
3071	163716	-239555
3072	170695	-239555
3073	177675	-239555
3074	184654	-239555
3075	191633	-239555
3076	198612	-239555
3077	205591	-239555
3078	212570	-239555
3079	219550	-239555
3080	226529	-239555
3081	233508	-239555
3082	240487	-239555
3083	247466	-239555
3084	254445	-239555
3085	261425	-239555
3086	268404	-239555
3087	275383	-239555
3088	282362	-239555
3089	289341	-239555
3090	296320	-239555
3091	303300	-239555
3092	310279	-239555
3093	317258	-239555
3094	324237	-239555
3095	331216	-239555
3096	338195	-239555
3097	345175	-239555
3098	352154	-239555
3099	359133	-239555
3100	366112	-239555
3101	373091	-239555
3102	380070	-239555
3103	387050	-239555
3104	394029	-239555
3105	401008	-239555
3106	407987	-239555
3107	414966	-239555
3108	421945	-239555
3109	428925	-239555
3110	435904	-239555
3111	442883	-239555
3112	449862	-239555
3113	456841	-239555
3114	463820	-239555
3115	470800	-239555
3116	470800	-243333
3117	463820	-243333
3118	456841	-243333
3119	449862	-243333
3120	442883	-243333
3121	435904	-243333
3122	428925	-243333
3123	421945	-243333
3124	414966	-243333
3125	407987	-243333
3126	401008	-243333
3127	394029	-243333
3128	387050	-243333
3129	380070	-243333
3130	373091	-243333
3131	366112	-243333
3132	359133	-243333
3133	352154	-243333
3134	345175	-243333
3135	338195	-243333
3136	331216	-243333
3137	324237	-243333
3138	317258	-243333
3139	310279	-243333
3140	303300	-243333
3141	296320	-243333
3142	289341	-243333
3143	282362	-243333
3144	275383	-243333
3145	268404	-243333
3146	261425	-243333
3147	254445	-243333
3148	247466	-243333
3149	240487	-243333
3150	233508	-243333
3151	226529	-243333
3152	219550	-243333
3153	212570	-243333
3154	205591	-243333
3155	198612	-243333
3156	191633	-243333
3157	184654	-243333
3158	177675	-243333
3159	170695	-243333
3160	163716	-243333
3161	156737	-243333
3162	149758	-243333
3163	142779	-243333
3164	135799	-243333
3165	135799	-247111
3166	142779	-247111
3167	149758	-247111
3168	156737	-247111
3169	163716	-247111
3170	170695	-247111
3171	177675	-247111
3172	184654	-247111
3173	191633	-247111
3174	198612	-247111
3175	205591	-247111
3176	212570	-247111
3177	219550	-247111
3178	226529	-247111
3179	233508	-247111
3180	240487	-247111
3181	247466	-247111
3182	254445	-247111
3183	261425	-247111
3184	268404	-247111
3185	275383	-247111
3186	282362	-247111
3187	289341	-247111
3188	296320	-247111
3189	303300	-247111
3190	310279	-247111
3191	317258	-247111
3192	324237	-247111
3193	331216	-247111
3194	338195	-247111
3195	345175	-247111
3196	352154	-247111
3197	359133	-247111
3198	366112	-247111
3199	373091	-247111
3200	380070	-247111
3201	387050	-247111
3202	394029	-247111
3203	401008	-247111
3204	407987	-247111
3205	414966	-247111
3206	421945	-247111
3207	428925	-247111
3208	435904	-247111
3209	442883	-247111
3210	449862	-247111
3211	456841	-247111
3212	463820	-247111
3213	470800	-247111
3214	470800	-250888
3215	463820	-250888
3216	456841	-250888
3217	449862	-250888
3218	442883	-250888
3219	435904	-250888
3220	428925	-250888
3221	421945	-250888
3222	414966	-250888
3223	407987	-250888
3224	401008	-250888
3225	394029	-250888
3226	387050	-250888
3227	380070	-250888
3228	373091	-250888
3229	366112	-250888
3230	359133	-250888
3231	352154	-250888
3232	345175	-250888
3233	338195	-250888
3234	331216	-250888
3235	324237	-250888
3236	317258	-250888
3237	310279	-250888
3238	303300	-250888
3239	296320	-250888
3240	289341	-250888
3241	282362	-250888
3242	275383	-250888
3243	268404	-250888
3244	261425	-250888
3245	254445	-250888
3246	247466	-250888
3247	240487	-250888
3248	233508	-250888
3249	226529	-250888
3250	219550	-250888
3251	212570	-250888
3252	205591	-250888
3253	198612	-250888
3254	191633	-250888
3255	184654	-250888
3256	177675	-250888
3257	170695	-250888
3258	163716	-250888
3259	156737	-250888
3260	149758	-250888
3261	142779	-250888
3262	135799	-250888
3263	135799	-254666
3264	142779	-254666
3265	149758	-254666
3266	156737	-254666
3267	163716	-254666
3268	170695	-254666
3269	177675	-254666
3270	184654	-254666
3271	191633	-254666
3272	198612	-254666
3273	205591	-254666
3274	212570	-254666
3275	219550	-254666
3276	226529	-254666
3277	233508	-254666
3278	240487	-254666
3279	247466	-254666
3280	254445	-254666
3281	261425	-254666
3282	268404	-254666
3283	275383	-254666
3284	282362	-254666
3285	289341	-254666
3286	296320	-254666
3287	303300	-254666
3288	310279	-254666
3289	317258	-254666
3290	324237	-254666
3291	331216	-254666
3292	338195	-254666
3293	345175	-254666
3294	352154	-254666
3295	359133	-254666
3296	366112	-254666
3297	373091	-254666
3298	380070	-254666
3299	387050	-254666
3300	394029	-254666
3301	401008	-254666
3302	407987	-254666
3303	414966	-254666
3304	421945	-254666
3305	428925	-254666
3306	435904	-254666
3307	442883	-254666
3308	449862	-254666
3309	456841	-254666
3310	463820	-254666
3311	470800	-254666
3312	470800	-258444
3313	463820	-258444
3314	456841	-258444
3315	449862	-258444
3316	442883	-258444
3317	435904	-258444
3318	428925	-258444
3319	421945	-258444
3320	414966	-258444
3321	407987	-258444
3322	401008	-258444
3323	394029	-258444
3324	387050	-258444
3325	380070	-258444
3326	373091	-258444
3327	366112	-258444
3328	359133	-258444
3329	352154	-258444
3330	345175	-258444
3331	338195	-258444
3332	331216	-258444
3333	324237	-258444
3334	317258	-258444
3335	310279	-258444
3336	303300	-258444
3337	296320	-258444
3338	289341	-258444
3339	282362	-258444
3340	275383	-258444
3341	268404	-258444
3342	261425	-258444
3343	254445	-258444
3344	247466	-258444
3345	240487	-258444
3346	233508	-258444
3347	226529	-258444
3348	219550	-258444
3349	212570	-258444
3350	205591	-258444
3351	198612	-258444
3352	191633	-258444
3353	184654	-258444
3354	177675	-258444
3355	170695	-258444
3356	163716	-258444
3357	156737	-258444
3358	149758	-258444
3359	142779	-258444
3360	135799	-258444
3361	135799	-262222
3362	142779	-262222
3363	149758	-262222
3364	156737	-262222
3365	163716	-262222
3366	170695	-262222
3367	177675	-262222
3368	184654	-262222
3369	191633	-262222
3370	198612	-262222
3371	205591	-262222
3372	212570	-262222
3373	219550	-262222
3374	226529	-262222
3375	233508	-262222
3376	240487	-262222
3377	247466	-262222
3378	254445	-262222
3379	261425	-262222
3380	268404	-262222
3381	275383	-262222
3382	282362	-262222
3383	289341	-262222
3384	296320	-262222
3385	303300	-262222
3386	310279	-262222
3387	317258	-262222
3388	324237	-262222
3389	331216	-262222
3390	338195	-262222
3391	345175	-262222
3392	352154	-262222
3393	359133	-262222
3394	366112	-262222
3395	373091	-262222
3396	380070	-262222
3397	387050	-262222
3398	394029	-262222
3399	401008	-262222
3400	407987	-262222
3401	414966	-262222
3402	421945	-262222
3403	428925	-262222
3404	435904	-262222
3405	442883	-262222
3406	449862	-262222
3407	456841	-262222
3408	463820	-262222
3409	470800	-262222
3410	470800	-265999
3411	463820	-265999
3412	456841	-265999
3413	449862	-265999
3414	442883	-265999
3415	435904	-265999
3416	428925	-265999
3417	421945	-265999
3418	414966	-265999
3419	407987	-265999
3420	401008	-265999
3421	394029	-265999
3422	387050	-265999
3423	380070	-265999
3424	373091	-265999
3425	366112	-265999
3426	359133	-265999
3427	352154	-265999
3428	345175	-265999
3429	338195	-265999
3430	331216	-265999
3431	324237	-265999
3432	317258	-265999
3433	310279	-265999
3434	303300	-265999
3435	296320	-265999
3436	289341	-265999
3437	282362	-265999
3438	275383	-265999
3439	268404	-265999
3440	261425	-265999
3441	254445	-265999
3442	247466	-265999
3443	240487	-265999
3444	233508	-265999
3445	226529	-265999
3446	219550	-265999
3447	212570	-265999
3448	205591	-265999
3449	198612	-265999
3450	191633	-265999
3451	184654	-265999
3452	177675	-265999
3453	170695	-265999
3454	163716	-265999
3455	156737	-265999
3456	149758	-265999
3457	142779	-265999
3458	135799	-265999
3459	135799	-269777
3460	142779	-269777
3461	149758	-269777
3462	156737	-269777
3463	163716	-269777
3464	170695	-269777
3465	177675	-269777
3466	184654	-269777
3467	191633	-269777
3468	198612	-269777
3469	205591	-269777
3470	212570	-269777
3471	219550	-269777
3472	226529	-269777
3473	233508	-269777
3474	240487	-269777
3475	247466	-269777
3476	254445	-269777
3477	261425	-269777
3478	268404	-269777
3479	275383	-269777
3480	282362	-269777
3481	289341	-269777
3482	296320	-269777
3483	303300	-269777
3484	310279	-269777
3485	317258	-269777
3486	324237	-269777
3487	331216	-269777
3488	338195	-269777
3489	345175	-269777
3490	352154	-269777
3491	359133	-269777
3492	366112	-269777
3493	373091	-269777
3494	380070	-269777
3495	387050	-269777
3496	394029	-269777
3497	401008	-269777
3498	407987	-269777
3499	414966	-269777
3500	421945	-269777
3501	428925	-269777
3502	435904	-269777
3503	442883	-269777
3504	449862	-269777
3505	456841	-269777
3506	463820	-269777
3507	470800	-269777
3508	470800	-273555
3509	463820	-273555
3510	456841	-273555
3511	449862	-273555
3512	442883	-273555
3513	435904	-273555
3514	428925	-273555
3515	421945	-273555
3516	414966	-273555
3517	407987	-273555
3518	401008	-273555
3519	394029	-273555
3520	387050	-273555
3521	380070	-273555
3522	373091	-273555
3523	366112	-273555
3524	359133	-273555
3525	352154	-273555
3526	345175	-273555
3527	338195	-273555
3528	331216	-273555
3529	324237	-273555
3530	317258	-273555
3531	310279	-273555
3532	303300	-273555
3533	296320	-273555
3534	289341	-273555
3535	282362	-273555
3536	275383	-273555
3537	268404	-273555
3538	261425	-273555
3539	254445	-273555
3540	247466	-273555
3541	240487	-273555
3542	233508	-273555
3543	226529	-273555
3544	219550	-273555
3545	212570	-273555
3546	205591	-273555
3547	198612	-273555
3548	191633	-273555
3549	184654	-273555
3550	177675	-273555
3551	170695	-273555
3552	163716	-273555
3553	156737	-273555
3554	149758	-273555
3555	142779	-273555
3556	135799	-273555
3557	135799	-277333
3558	142779	-277333
3559	149758	-277333
3560	156737	-277333
3561	163716	-277333
3562	170695	-277333
3563	177675	-277333
3564	184654	-277333
3565	191633	-277333
3566	198612	-277333
3567	205591	-277333
3568	212570	-277333
3569	219550	-277333
3570	226529	-277333
3571	233508	-277333
3572	240487	-277333
3573	247466	-277333
3574	254445	-277333
3575	261425	-277333
3576	268404	-277333
3577	275383	-277333
3578	282362	-277333
3579	289341	-277333
3580	296320	-277333
3581	303300	-277333
3582	310279	-277333
3583	317258	-277333
3584	324237	-277333
3585	331216	-277333
3586	338195	-277333
3587	345175	-277333
3588	352154	-277333
3589	359133	-277333
3590	366112	-277333
3591	373091	-277333
3592	380070	-277333
3593	387050	-277333
3594	394029	-277333
3595	401008	-277333
3596	407987	-277333
3597	414966	-277333
3598	421945	-277333
3599	428925	-277333
3600	435904	-277333
3601	442883	-277333
3602	449862	-277333
3603	456841	-277333
3604	463820	-277333
3605	470800	-277333
3606	470800	-281111
3607	463820	-281111
3608	456841	-281111
3609	449862	-281111
3610	442883	-281111
3611	435904	-281111
3612	428925	-281111
3613	421945	-281111
3614	414966	-281111
3615	407987	-281111
3616	401008	-281111
3617	394029	-281111
3618	387050	-281111
3619	380070	-281111
3620	373091	-281111
3621	366112	-281111
3622	359133	-281111
3623	352154	-281111
3624	345175	-281111
3625	338195	-281111
3626	331216	-281111
3627	324237	-281111
3628	317258	-281111
3629	310279	-281111
3630	303300	-281111
3631	296320	-281111
3632	289341	-281111
3633	282362	-281111
3634	275383	-281111
3635	268404	-281111
3636	261425	-281111
3637	254445	-281111
3638	247466	-281111
3639	240487	-281111
3640	233508	-281111
3641	226529	-281111
3642	219550	-281111
3643	212570	-281111
3644	205591	-281111
3645	198612	-281111
3646	191633	-281111
3647	184654	-281111
3648	177675	-281111
3649	170695	-281111
3650	163716	-281111
3651	156737	-281111
3652	149758	-281111
3653	142779	-281111
3654	135799	-281111
3655	135799	-284888
3656	142779	-284888
3657	149758	-284888
3658	156737	-284888
3659	163716	-284888
3660	170695	-284888
3661	177675	-284888
3662	184654	-284888
3663	191633	-284888
3664	198612	-284888
3665	205591	-284888
3666	212570	-284888
3667	219550	-284888
3668	226529	-284888
3669	233508	-284888
3670	240487	-284888
3671	247466	-284888
3672	254445	-284888
3673	261425	-284888
3674	268404	-284888
3675	275383	-284888
3676	282362	-284888
3677	289341	-284888
3678	296320	-284888
3679	303300	-284888
3680	310279	-284888
3681	317258	-284888
3682	324237	-284888
3683	331216	-284888
3684	338195	-284888
3685	345175	-284888
3686	352154	-284888
3687	359133	-284888
3688	366112	-284888
3689	373091	-284888
3690	380070	-284888
3691	387050	-284888
3692	394029	-284888
3693	401008	-284888
3694	407987	-284888
3695	414966	-284888
3696	421945	-284888
3697	428925	-284888
3698	435904	-284888
3699	442883	-284888
3700	449862	-284888
3701	456841	-284888
3702	463820	-284888
3703	470800	-284888
3704	470800	-288666
3705	463820	-288666
3706	456841	-288666
3707	449862	-288666
3708	442883	-288666
3709	435904	-288666
3710	428925	-288666
3711	421945	-288666
3712	414966	-288666
3713	407987	-288666
3714	401008	-288666
3715	394029	-288666
3716	387050	-288666
3717	380070	-288666
3718	373091	-288666
3719	366112	-288666
3720	359133	-288666
3721	352154	-288666
3722	345175	-288666
3723	338195	-288666
3724	331216	-288666
3725	324237	-288666
3726	317258	-288666
3727	310279	-288666
3728	303300	-288666
3729	296320	-288666
3730	289341	-288666
3731	282362	-288666
3732	275383	-288666
3733	268404	-288666
3734	261425	-288666
3735	254445	-288666
3736	247466	-288666
3737	240487	-288666
3738	233508	-288666
3739	226529	-288666
3740	219550	-288666
3741	212570	-288666
3742	205591	-288666
3743	198612	-288666
3744	191633	-288666
3745	184654	-288666
3746	177675	-288666
3747	170695	-288666
3748	163716	-288666
3749	156737	-288666
3750	149758	-288666
3751	142779	-288666
3752	135799	-288666
3753	135799	-292444
3754	142779	-292444
3755	149758	-292444
3756	156737	-292444
3757	163716	-292444
3758	170695	-292444
3759	177675	-292444
3760	184654	-292444
3761	191633	-292444
3762	198612	-292444
3763	205591	-292444
3764	212570	-292444
3765	219550	-292444
3766	226529	-292444
3767	233508	-292444
3768	240487	-292444
3769	247466	-292444
3770	254445	-292444
3771	261425	-292444
3772	268404	-292444
3773	275383	-292444
3774	282362	-292444
3775	289341	-292444
3776	296320	-292444
3777	303300	-292444
3778	310279	-292444
3779	317258	-292444
3780	324237	-292444
3781	331216	-292444
3782	338195	-292444
3783	345175	-292444
3784	352154	-292444
3785	359133	-292444
3786	366112	-292444
3787	373091	-292444
3788	380070	-292444
3789	387050	-292444
3790	394029	-292444
3791	401008	-292444
3792	407987	-292444
3793	414966	-292444
3794	421945	-292444
3795	421945	-296222
3796	414966	-296222
3797	407987	-296222
3798	401008	-296222
3799	394029	-296222
3800	387050	-296222
3801	380070	-296222
3802	373091	-296222
3803	366112	-296222
3804	359133	-296222
3805	352154	-296222
3806	345175	-296222
3807	338195	-296222
3808	331216	-296222
3809	324237	-296222
3810	317258	-296222
3811	310279	-296222
3812	303300	-296222
3813	296320	-296222
3814	289341	-296222
3815	282362	-296222
3816	275383	-296222
3817	268404	-296222
3818	261425	-296222
3819	254445	-296222
3820	247466	-296222
3821	240487	-296222
3822	233508	-296222
3823	226529	-296222
3824	219550	-296222
3825	212570	-296222
3826	205591	-296222
3827	198612	-296222
3828	191633	-296222
3829	184654	-296222
3830	184654	-299999
3831	191633	-299999
3832	198612	-299999
3833	205591	-299999
3834	212570	-299999
3835	219550	-299999
3836	226529	-299999
3837	233508	-299999
3838	240487	-299999
3839	247466	-299999
3840	254445	-299999
3841	261425	-299999
3842	268404	-299999
3843	275383	-299999
3844	282362	-299999
3845	289341	-299999
3846	296320	-299999
3847	303300	-299999
3848	310279	-299999
3849	317258	-299999
3850	324237	-299999
3851	331216	-299999
3852	338195	-299999
3853	345175	-299999
3854	352154	-299999
3855	359133	-299999
3856	366112	-299999
3857	373091	-299999
3858	380070	-299999
3859	387050	-299999
3860	394029	-299999
3861	401008	-299999
3862	407987	-299999
3863	414966	-299999
3864	421945	-299999
3865	421945	-303777
3866	414966	-303777
3867	407987	-303777
3868	401008	-303777
3869	394029	-303777
3870	387050	-303777
3871	380070	-303777
3872	373091	-303777
3873	366112	-303777
3874	359133	-303777
3875	352154	-303777
3876	345175	-303777
3877	338195	-303777
3878	331216	-303777
3879	324237	-303777
3880	317258	-303777
3881	310279	-303777
3882	303300	-303777
3883	296320	-303777
3884	289341	-303777
3885	282362	-303777
3886	275383	-303777
3887	268404	-303777
3888	261425	-303777
3889	254445	-303777
3890	247466	-303777
3891	240487	-303777
3892	233508	-303777
3893	226529	-303777
3894	219550	-303777
3895	212570	-303777
3896	205591	-303777
3897	198612	-303777
3898	191633	-303777
3899	184654	-303777
3900	184654	-307555
3901	191633	-307555
3902	198612	-307555
3903	205591	-307555
3904	212570	-307555
3905	219550	-307555
3906	226529	-307555
3907	233508	-307555
3908	240487	-307555
3909	247466	-307555
3910	254445	-307555
3911	261425	-307555
3912	268404	-307555
3913	275383	-307555
3914	282362	-307555
3915	289341	-307555
3916	296320	-307555
3917	303300	-307555
3918	310279	-307555
3919	317258	-307555
3920	324237	-307555
3921	331216	-307555
3922	338195	-307555
3923	345175	-307555
3924	352154	-307555
3925	359133	-307555
3926	366112	-307555
3927	373091	-307555
3928	380070	-307555
3929	387050	-307555
3930	394029	-307555
3931	401008	-307555
3932	407987	-307555
3933	414966	-307555
3934	421945	-307555
3935	421945	-311333
3936	414966	-311333
3937	407987	-311333
3938	401008	-311333
3939	394029	-311333
3940	387050	-311333
3941	380070	-311333
3942	373091	-311333
3943	366112	-311333
3944	359133	-311333
3945	352154	-311333
3946	345175	-311333
3947	338195	-311333
3948	331216	-311333
3949	324237	-311333
3950	317258	-311333
3951	310279	-311333
3952	303300	-311333
3953	296320	-311333
3954	289341	-311333
3955	282362	-311333
3956	275383	-311333
3957	268404	-311333
3958	261425	-311333
3959	254445	-311333
3960	247466	-311333
3961	240487	-311333
3962	233508	-311333
3963	226529	-311333
3964	219550	-311333
3965	212570	-311333
3966	205591	-311333
3967	198612	-311333
3968	191633	-311333
3969	184654	-311333
3970	184654	-315111
3971	191633	-315111
3972	198612	-315111
3973	205591	-315111
3974	212570	-315111
3975	219550	-315111
3976	226529	-315111
3977	233508	-315111
3978	240487	-315111
3979	247466	-315111
3980	254445	-315111
3981	261425	-315111
3982	268404	-315111
3983	275383	-315111
3984	282362	-315111
3985	289341	-315111
3986	296320	-315111
3987	303300	-315111
3988	310279	-315111
3989	317258	-315111
3990	324237	-315111
3991	331216	-315111
3992	338195	-315111
3993	345175	-315111
3994	352154	-315111
3995	359133	-315111
3996	366112	-315111
3997	373091	-315111
3998	380070	-315111
3999	387050	-315111
4000	394029	-315111
4001	401008	-315111
4002	407987	-315111
4003	414966	-315111
4004	421945	-315111
4005	421945	-318888
4006	414966	-318888
4007	407987	-318888
4008	401008	-318888
4009	394029	-318888
4010	387050	-318888
4011	380070	-318888
4012	373091	-318888
4013	366112	-318888
4014	359133	-318888
4015	352154	-318888
4016	345175	-318888
4017	338195	-318888
4018	331216	-318888
4019	324237	-318888
4020	317258	-318888
4021	310279	-318888
4022	303300	-318888
4023	296320	-318888
4024	289341	-318888
4025	282362	-318888
4026	275383	-318888
4027	268404	-318888
4028	261425	-318888
4029	254445	-318888
4030	247466	-318888
4031	240487	-318888
4032	233508	-318888
4033	226529	-318888
4034	219550	-318888
4035	212570	-318888
4036	205591	-318888
4037	198612	-318888
4038	191633	-318888
4039	184654	-318888
4040	184654	-322666
4041	191633	-322666
4042	198612	-322666
4043	205591	-322666
4044	212570	-322666
4045	219550	-322666
4046	226529	-322666
4047	233508	-322666
4048	240487	-322666
4049	247466	-322666
4050	254445	-322666
4051	261425	-322666
4052	268404	-322666
4053	275383	-322666
4054	282362	-322666
4055	289341	-322666
4056	296320	-322666
4057	303300	-322666
4058	310279	-322666
4059	317258	-322666
4060	324237	-322666
4061	331216	-322666
4062	338195	-322666
4063	345175	-322666
4064	352154	-322666
4065	359133	-322666
4066	366112	-322666
4067	373091	-322666
4068	380070	-322666
4069	387050	-322666
4070	394029	-322666
4071	401008	-322666
4072	407987	-322666
4073	414966	-322666
4074	421945	-322666
4075	421945	-326444
4076	414966	-326444
4077	407987	-326444
4078	401008	-326444
4079	394029	-326444
4080	387050	-326444
4081	380070	-326444
4082	373091	-326444
4083	366112	-326444
4084	359133	-326444
4085	352154	-326444
4086	345175	-326444
4087	338195	-326444
4088	331216	-326444
4089	324237	-326444
4090	317258	-326444
4091	310279	-326444
4092	303300	-326444
4093	296320	-326444
4094	289341	-326444
4095	282362	-326444
4096	275383	-326444
4097	268404	-326444
4098	261425	-326444
4099	254445	-326444
4100	247466	-326444
4101	240487	-326444
4102	233508	-326444
4103	226529	-326444
4104	219550	-326444
4105	212570	-326444
4106	205591	-326444
4107	198612	-326444
4108	191633	-326444
4109	184654	-326444
4110	184654	-330222
4111	191633	-330222
4112	198612	-330222
4113	205591	-330222
4114	212570	-330222
4115	219550	-330222
4116	226529	-330222
4117	233508	-330222
4118	240487	-330222
4119	247466	-330222
4120	254445	-330222
4121	261425	-330222
4122	268404	-330222
4123	275383	-330222
4124	282362	-330222
4125	289341	-330222
4126	296320	-330222
4127	303300	-330222
4128	310279	-330222
4129	317258	-330222
4130	324237	-330222
4131	331216	-330222
4132	338195	-330222
4133	345175	-330222
4134	352154	-330222
4135	359133	-330222
4136	366112	-330222
4137	373091	-330222
4138	380070	-330222
4139	387050	-330222
4140	394029	-330222
4141	401008	-330222
4142	407987	-330222
4143	414966	-330222
4144	421945	-330222
4145	421945	-333999
4146	414966	-333999
4147	407987	-333999
4148	401008	-333999
4149	394029	-333999
4150	387050	-333999
4151	380070	-333999
4152	373091	-333999
4153	366112	-333999
4154	359133	-333999
4155	352154	-333999
4156	345175	-333999
4157	338195	-333999
4158	331216	-333999
4159	324237	-333999
4160	317258	-333999
4161	310279	-333999
4162	303300	-333999
4163	296320	-333999
4164	289341	-333999
4165	282362	-333999
4166	275383	-333999
4167	268404	-333999
4168	261425	-333999
4169	254445	-333999
4170	247466	-333999
4171	240487	-333999
4172	233508	-333999
4173	226529	-333999
4174	219550	-333999
4175	212570	-333999
4176	205591	-333999
4177	198612	-333999
4178	191633	-333999
4179	184654	-333999
