1	417504	6000
2	409890	6000
3	402277	6000
4	394663	6000
5	387050	6000
6	379436	6000
7	371822	6000
8	364209	6000
9	356595	6000
10	348981	6000
11	341368	6000
12	333754	6000
13	326140	6000
14	318527	6000
15	310913	6000
16	303300	6000
17	295686	6000
18	288072	6000
19	280459	6000
20	272845	6000
21	265231	6000
22	257618	6000
23	250004	6000
24	242390	6000
25	234777	6000
26	227163	6000
27	219549	6000
28	211936	6000
29	204322	6000
30	196709	6000
31	189095	6000
32	189095	1903
33	196709	1903
34	204322	1903
35	211936	1903
36	219549	1903
37	227163	1903
38	234777	1903
39	242390	1903
40	250004	1903
41	257618	1903
42	265231	1903
43	272845	1903
44	280459	1903
45	288072	1903
46	295686	1903
47	303300	1903
48	310913	1903
49	318527	1903
50	326140	1903
51	333754	1903
52	341368	1903
53	348981	1903
54	356595	1903
55	364209	1903
56	371822	1903
57	379436	1903
58	387050	1903
59	394663	1903
60	402277	1903
61	409890	1903
62	417504	1903
63	417504	-2192
64	409890	-2192
65	402277	-2192
66	394663	-2192
67	387050	-2192
68	379436	-2192
69	371822	-2192
70	364209	-2192
71	356595	-2192
72	348981	-2192
73	341368	-2192
74	333754	-2192
75	326140	-2192
76	318527	-2192
77	310913	-2192
78	303300	-2192
79	295686	-2192
80	288072	-2192
81	280459	-2192
82	272845	-2192
83	265231	-2192
84	257618	-2192
85	250004	-2192
86	242390	-2192
87	234777	-2192
88	227163	-2192
89	219549	-2192
90	211936	-2192
91	204322	-2192
92	196709	-2192
93	189095	-2192
94	189095	-6289
95	196709	-6289
96	204322	-6289
97	211936	-6289
98	219549	-6289
99	227163	-6289
100	234777	-6289
101	242390	-6289
102	250004	-6289
103	257618	-6289
104	265231	-6289
105	272845	-6289
106	280459	-6289
107	288072	-6289
108	295686	-6289
109	303300	-6289
110	310913	-6289
111	318527	-6289
112	326140	-6289
113	333754	-6289
114	341368	-6289
115	348981	-6289
116	356595	-6289
117	364209	-6289
118	371822	-6289
119	379436	-6289
120	387050	-6289
121	394663	-6289
122	402277	-6289
123	409890	-6289
124	417504	-6289
125	417504	-10385
126	409890	-10385
127	402277	-10385
128	394663	-10385
129	387050	-10385
130	379436	-10385
131	371822	-10385
132	364209	-10385
133	356595	-10385
134	348981	-10385
135	341368	-10385
136	333754	-10385
137	326140	-10385
138	318527	-10385
139	310913	-10385
140	303300	-10385
141	295686	-10385
142	288072	-10385
143	280459	-10385
144	272845	-10385
145	265231	-10385
146	257618	-10385
147	250004	-10385
148	242390	-10385
149	234777	-10385
150	227163	-10385
151	219549	-10385
152	211936	-10385
153	204322	-10385
154	196709	-10385
155	189095	-10385
156	189095	-14481
157	196709	-14481
158	204322	-14481
159	211936	-14481
160	219549	-14481
161	227163	-14481
162	234777	-14481
163	242390	-14481
164	250004	-14481
165	257618	-14481
166	265231	-14481
167	272845	-14481
168	280459	-14481
169	288072	-14481
170	295686	-14481
171	303300	-14481
172	310913	-14481
173	318527	-14481
174	326140	-14481
175	333754	-14481
176	341368	-14481
177	348981	-14481
178	356595	-14481
179	364209	-14481
180	371822	-14481
181	379436	-14481
182	387050	-14481
183	394663	-14481
184	402277	-14481
185	409890	-14481
186	417504	-14481
187	417504	-18578
188	409890	-18578
189	402277	-18578
190	394663	-18578
191	387050	-18578
192	379436	-18578
193	371822	-18578
194	364209	-18578
195	356595	-18578
196	348981	-18578
197	341368	-18578
198	333754	-18578
199	326140	-18578
200	318527	-18578
201	310913	-18578
202	303300	-18578
203	295686	-18578
204	288072	-18578
205	280459	-18578
206	272845	-18578
207	265231	-18578
208	257618	-18578
209	250004	-18578
210	242390	-18578
211	234777	-18578
212	227163	-18578
213	219549	-18578
214	211936	-18578
215	204322	-18578
216	196709	-18578
217	189095	-18578
218	189095	-22674
219	196709	-22674
220	204322	-22674
221	211936	-22674
222	219549	-22674
223	227163	-22674
224	234777	-22674
225	242390	-22674
226	250004	-22674
227	257618	-22674
228	265231	-22674
229	272845	-22674
230	280459	-22674
231	288072	-22674
232	295686	-22674
233	303300	-22674
234	310913	-22674
235	318527	-22674
236	326140	-22674
237	333754	-22674
238	341368	-22674
239	348981	-22674
240	356595	-22674
241	364209	-22674
242	371822	-22674
243	379436	-22674
244	387050	-22674
245	394663	-22674
246	402277	-22674
247	409890	-22674
248	417504	-22674
249	417504	-26771
250	409890	-26771
251	402277	-26771
252	394663	-26771
253	387050	-26771
254	379436	-26771
255	371822	-26771
256	364209	-26771
257	356595	-26771
258	348981	-26771
259	341368	-26771
260	333754	-26771
261	326140	-26771
262	318527	-26771
263	310913	-26771
264	303300	-26771
265	295686	-26771
266	288072	-26771
267	280459	-26771
268	272845	-26771
269	265231	-26771
270	257618	-26771
271	250004	-26771
272	242390	-26771
273	234777	-26771
274	227163	-26771
275	219549	-26771
276	211936	-26771
277	204322	-26771
278	196709	-26771
279	189095	-26771
280	181481	-26771
281	173868	-26771
282	166254	-26771
283	158640	-26771
284	151027	-26771
285	143413	-26771
286	135799	-26771
287	135799	-30867
288	143413	-30867
289	151027	-30867
290	158640	-30867
291	166254	-30867
292	173868	-30867
293	181481	-30867
294	189095	-30867
295	196709	-30867
296	204322	-30867
297	211936	-30867
298	219549	-30867
299	227163	-30867
300	234777	-30867
301	242390	-30867
302	250004	-30867
303	257618	-30867
304	265231	-30867
305	272845	-30867
306	280459	-30867
307	288072	-30867
308	295686	-30867
309	303300	-30867
310	310913	-30867
311	318527	-30867
312	326140	-30867
313	333754	-30867
314	341368	-30867
315	348981	-30867
316	356595	-30867
317	364209	-30867
318	371822	-30867
319	379436	-30867
320	387050	-30867
321	394663	-30867
322	402277	-30867
323	409890	-30867
324	417504	-30867
325	425118	-30867
326	432731	-30867
327	440345	-30867
328	447959	-30867
329	455572	-30867
330	463186	-30867
331	470800	-30867
332	470800	-34963
333	463186	-34963
334	455572	-34963
335	447959	-34963
336	440345	-34963
337	432731	-34963
338	425118	-34963
339	417504	-34963
340	409890	-34963
341	402277	-34963
342	394663	-34963
343	387050	-34963
344	379436	-34963
345	371822	-34963
346	364209	-34963
347	356595	-34963
348	348981	-34963
349	341368	-34963
350	333754	-34963
351	326140	-34963
352	318527	-34963
353	310913	-34963
354	303300	-34963
355	295686	-34963
356	288072	-34963
357	280459	-34963
358	272845	-34963
359	265231	-34963
360	257618	-34963
361	250004	-34963
362	242390	-34963
363	234777	-34963
364	227163	-34963
365	219549	-34963
366	211936	-34963
367	204322	-34963
368	196709	-34963
369	189095	-34963
370	181481	-34963
371	173868	-34963
372	166254	-34963
373	158640	-34963
374	151027	-34963
375	143413	-34963
376	135799	-34963
377	135799	-39060
378	143413	-39060
379	151027	-39060
380	158640	-39060
381	166254	-39060
382	173868	-39060
383	181481	-39060
384	189095	-39060
385	196709	-39060
386	204322	-39060
387	211936	-39060
388	219549	-39060
389	227163	-39060
390	234777	-39060
391	242390	-39060
392	250004	-39060
393	257618	-39060
394	265231	-39060
395	272845	-39060
396	280459	-39060
397	288072	-39060
398	295686	-39060
399	303300	-39060
400	310913	-39060
401	318527	-39060
402	326140	-39060
403	333754	-39060
404	341368	-39060
405	348981	-39060
406	356595	-39060
407	364209	-39060
408	371822	-39060
409	379436	-39060
410	387050	-39060
411	394663	-39060
412	402277	-39060
413	409890	-39060
414	417504	-39060
415	425118	-39060
416	432731	-39060
417	440345	-39060
418	447959	-39060
419	455572	-39060
420	463186	-39060
421	470800	-39060
422	470800	-43156
423	463186	-43156
424	455572	-43156
425	447959	-43156
426	440345	-43156
427	432731	-43156
428	425118	-43156
429	417504	-43156
430	409890	-43156
431	402277	-43156
432	394663	-43156
433	387050	-43156
434	379436	-43156
435	371822	-43156
436	364209	-43156
437	356595	-43156
438	348981	-43156
439	341368	-43156
440	333754	-43156
441	326140	-43156
442	318527	-43156
443	310913	-43156
444	303300	-43156
445	295686	-43156
446	288072	-43156
447	280459	-43156
448	272845	-43156
449	265231	-43156
450	257618	-43156
451	250004	-43156
452	242390	-43156
453	234777	-43156
454	227163	-43156
455	219549	-43156
456	211936	-43156
457	204322	-43156
458	196709	-43156
459	189095	-43156
460	181481	-43156
461	173868	-43156
462	166254	-43156
463	158640	-43156
464	151027	-43156
465	143413	-43156
466	135799	-43156
467	135799	-47253
468	143413	-47253
469	151027	-47253
470	158640	-47253
471	166254	-47253
472	173868	-47253
473	181481	-47253
474	189095	-47253
475	196709	-47253
476	204322	-47253
477	211936	-47253
478	219549	-47253
479	227163	-47253
480	234777	-47253
481	242390	-47253
482	250004	-47253
483	257618	-47253
484	265231	-47253
485	272845	-47253
486	280459	-47253
487	288072	-47253
488	295686	-47253
489	303300	-47253
490	310913	-47253
491	318527	-47253
492	326140	-47253
493	333754	-47253
494	341368	-47253
495	348981	-47253
496	356595	-47253
497	364209	-47253
498	371822	-47253
499	379436	-47253
500	387050	-47253
501	394663	-47253
502	402277	-47253
503	409890	-47253
504	417504	-47253
505	425118	-47253
506	432731	-47253
507	440345	-47253
508	447959	-47253
509	455572	-47253
510	463186	-47253
511	470800	-47253
512	470800	-51349
513	463186	-51349
514	455572	-51349
515	447959	-51349
516	440345	-51349
517	432731	-51349
518	425118	-51349
519	417504	-51349
520	409890	-51349
521	402277	-51349
522	394663	-51349
523	387050	-51349
524	379436	-51349
525	371822	-51349
526	364209	-51349
527	356595	-51349
528	348981	-51349
529	341368	-51349
530	333754	-51349
531	326140	-51349
532	318527	-51349
533	310913	-51349
534	303300	-51349
535	295686	-51349
536	288072	-51349
537	280459	-51349
538	272845	-51349
539	265231	-51349
540	257618	-51349
541	250004	-51349
542	242390	-51349
543	234777	-51349
544	227163	-51349
545	219549	-51349
546	211936	-51349
547	204322	-51349
548	196709	-51349
549	189095	-51349
550	181481	-51349
551	173868	-51349
552	166254	-51349
553	158640	-51349
554	151027	-51349
555	143413	-51349
556	135799	-51349
557	135799	-55445
558	143413	-55445
559	151027	-55445
560	158640	-55445
561	166254	-55445
562	173868	-55445
563	181481	-55445
564	189095	-55445
565	196709	-55445
566	204322	-55445
567	211936	-55445
568	219549	-55445
569	227163	-55445
570	234777	-55445
571	242390	-55445
572	250004	-55445
573	257618	-55445
574	265231	-55445
575	272845	-55445
576	280459	-55445
577	288072	-55445
578	295686	-55445
579	303300	-55445
580	310913	-55445
581	318527	-55445
582	326140	-55445
583	333754	-55445
584	341368	-55445
585	348981	-55445
586	356595	-55445
587	364209	-55445
588	371822	-55445
589	379436	-55445
590	387050	-55445
591	394663	-55445
592	402277	-55445
593	409890	-55445
594	417504	-55445
595	425118	-55445
596	432731	-55445
597	440345	-55445
598	447959	-55445
599	455572	-55445
600	463186	-55445
601	470800	-55445
602	470800	-59542
603	463186	-59542
604	455572	-59542
605	447959	-59542
606	440345	-59542
607	432731	-59542
608	425118	-59542
609	417504	-59542
610	409890	-59542
611	402277	-59542
612	394663	-59542
613	387050	-59542
614	379436	-59542
615	371822	-59542
616	364209	-59542
617	356595	-59542
618	348981	-59542
619	341368	-59542
620	333754	-59542
621	326140	-59542
622	318527	-59542
623	310913	-59542
624	303300	-59542
625	295686	-59542
626	288072	-59542
627	280459	-59542
628	272845	-59542
629	265231	-59542
630	257618	-59542
631	250004	-59542
632	242390	-59542
633	234777	-59542
634	227163	-59542
635	219549	-59542
636	211936	-59542
637	204322	-59542
638	196709	-59542
639	189095	-59542
640	181481	-59542
641	173868	-59542
642	166254	-59542
643	158640	-59542
644	151027	-59542
645	143413	-59542
646	135799	-59542
647	135799	-63638
648	143413	-63638
649	151027	-63638
650	158640	-63638
651	166254	-63638
652	173868	-63638
653	181481	-63638
654	189095	-63638
655	196709	-63638
656	204322	-63638
657	211936	-63638
658	219549	-63638
659	227163	-63638
660	234777	-63638
661	242390	-63638
662	250004	-63638
663	257618	-63638
664	265231	-63638
665	272845	-63638
666	280459	-63638
667	288072	-63638
668	295686	-63638
669	303300	-63638
670	310913	-63638
671	318527	-63638
672	326140	-63638
673	333754	-63638
674	341368	-63638
675	348981	-63638
676	356595	-63638
677	364209	-63638
678	371822	-63638
679	379436	-63638
680	387050	-63638
681	394663	-63638
682	402277	-63638
683	409890	-63638
684	417504	-63638
685	425118	-63638
686	432731	-63638
687	440345	-63638
688	447959	-63638
689	455572	-63638
690	463186	-63638
691	470800	-63638
692	470800	-67734
693	463186	-67734
694	455572	-67734
695	447959	-67734
696	440345	-67734
697	432731	-67734
698	425118	-67734
699	417504	-67734
700	409890	-67734
701	402277	-67734
702	394663	-67734
703	387050	-67734
704	379436	-67734
705	371822	-67734
706	364209	-67734
707	356595	-67734
708	348981	-67734
709	341368	-67734
710	333754	-67734
711	326140	-67734
712	318527	-67734
713	310913	-67734
714	303300	-67734
715	295686	-67734
716	288072	-67734
717	280459	-67734
718	272845	-67734
719	265231	-67734
720	257618	-67734
721	250004	-67734
722	242390	-67734
723	234777	-67734
724	227163	-67734
725	219549	-67734
726	211936	-67734
727	204322	-67734
728	196709	-67734
729	189095	-67734
730	181481	-67734
731	173868	-67734
732	166254	-67734
733	158640	-67734
734	151027	-67734
735	143413	-67734
736	135799	-67734
737	135799	-71831
738	143413	-71831
739	151027	-71831
740	158640	-71831
741	166254	-71831
742	173868	-71831
743	181481	-71831
744	189095	-71831
745	196709	-71831
746	204322	-71831
747	211936	-71831
748	219549	-71831
749	227163	-71831
750	234777	-71831
751	242390	-71831
752	250004	-71831
753	257618	-71831
754	265231	-71831
755	272845	-71831
756	280459	-71831
757	288072	-71831
758	295686	-71831
759	303300	-71831
760	310913	-71831
761	318527	-71831
762	326140	-71831
763	333754	-71831
764	341368	-71831
765	348981	-71831
766	356595	-71831
767	364209	-71831
768	371822	-71831
769	379436	-71831
770	387050	-71831
771	394663	-71831
772	402277	-71831
773	409890	-71831
774	417504	-71831
775	425118	-71831
776	432731	-71831
777	440345	-71831
778	447959	-71831
779	455572	-71831
780	463186	-71831
781	470800	-71831
782	470800	-75927
783	463186	-75927
784	455572	-75927
785	447959	-75927
786	440345	-75927
787	432731	-75927
788	425118	-75927
789	417504	-75927
790	409890	-75927
791	402277	-75927
792	394663	-75927
793	387050	-75927
794	379436	-75927
795	371822	-75927
796	364209	-75927
797	356595	-75927
798	348981	-75927
799	341368	-75927
800	333754	-75927
801	326140	-75927
802	318527	-75927
803	310913	-75927
804	303300	-75927
805	295686	-75927
806	288072	-75927
807	280459	-75927
808	272845	-75927
809	265231	-75927
810	257618	-75927
811	250004	-75927
812	242390	-75927
813	234777	-75927
814	227163	-75927
815	219549	-75927
816	211936	-75927
817	204322	-75927
818	196709	-75927
819	189095	-75927
820	181481	-75927
821	173868	-75927
822	166254	-75927
823	158640	-75927
824	151027	-75927
825	143413	-75927
826	135799	-75927
827	135799	-80024
828	143413	-80024
829	151027	-80024
830	158640	-80024
831	166254	-80024
832	173868	-80024
833	181481	-80024
834	189095	-80024
835	196709	-80024
836	204322	-80024
837	211936	-80024
838	219549	-80024
839	227163	-80024
840	234777	-80024
841	242390	-80024
842	250004	-80024
843	257618	-80024
844	265231	-80024
845	272845	-80024
846	280459	-80024
847	288072	-80024
848	295686	-80024
849	303300	-80024
850	310913	-80024
851	318527	-80024
852	326140	-80024
853	333754	-80024
854	341368	-80024
855	348981	-80024
856	356595	-80024
857	364209	-80024
858	371822	-80024
859	379436	-80024
860	387050	-80024
861	394663	-80024
862	402277	-80024
863	409890	-80024
864	417504	-80024
865	425118	-80024
866	432731	-80024
867	440345	-80024
868	447959	-80024
869	455572	-80024
870	463186	-80024
871	470800	-80024
872	470800	-84120
873	463186	-84120
874	455572	-84120
875	447959	-84120
876	440345	-84120
877	432731	-84120
878	425118	-84120
879	417504	-84120
880	409890	-84120
881	402277	-84120
882	394663	-84120
883	387050	-84120
884	379436	-84120
885	371822	-84120
886	364209	-84120
887	356595	-84120
888	348981	-84120
889	341368	-84120
890	333754	-84120
891	326140	-84120
892	318527	-84120
893	310913	-84120
894	303300	-84120
895	295686	-84120
896	288072	-84120
897	280459	-84120
898	272845	-84120
899	265231	-84120
900	257618	-84120
901	250004	-84120
902	242390	-84120
903	234777	-84120
904	227163	-84120
905	219549	-84120
906	211936	-84120
907	204322	-84120
908	196709	-84120
909	189095	-84120
910	181481	-84120
911	173868	-84120
912	166254	-84120
913	158640	-84120
914	151027	-84120
915	143413	-84120
916	135799	-84120
917	135799	-88216
918	143413	-88216
919	151027	-88216
920	158640	-88216
921	166254	-88216
922	173868	-88216
923	181481	-88216
924	189095	-88216
925	196709	-88216
926	204322	-88216
927	211936	-88216
928	219549	-88216
929	227163	-88216
930	234777	-88216
931	242390	-88216
932	250004	-88216
933	257618	-88216
934	265231	-88216
935	272845	-88216
936	280459	-88216
937	288072	-88216
938	295686	-88216
939	303300	-88216
940	310913	-88216
941	318527	-88216
942	326140	-88216
943	333754	-88216
944	341368	-88216
945	348981	-88216
946	356595	-88216
947	364209	-88216
948	371822	-88216
949	379436	-88216
950	387050	-88216
951	394663	-88216
952	402277	-88216
953	409890	-88216
954	417504	-88216
955	425118	-88216
956	432731	-88216
957	440345	-88216
958	447959	-88216
959	455572	-88216
960	463186	-88216
961	470800	-88216
962	470800	-92313
963	463186	-92313
964	455572	-92313
965	447959	-92313
966	440345	-92313
967	432731	-92313
968	425118	-92313
969	417504	-92313
970	409890	-92313
971	402277	-92313
972	394663	-92313
973	387050	-92313
974	379436	-92313
975	371822	-92313
976	364209	-92313
977	356595	-92313
978	348981	-92313
979	341368	-92313
980	333754	-92313
981	326140	-92313
982	318527	-92313
983	310913	-92313
984	303300	-92313
985	295686	-92313
986	288072	-92313
987	280459	-92313
988	272845	-92313
989	265231	-92313
990	257618	-92313
991	250004	-92313
992	242390	-92313
993	234777	-92313
994	227163	-92313
995	219549	-92313
996	211936	-92313
997	204322	-92313
998	196709	-92313
999	189095	-92313
1000	181481	-92313
1001	173868	-92313
1002	166254	-92313
1003	158640	-92313
1004	151027	-92313
1005	143413	-92313
1006	135799	-92313
1007	135799	-96409
1008	143413	-96409
1009	151027	-96409
1010	158640	-96409
1011	166254	-96409
1012	173868	-96409
1013	181481	-96409
1014	189095	-96409
1015	196709	-96409
1016	204322	-96409
1017	211936	-96409
1018	219549	-96409
1019	227163	-96409
1020	234777	-96409
1021	242390	-96409
1022	250004	-96409
1023	257618	-96409
1024	265231	-96409
1025	272845	-96409
1026	280459	-96409
1027	288072	-96409
1028	295686	-96409
1029	303300	-96409
1030	310913	-96409
1031	318527	-96409
1032	326140	-96409
1033	333754	-96409
1034	341368	-96409
1035	348981	-96409
1036	356595	-96409
1037	364209	-96409
1038	371822	-96409
1039	379436	-96409
1040	387050	-96409
1041	394663	-96409
1042	402277	-96409
1043	409890	-96409
1044	417504	-96409
1045	425118	-96409
1046	432731	-96409
1047	440345	-96409
1048	447959	-96409
1049	455572	-96409
1050	463186	-96409
1051	470800	-96409
1052	470800	-100506
1053	463186	-100506
1054	455572	-100506
1055	447959	-100506
1056	440345	-100506
1057	432731	-100506
1058	425118	-100506
1059	417504	-100506
1060	409890	-100506
1061	402277	-100506
1062	394663	-100506
1063	387050	-100506
1064	379436	-100506
1065	371822	-100506
1066	364209	-100506
1067	356595	-100506
1068	348981	-100506
1069	341368	-100506
1070	333754	-100506
1071	326140	-100506
1072	318527	-100506
1073	310913	-100506
1074	303300	-100506
1075	295686	-100506
1076	288072	-100506
1077	280459	-100506
1078	272845	-100506
1079	265231	-100506
1080	257618	-100506
1081	250004	-100506
1082	242390	-100506
1083	234777	-100506
1084	227163	-100506
1085	219549	-100506
1086	211936	-100506
1087	204322	-100506
1088	196709	-100506
1089	189095	-100506
1090	181481	-100506
1091	173868	-100506
1092	166254	-100506
1093	158640	-100506
1094	151027	-100506
1095	143413	-100506
1096	135799	-100506
1097	135799	-104602
1098	143413	-104602
1099	151027	-104602
1100	158640	-104602
1101	166254	-104602
1102	173868	-104602
1103	181481	-104602
1104	189095	-104602
1105	196709	-104602
1106	204322	-104602
1107	211936	-104602
1108	219549	-104602
1109	227163	-104602
1110	234777	-104602
1111	242390	-104602
1112	250004	-104602
1113	257618	-104602
1114	265231	-104602
1115	272845	-104602
1116	280459	-104602
1117	288072	-104602
1118	295686	-104602
1119	303300	-104602
1120	310913	-104602
1121	318527	-104602
1122	326140	-104602
1123	333754	-104602
1124	341368	-104602
1125	348981	-104602
1126	356595	-104602
1127	364209	-104602
1128	371822	-104602
1129	379436	-104602
1130	387050	-104602
1131	394663	-104602
1132	402277	-104602
1133	409890	-104602
1134	417504	-104602
1135	425118	-104602
1136	432731	-104602
1137	440345	-104602
1138	447959	-104602
1139	455572	-104602
1140	463186	-104602
1141	470800	-104602
1142	470800	-108698
1143	463186	-108698
1144	455572	-108698
1145	447959	-108698
1146	440345	-108698
1147	432731	-108698
1148	425118	-108698
1149	417504	-108698
1150	409890	-108698
1151	402277	-108698
1152	394663	-108698
1153	387050	-108698
1154	379436	-108698
1155	371822	-108698
1156	364209	-108698
1157	356595	-108698
1158	348981	-108698
1159	341368	-108698
1160	333754	-108698
1161	326140	-108698
1162	318527	-108698
1163	310913	-108698
1164	303300	-108698
1165	295686	-108698
1166	288072	-108698
1167	280459	-108698
1168	272845	-108698
1169	265231	-108698
1170	257618	-108698
1171	250004	-108698
1172	242390	-108698
1173	234777	-108698
1174	227163	-108698
1175	219549	-108698
1176	211936	-108698
1177	204322	-108698
1178	196709	-108698
1179	189095	-108698
1180	181481	-108698
1181	173868	-108698
1182	166254	-108698
1183	158640	-108698
1184	151027	-108698
1185	143413	-108698
1186	135799	-108698
1187	135799	-112795
1188	143413	-112795
1189	151027	-112795
1190	158640	-112795
1191	166254	-112795
1192	173868	-112795
1193	181481	-112795
1194	189095	-112795
1195	196709	-112795
1196	204322	-112795
1197	211936	-112795
1198	219549	-112795
1199	227163	-112795
1200	234777	-112795
1201	242390	-112795
1202	250004	-112795
1203	257618	-112795
1204	265231	-112795
1205	272845	-112795
1206	280459	-112795
1207	288072	-112795
1208	295686	-112795
1209	303300	-112795
1210	310913	-112795
1211	318527	-112795
1212	326140	-112795
1213	333754	-112795
1214	341368	-112795
1215	348981	-112795
1216	356595	-112795
1217	364209	-112795
1218	371822	-112795
1219	379436	-112795
1220	387050	-112795
1221	394663	-112795
1222	402277	-112795
1223	409890	-112795
1224	417504	-112795
1225	425118	-112795
1226	432731	-112795
1227	440345	-112795
1228	447959	-112795
1229	455572	-112795
1230	463186	-112795
1231	470800	-112795
1232	470800	-116891
1233	463186	-116891
1234	455572	-116891
1235	447959	-116891
1236	440345	-116891
1237	432731	-116891
1238	425118	-116891
1239	417504	-116891
1240	409890	-116891
1241	402277	-116891
1242	394663	-116891
1243	387050	-116891
1244	379436	-116891
1245	371822	-116891
1246	364209	-116891
1247	356595	-116891
1248	348981	-116891
1249	341368	-116891
1250	333754	-116891
1251	326140	-116891
1252	318527	-116891
1253	310913	-116891
1254	303300	-116891
1255	295686	-116891
1256	288072	-116891
1257	280459	-116891
1258	272845	-116891
1259	265231	-116891
1260	257618	-116891
1261	250004	-116891
1262	242390	-116891
1263	234777	-116891
1264	227163	-116891
1265	219549	-116891
1266	211936	-116891
1267	204322	-116891
1268	196709	-116891
1269	189095	-116891
1270	181481	-116891
1271	173868	-116891
1272	166254	-116891
1273	158640	-116891
1274	151027	-116891
1275	143413	-116891
1276	135799	-116891
1277	135799	-120987
1278	143413	-120987
1279	151027	-120987
1280	158640	-120987
1281	166254	-120987
1282	173868	-120987
1283	181481	-120987
1284	189095	-120987
1285	196709	-120987
1286	204322	-120987
1287	211936	-120987
1288	219549	-120987
1289	227163	-120987
1290	234777	-120987
1291	242390	-120987
1292	250004	-120987
1293	257618	-120987
1294	265231	-120987
1295	272845	-120987
1296	280459	-120987
1297	288072	-120987
1298	295686	-120987
1299	303300	-120987
1300	310913	-120987
1301	318527	-120987
1302	326140	-120987
1303	333754	-120987
1304	341368	-120987
1305	348981	-120987
1306	356595	-120987
1307	364209	-120987
1308	371822	-120987
1309	379436	-120987
1310	387050	-120987
1311	394663	-120987
1312	402277	-120987
1313	409890	-120987
1314	417504	-120987
1315	425118	-120987
1316	432731	-120987
1317	440345	-120987
1318	447959	-120987
1319	455572	-120987
1320	463186	-120987
1321	470800	-120987
1322	470800	-125084
1323	463186	-125084
1324	455572	-125084
1325	447959	-125084
1326	440345	-125084
1327	432731	-125084
1328	425118	-125084
1329	417504	-125084
1330	409890	-125084
1331	402277	-125084
1332	394663	-125084
1333	387050	-125084
1334	379436	-125084
1335	371822	-125084
1336	364209	-125084
1337	356595	-125084
1338	348981	-125084
1339	341368	-125084
1340	333754	-125084
1341	326140	-125084
1342	318527	-125084
1343	310913	-125084
1344	303300	-125084
1345	295686	-125084
1346	288072	-125084
1347	280459	-125084
1348	272845	-125084
1349	265231	-125084
1350	257618	-125084
1351	250004	-125084
1352	242390	-125084
1353	234777	-125084
1354	227163	-125084
1355	219549	-125084
1356	211936	-125084
1357	204322	-125084
1358	196709	-125084
1359	189095	-125084
1360	181481	-125084
1361	173868	-125084
1362	166254	-125084
1363	158640	-125084
1364	151027	-125084
1365	143413	-125084
1366	135799	-125084
1367	135799	-129180
1368	143413	-129180
1369	151027	-129180
1370	158640	-129180
1371	166254	-129180
1372	173868	-129180
1373	181481	-129180
1374	189095	-129180
1375	196709	-129180
1376	204322	-129180
1377	211936	-129180
1378	219549	-129180
1379	227163	-129180
1380	234777	-129180
1381	242390	-129180
1382	250004	-129180
1383	257618	-129180
1384	265231	-129180
1385	272845	-129180
1386	280459	-129180
1387	288072	-129180
1388	295686	-129180
1389	303300	-129180
1390	310913	-129180
1391	318527	-129180
1392	326140	-129180
1393	333754	-129180
1394	341368	-129180
1395	348981	-129180
1396	356595	-129180
1397	364209	-129180
1398	371822	-129180
1399	379436	-129180
1400	387050	-129180
1401	394663	-129180
1402	402277	-129180
1403	409890	-129180
1404	417504	-129180
1405	425118	-129180
1406	432731	-129180
1407	440345	-129180
1408	447959	-129180
1409	455572	-129180
1410	463186	-129180
1411	470800	-129180
1412	470800	-133277
1413	463186	-133277
1414	455572	-133277
1415	447959	-133277
1416	440345	-133277
1417	432731	-133277
1418	425118	-133277
1419	417504	-133277
1420	409890	-133277
1421	402277	-133277
1422	394663	-133277
1423	387050	-133277
1424	379436	-133277
1425	371822	-133277
1426	364209	-133277
1427	356595	-133277
1428	348981	-133277
1429	341368	-133277
1430	333754	-133277
1431	326140	-133277
1432	318527	-133277
1433	310913	-133277
1434	303300	-133277
1435	295686	-133277
1436	288072	-133277
1437	280459	-133277
1438	272845	-133277
1439	265231	-133277
1440	257618	-133277
1441	250004	-133277
1442	242390	-133277
1443	234777	-133277
1444	227163	-133277
1445	219549	-133277
1446	211936	-133277
1447	204322	-133277
1448	196709	-133277
1449	189095	-133277
1450	181481	-133277
1451	173868	-133277
1452	166254	-133277
1453	158640	-133277
1454	151027	-133277
1455	143413	-133277
1456	135799	-133277
1457	135799	-137373
1458	143413	-137373
1459	151027	-137373
1460	158640	-137373
1461	166254	-137373
1462	173868	-137373
1463	181481	-137373
1464	189095	-137373
1465	196709	-137373
1466	204322	-137373
1467	211936	-137373
1468	219549	-137373
1469	227163	-137373
1470	234777	-137373
1471	242390	-137373
1472	250004	-137373
1473	257618	-137373
1474	265231	-137373
1475	272845	-137373
1476	280459	-137373
1477	288072	-137373
1478	295686	-137373
1479	303300	-137373
1480	310913	-137373
1481	318527	-137373
1482	326140	-137373
1483	333754	-137373
1484	341368	-137373
1485	348981	-137373
1486	356595	-137373
1487	364209	-137373
1488	371822	-137373
1489	379436	-137373
1490	387050	-137373
1491	394663	-137373
1492	402277	-137373
1493	409890	-137373
1494	417504	-137373
1495	425118	-137373
1496	432731	-137373
1497	440345	-137373
1498	447959	-137373
1499	455572	-137373
1500	463186	-137373
1501	470800	-137373
1502	470800	-141469
1503	463186	-141469
1504	455572	-141469
1505	447959	-141469
1506	440345	-141469
1507	432731	-141469
1508	425118	-141469
1509	417504	-141469
1510	409890	-141469
1511	402277	-141469
1512	394663	-141469
1513	387050	-141469
1514	379436	-141469
1515	371822	-141469
1516	364209	-141469
1517	356595	-141469
1518	348981	-141469
1519	341368	-141469
1520	333754	-141469
1521	326140	-141469
1522	318527	-141469
1523	310913	-141469
1524	303300	-141469
1525	295686	-141469
1526	288072	-141469
1527	280459	-141469
1528	272845	-141469
1529	265231	-141469
1530	257618	-141469
1531	250004	-141469
1532	242390	-141469
1533	234777	-141469
1534	227163	-141469
1535	219549	-141469
1536	211936	-141469
1537	204322	-141469
1538	196709	-141469
1539	189095	-141469
1540	181481	-141469
1541	173868	-141469
1542	166254	-141469
1543	158640	-141469
1544	151027	-141469
1545	143413	-141469
1546	135799	-141469
1547	135799	-145566
1548	143413	-145566
1549	151027	-145566
1550	158640	-145566
1551	166254	-145566
1552	173868	-145566
1553	181481	-145566
1554	189095	-145566
1555	196709	-145566
1556	204322	-145566
1557	211936	-145566
1558	219549	-145566
1559	227163	-145566
1560	234777	-145566
1561	242390	-145566
1562	250004	-145566
1563	257618	-145566
1564	265231	-145566
1565	272845	-145566
1566	280459	-145566
1567	288072	-145566
1568	295686	-145566
1569	303300	-145566
1570	310913	-145566
1571	318527	-145566
1572	326140	-145566
1573	333754	-145566
1574	341368	-145566
1575	348981	-145566
1576	356595	-145566
1577	364209	-145566
1578	371822	-145566
1579	379436	-145566
1580	387050	-145566
1581	394663	-145566
1582	402277	-145566
1583	409890	-145566
1584	417504	-145566
1585	425118	-145566
1586	432731	-145566
1587	440345	-145566
1588	447959	-145566
1589	455572	-145566
1590	463186	-145566
1591	470800	-145566
1592	470800	-149662
1593	463186	-149662
1594	455572	-149662
1595	447959	-149662
1596	440345	-149662
1597	432731	-149662
1598	425118	-149662
1599	417504	-149662
1600	409890	-149662
1601	402277	-149662
1602	394663	-149662
1603	387050	-149662
1604	379436	-149662
1605	371822	-149662
1606	364209	-149662
1607	356595	-149662
1608	348981	-149662
1609	341368	-149662
1610	333754	-149662
1611	326140	-149662
1612	318527	-149662
1613	310913	-149662
1614	303300	-149662
1615	295686	-149662
1616	288072	-149662
1617	280459	-149662
1618	272845	-149662
1619	265231	-149662
1620	257618	-149662
1621	250004	-149662
1622	242390	-149662
1623	234777	-149662
1624	227163	-149662
1625	219549	-149662
1626	211936	-149662
1627	204322	-149662
1628	196709	-149662
1629	189095	-149662
1630	181481	-149662
1631	173868	-149662
1632	166254	-149662
1633	158640	-149662
1634	151027	-149662
1635	143413	-149662
1636	135799	-149662
1637	135799	-153759
1638	143413	-153759
1639	151027	-153759
1640	158640	-153759
1641	166254	-153759
1642	173868	-153759
1643	181481	-153759
1644	189095	-153759
1645	196709	-153759
1646	204322	-153759
1647	211936	-153759
1648	219549	-153759
1649	227163	-153759
1650	234777	-153759
1651	242390	-153759
1652	250004	-153759
1653	257618	-153759
1654	265231	-153759
1655	272845	-153759
1656	280459	-153759
1657	288072	-153759
1658	295686	-153759
1659	303300	-153759
1660	310913	-153759
1661	318527	-153759
1662	326140	-153759
1663	333754	-153759
1664	341368	-153759
1665	348981	-153759
1666	356595	-153759
1667	364209	-153759
1668	371822	-153759
1669	379436	-153759
1670	387050	-153759
1671	394663	-153759
1672	402277	-153759
1673	409890	-153759
1674	417504	-153759
1675	425118	-153759
1676	432731	-153759
1677	440345	-153759
1678	447959	-153759
1679	455572	-153759
1680	463186	-153759
1681	470800	-153759
1682	470800	-157855
1683	463186	-157855
1684	455572	-157855
1685	447959	-157855
1686	440345	-157855
1687	432731	-157855
1688	425118	-157855
1689	417504	-157855
1690	409890	-157855
1691	402277	-157855
1692	394663	-157855
1693	387050	-157855
1694	379436	-157855
1695	371822	-157855
1696	364209	-157855
1697	356595	-157855
1698	348981	-157855
1699	341368	-157855
1700	333754	-157855
1701	326140	-157855
1702	318527	-157855
1703	310913	-157855
1704	303300	-157855
1705	295686	-157855
1706	288072	-157855
1707	280459	-157855
1708	272845	-157855
1709	265231	-157855
1710	257618	-157855
1711	250004	-157855
1712	242390	-157855
1713	234777	-157855
1714	227163	-157855
1715	219549	-157855
1716	211936	-157855
1717	204322	-157855
1718	196709	-157855
1719	189095	-157855
1720	181481	-157855
1721	173868	-157855
1722	166254	-157855
1723	158640	-157855
1724	151027	-157855
1725	143413	-157855
1726	135799	-157855
1727	135799	-161951
1728	143413	-161951
1729	151027	-161951
1730	158640	-161951
1731	166254	-161951
1732	173868	-161951
1733	181481	-161951
1734	189095	-161951
1735	196709	-161951
1736	204322	-161951
1737	211936	-161951
1738	219549	-161951
1739	227163	-161951
1740	234777	-161951
1741	242390	-161951
1742	250004	-161951
1743	257618	-161951
1744	265231	-161951
1745	272845	-161951
1746	280459	-161951
1747	288072	-161951
1748	295686	-161951
1749	303300	-161951
1750	310913	-161951
1751	318527	-161951
1752	326140	-161951
1753	333754	-161951
1754	341368	-161951
1755	348981	-161951
1756	356595	-161951
1757	364209	-161951
1758	371822	-161951
1759	379436	-161951
1760	387050	-161951
1761	394663	-161951
1762	402277	-161951
1763	409890	-161951
1764	417504	-161951
1765	425118	-161951
1766	432731	-161951
1767	440345	-161951
1768	447959	-161951
1769	455572	-161951
1770	463186	-161951
1771	470800	-161951
1772	470800	-166048
1773	463186	-166048
1774	455572	-166048
1775	447959	-166048
1776	440345	-166048
1777	432731	-166048
1778	425118	-166048
1779	417504	-166048
1780	409890	-166048
1781	402277	-166048
1782	394663	-166048
1783	387050	-166048
1784	379436	-166048
1785	371822	-166048
1786	364209	-166048
1787	356595	-166048
1788	348981	-166048
1789	341368	-166048
1790	333754	-166048
1791	326140	-166048
1792	318527	-166048
1793	310913	-166048
1794	303300	-166048
1795	295686	-166048
1796	288072	-166048
1797	280459	-166048
1798	272845	-166048
1799	265231	-166048
1800	257618	-166048
1801	250004	-166048
1802	242390	-166048
1803	234777	-166048
1804	227163	-166048
1805	219549	-166048
1806	211936	-166048
1807	204322	-166048
1808	196709	-166048
1809	189095	-166048
1810	181481	-166048
1811	173868	-166048
1812	166254	-166048
1813	158640	-166048
1814	151027	-166048
1815	143413	-166048
1816	135799	-166048
1817	135799	-170144
1818	143413	-170144
1819	151027	-170144
1820	158640	-170144
1821	166254	-170144
1822	173868	-170144
1823	181481	-170144
1824	189095	-170144
1825	196709	-170144
1826	204322	-170144
1827	211936	-170144
1828	219549	-170144
1829	227163	-170144
1830	234777	-170144
1831	242390	-170144
1832	250004	-170144
1833	257618	-170144
1834	265231	-170144
1835	272845	-170144
1836	280459	-170144
1837	288072	-170144
1838	295686	-170144
1839	303300	-170144
1840	310913	-170144
1841	318527	-170144
1842	326140	-170144
1843	333754	-170144
1844	341368	-170144
1845	348981	-170144
1846	356595	-170144
1847	364209	-170144
1848	371822	-170144
1849	379436	-170144
1850	387050	-170144
1851	394663	-170144
1852	402277	-170144
1853	409890	-170144
1854	417504	-170144
1855	425118	-170144
1856	432731	-170144
1857	440345	-170144
1858	447959	-170144
1859	455572	-170144
1860	463186	-170144
1861	470800	-170144
1862	470800	-174240
1863	463186	-174240
1864	455572	-174240
1865	447959	-174240
1866	440345	-174240
1867	432731	-174240
1868	425118	-174240
1869	417504	-174240
1870	409890	-174240
1871	402277	-174240
1872	394663	-174240
1873	387050	-174240
1874	379436	-174240
1875	371822	-174240
1876	364209	-174240
1877	356595	-174240
1878	348981	-174240
1879	341368	-174240
1880	333754	-174240
1881	326140	-174240
1882	318527	-174240
1883	310913	-174240
1884	303300	-174240
1885	295686	-174240
1886	288072	-174240
1887	280459	-174240
1888	272845	-174240
1889	265231	-174240
1890	257618	-174240
1891	250004	-174240
1892	242390	-174240
1893	234777	-174240
1894	227163	-174240
1895	219549	-174240
1896	211936	-174240
1897	204322	-174240
1898	196709	-174240
1899	189095	-174240
1900	181481	-174240
1901	173868	-174240
1902	166254	-174240
1903	158640	-174240
1904	151027	-174240
1905	143413	-174240
1906	135799	-174240
1907	135799	-178337
1908	143413	-178337
1909	151027	-178337
1910	158640	-178337
1911	166254	-178337
1912	173868	-178337
1913	181481	-178337
1914	189095	-178337
1915	196709	-178337
1916	204322	-178337
1917	211936	-178337
1918	219549	-178337
1919	227163	-178337
1920	234777	-178337
1921	242390	-178337
1922	250004	-178337
1923	257618	-178337
1924	265231	-178337
1925	272845	-178337
1926	280459	-178337
1927	288072	-178337
1928	295686	-178337
1929	303300	-178337
1930	310913	-178337
1931	318527	-178337
1932	326140	-178337
1933	333754	-178337
1934	341368	-178337
1935	348981	-178337
1936	356595	-178337
1937	364209	-178337
1938	371822	-178337
1939	379436	-178337
1940	387050	-178337
1941	394663	-178337
1942	402277	-178337
1943	409890	-178337
1944	417504	-178337
1945	425118	-178337
1946	432731	-178337
1947	440345	-178337
1948	447959	-178337
1949	455572	-178337
1950	463186	-178337
1951	470800	-178337
1952	470800	-182433
1953	463186	-182433
1954	455572	-182433
1955	447959	-182433
1956	440345	-182433
1957	432731	-182433
1958	425118	-182433
1959	417504	-182433
1960	409890	-182433
1961	402277	-182433
1962	394663	-182433
1963	387050	-182433
1964	379436	-182433
1965	371822	-182433
1966	364209	-182433
1967	356595	-182433
1968	348981	-182433
1969	341368	-182433
1970	333754	-182433
1971	326140	-182433
1972	318527	-182433
1973	310913	-182433
1974	303300	-182433
1975	295686	-182433
1976	288072	-182433
1977	280459	-182433
1978	272845	-182433
1979	265231	-182433
1980	257618	-182433
1981	250004	-182433
1982	242390	-182433
1983	234777	-182433
1984	227163	-182433
1985	219549	-182433
1986	211936	-182433
1987	204322	-182433
1988	196709	-182433
1989	189095	-182433
1990	181481	-182433
1991	173868	-182433
1992	166254	-182433
1993	158640	-182433
1994	151027	-182433
1995	143413	-182433
1996	135799	-182433
1997	135799	-186530
1998	143413	-186530
1999	151027	-186530
2000	158640	-186530
2001	166254	-186530
2002	173868	-186530
2003	181481	-186530
2004	189095	-186530
2005	196709	-186530
2006	204322	-186530
2007	211936	-186530
2008	219549	-186530
2009	227163	-186530
2010	234777	-186530
2011	242390	-186530
2012	250004	-186530
2013	257618	-186530
2014	265231	-186530
2015	272845	-186530
2016	280459	-186530
2017	288072	-186530
2018	295686	-186530
2019	303300	-186530
2020	310913	-186530
2021	318527	-186530
2022	326140	-186530
2023	333754	-186530
2024	341368	-186530
2025	348981	-186530
2026	356595	-186530
2027	364209	-186530
2028	371822	-186530
2029	379436	-186530
2030	387050	-186530
2031	394663	-186530
2032	402277	-186530
2033	409890	-186530
2034	417504	-186530
2035	425118	-186530
2036	432731	-186530
2037	440345	-186530
2038	447959	-186530
2039	455572	-186530
2040	463186	-186530
2041	470800	-186530
2042	470800	-190626
2043	463186	-190626
2044	455572	-190626
2045	447959	-190626
2046	440345	-190626
2047	432731	-190626
2048	425118	-190626
2049	417504	-190626
2050	409890	-190626
2051	402277	-190626
2052	394663	-190626
2053	387050	-190626
2054	379436	-190626
2055	371822	-190626
2056	364209	-190626
2057	356595	-190626
2058	348981	-190626
2059	341368	-190626
2060	333754	-190626
2061	326140	-190626
2062	318527	-190626
2063	310913	-190626
2064	303300	-190626
2065	295686	-190626
2066	288072	-190626
2067	280459	-190626
2068	272845	-190626
2069	265231	-190626
2070	257618	-190626
2071	250004	-190626
2072	242390	-190626
2073	234777	-190626
2074	227163	-190626
2075	219549	-190626
2076	211936	-190626
2077	204322	-190626
2078	196709	-190626
2079	189095	-190626
2080	181481	-190626
2081	173868	-190626
2082	166254	-190626
2083	158640	-190626
2084	151027	-190626
2085	143413	-190626
2086	135799	-190626
2087	135799	-194722
2088	143413	-194722
2089	151027	-194722
2090	158640	-194722
2091	166254	-194722
2092	173868	-194722
2093	181481	-194722
2094	189095	-194722
2095	196709	-194722
2096	204322	-194722
2097	211936	-194722
2098	219549	-194722
2099	227163	-194722
2100	234777	-194722
2101	242390	-194722
2102	250004	-194722
2103	257618	-194722
2104	265231	-194722
2105	272845	-194722
2106	280459	-194722
2107	288072	-194722
2108	295686	-194722
2109	303300	-194722
2110	310913	-194722
2111	318527	-194722
2112	326140	-194722
2113	333754	-194722
2114	341368	-194722
2115	348981	-194722
2116	356595	-194722
2117	364209	-194722
2118	371822	-194722
2119	379436	-194722
2120	387050	-194722
2121	394663	-194722
2122	402277	-194722
2123	409890	-194722
2124	417504	-194722
2125	425118	-194722
2126	432731	-194722
2127	440345	-194722
2128	447959	-194722
2129	455572	-194722
2130	463186	-194722
2131	470800	-194722
2132	470800	-198819
2133	463186	-198819
2134	455572	-198819
2135	447959	-198819
2136	440345	-198819
2137	432731	-198819
2138	425118	-198819
2139	417504	-198819
2140	409890	-198819
2141	402277	-198819
2142	394663	-198819
2143	387050	-198819
2144	379436	-198819
2145	371822	-198819
2146	364209	-198819
2147	356595	-198819
2148	348981	-198819
2149	341368	-198819
2150	333754	-198819
2151	326140	-198819
2152	318527	-198819
2153	310913	-198819
2154	303300	-198819
2155	295686	-198819
2156	288072	-198819
2157	280459	-198819
2158	272845	-198819
2159	265231	-198819
2160	257618	-198819
2161	250004	-198819
2162	242390	-198819
2163	234777	-198819
2164	227163	-198819
2165	219549	-198819
2166	211936	-198819
2167	204322	-198819
2168	196709	-198819
2169	189095	-198819
2170	181481	-198819
2171	173868	-198819
2172	166254	-198819
2173	158640	-198819
2174	151027	-198819
2175	143413	-198819
2176	135799	-198819
2177	135799	-202915
2178	143413	-202915
2179	151027	-202915
2180	158640	-202915
2181	166254	-202915
2182	173868	-202915
2183	181481	-202915
2184	189095	-202915
2185	196709	-202915
2186	204322	-202915
2187	211936	-202915
2188	219549	-202915
2189	227163	-202915
2190	234777	-202915
2191	242390	-202915
2192	250004	-202915
2193	257618	-202915
2194	265231	-202915
2195	272845	-202915
2196	280459	-202915
2197	288072	-202915
2198	295686	-202915
2199	303300	-202915
2200	310913	-202915
2201	318527	-202915
2202	326140	-202915
2203	333754	-202915
2204	341368	-202915
2205	348981	-202915
2206	356595	-202915
2207	364209	-202915
2208	371822	-202915
2209	379436	-202915
2210	387050	-202915
2211	394663	-202915
2212	402277	-202915
2213	409890	-202915
2214	417504	-202915
2215	425118	-202915
2216	432731	-202915
2217	440345	-202915
2218	447959	-202915
2219	455572	-202915
2220	463186	-202915
2221	470800	-202915
2222	470800	-207012
2223	463186	-207012
2224	455572	-207012
2225	447959	-207012
2226	440345	-207012
2227	432731	-207012
2228	425118	-207012
2229	417504	-207012
2230	409890	-207012
2231	402277	-207012
2232	394663	-207012
2233	387050	-207012
2234	379436	-207012
2235	371822	-207012
2236	364209	-207012
2237	356595	-207012
2238	348981	-207012
2239	341368	-207012
2240	333754	-207012
2241	326140	-207012
2242	318527	-207012
2243	310913	-207012
2244	303300	-207012
2245	295686	-207012
2246	288072	-207012
2247	280459	-207012
2248	272845	-207012
2249	265231	-207012
2250	257618	-207012
2251	250004	-207012
2252	242390	-207012
2253	234777	-207012
2254	227163	-207012
2255	219549	-207012
2256	211936	-207012
2257	204322	-207012
2258	196709	-207012
2259	189095	-207012
2260	181481	-207012
2261	173868	-207012
2262	166254	-207012
2263	158640	-207012
2264	151027	-207012
2265	143413	-207012
2266	135799	-207012
2267	135799	-211108
2268	143413	-211108
2269	151027	-211108
2270	158640	-211108
2271	166254	-211108
2272	173868	-211108
2273	181481	-211108
2274	189095	-211108
2275	196709	-211108
2276	204322	-211108
2277	211936	-211108
2278	219549	-211108
2279	227163	-211108
2280	234777	-211108
2281	242390	-211108
2282	250004	-211108
2283	257618	-211108
2284	265231	-211108
2285	272845	-211108
2286	280459	-211108
2287	288072	-211108
2288	295686	-211108
2289	303300	-211108
2290	310913	-211108
2291	318527	-211108
2292	326140	-211108
2293	333754	-211108
2294	341368	-211108
2295	348981	-211108
2296	356595	-211108
2297	364209	-211108
2298	371822	-211108
2299	379436	-211108
2300	387050	-211108
2301	394663	-211108
2302	402277	-211108
2303	409890	-211108
2304	417504	-211108
2305	425118	-211108
2306	432731	-211108
2307	440345	-211108
2308	447959	-211108
2309	455572	-211108
2310	463186	-211108
2311	470800	-211108
2312	470800	-215204
2313	463186	-215204
2314	455572	-215204
2315	447959	-215204
2316	440345	-215204
2317	432731	-215204
2318	425118	-215204
2319	417504	-215204
2320	409890	-215204
2321	402277	-215204
2322	394663	-215204
2323	387050	-215204
2324	379436	-215204
2325	371822	-215204
2326	364209	-215204
2327	356595	-215204
2328	348981	-215204
2329	341368	-215204
2330	333754	-215204
2331	326140	-215204
2332	318527	-215204
2333	310913	-215204
2334	303300	-215204
2335	295686	-215204
2336	288072	-215204
2337	280459	-215204
2338	272845	-215204
2339	265231	-215204
2340	257618	-215204
2341	250004	-215204
2342	242390	-215204
2343	234777	-215204
2344	227163	-215204
2345	219549	-215204
2346	211936	-215204
2347	204322	-215204
2348	196709	-215204
2349	189095	-215204
2350	181481	-215204
2351	173868	-215204
2352	166254	-215204
2353	158640	-215204
2354	151027	-215204
2355	143413	-215204
2356	135799	-215204
2357	135799	-219301
2358	143413	-219301
2359	151027	-219301
2360	158640	-219301
2361	166254	-219301
2362	173868	-219301
2363	181481	-219301
2364	189095	-219301
2365	196709	-219301
2366	204322	-219301
2367	211936	-219301
2368	219549	-219301
2369	227163	-219301
2370	234777	-219301
2371	242390	-219301
2372	250004	-219301
2373	257618	-219301
2374	265231	-219301
2375	272845	-219301
2376	280459	-219301
2377	288072	-219301
2378	295686	-219301
2379	303300	-219301
2380	310913	-219301
2381	318527	-219301
2382	326140	-219301
2383	333754	-219301
2384	341368	-219301
2385	348981	-219301
2386	356595	-219301
2387	364209	-219301
2388	371822	-219301
2389	379436	-219301
2390	387050	-219301
2391	394663	-219301
2392	402277	-219301
2393	409890	-219301
2394	417504	-219301
2395	425118	-219301
2396	432731	-219301
2397	440345	-219301
2398	447959	-219301
2399	455572	-219301
2400	463186	-219301
2401	470800	-219301
2402	470800	-223397
2403	463186	-223397
2404	455572	-223397
2405	447959	-223397
2406	440345	-223397
2407	432731	-223397
2408	425118	-223397
2409	417504	-223397
2410	409890	-223397
2411	402277	-223397
2412	394663	-223397
2413	387050	-223397
2414	379436	-223397
2415	371822	-223397
2416	364209	-223397
2417	356595	-223397
2418	348981	-223397
2419	341368	-223397
2420	333754	-223397
2421	326140	-223397
2422	318527	-223397
2423	310913	-223397
2424	303300	-223397
2425	295686	-223397
2426	288072	-223397
2427	280459	-223397
2428	272845	-223397
2429	265231	-223397
2430	257618	-223397
2431	250004	-223397
2432	242390	-223397
2433	234777	-223397
2434	227163	-223397
2435	219549	-223397
2436	211936	-223397
2437	204322	-223397
2438	196709	-223397
2439	189095	-223397
2440	181481	-223397
2441	173868	-223397
2442	166254	-223397
2443	158640	-223397
2444	151027	-223397
2445	143413	-223397
2446	135799	-223397
2447	135799	-227493
2448	143413	-227493
2449	151027	-227493
2450	158640	-227493
2451	166254	-227493
2452	173868	-227493
2453	181481	-227493
2454	189095	-227493
2455	196709	-227493
2456	204322	-227493
2457	211936	-227493
2458	219549	-227493
2459	227163	-227493
2460	234777	-227493
2461	242390	-227493
2462	250004	-227493
2463	257618	-227493
2464	265231	-227493
2465	272845	-227493
2466	280459	-227493
2467	288072	-227493
2468	295686	-227493
2469	303300	-227493
2470	310913	-227493
2471	318527	-227493
2472	326140	-227493
2473	333754	-227493
2474	341368	-227493
2475	348981	-227493
2476	356595	-227493
2477	364209	-227493
2478	371822	-227493
2479	379436	-227493
2480	387050	-227493
2481	394663	-227493
2482	402277	-227493
2483	409890	-227493
2484	417504	-227493
2485	425118	-227493
2486	432731	-227493
2487	440345	-227493
2488	447959	-227493
2489	455572	-227493
2490	463186	-227493
2491	470800	-227493
2492	470800	-231590
2493	463186	-231590
2494	455572	-231590
2495	447959	-231590
2496	440345	-231590
2497	432731	-231590
2498	425118	-231590
2499	417504	-231590
2500	409890	-231590
2501	402277	-231590
2502	394663	-231590
2503	387050	-231590
2504	379436	-231590
2505	371822	-231590
2506	364209	-231590
2507	356595	-231590
2508	348981	-231590
2509	341368	-231590
2510	333754	-231590
2511	326140	-231590
2512	318527	-231590
2513	310913	-231590
2514	303300	-231590
2515	295686	-231590
2516	288072	-231590
2517	280459	-231590
2518	272845	-231590
2519	265231	-231590
2520	257618	-231590
2521	250004	-231590
2522	242390	-231590
2523	234777	-231590
2524	227163	-231590
2525	219549	-231590
2526	211936	-231590
2527	204322	-231590
2528	196709	-231590
2529	189095	-231590
2530	181481	-231590
2531	173868	-231590
2532	166254	-231590
2533	158640	-231590
2534	151027	-231590
2535	143413	-231590
2536	135799	-231590
2537	135799	-235686
2538	143413	-235686
2539	151027	-235686
2540	158640	-235686
2541	166254	-235686
2542	173868	-235686
2543	181481	-235686
2544	189095	-235686
2545	196709	-235686
2546	204322	-235686
2547	211936	-235686
2548	219549	-235686
2549	227163	-235686
2550	234777	-235686
2551	242390	-235686
2552	250004	-235686
2553	257618	-235686
2554	265231	-235686
2555	272845	-235686
2556	280459	-235686
2557	288072	-235686
2558	295686	-235686
2559	303300	-235686
2560	310913	-235686
2561	318527	-235686
2562	326140	-235686
2563	333754	-235686
2564	341368	-235686
2565	348981	-235686
2566	356595	-235686
2567	364209	-235686
2568	371822	-235686
2569	379436	-235686
2570	387050	-235686
2571	394663	-235686
2572	402277	-235686
2573	409890	-235686
2574	417504	-235686
2575	425118	-235686
2576	432731	-235686
2577	440345	-235686
2578	447959	-235686
2579	455572	-235686
2580	463186	-235686
2581	470800	-235686
2582	470800	-239783
2583	463186	-239783
2584	455572	-239783
2585	447959	-239783
2586	440345	-239783
2587	432731	-239783
2588	425118	-239783
2589	417504	-239783
2590	409890	-239783
2591	402277	-239783
2592	394663	-239783
2593	387050	-239783
2594	379436	-239783
2595	371822	-239783
2596	364209	-239783
2597	356595	-239783
2598	348981	-239783
2599	341368	-239783
2600	333754	-239783
2601	326140	-239783
2602	318527	-239783
2603	310913	-239783
2604	303300	-239783
2605	295686	-239783
2606	288072	-239783
2607	280459	-239783
2608	272845	-239783
2609	265231	-239783
2610	257618	-239783
2611	250004	-239783
2612	242390	-239783
2613	234777	-239783
2614	227163	-239783
2615	219549	-239783
2616	211936	-239783
2617	204322	-239783
2618	196709	-239783
2619	189095	-239783
2620	181481	-239783
2621	173868	-239783
2622	166254	-239783
2623	158640	-239783
2624	151027	-239783
2625	143413	-239783
2626	135799	-239783
2627	135799	-243879
2628	143413	-243879
2629	151027	-243879
2630	158640	-243879
2631	166254	-243879
2632	173868	-243879
2633	181481	-243879
2634	189095	-243879
2635	196709	-243879
2636	204322	-243879
2637	211936	-243879
2638	219549	-243879
2639	227163	-243879
2640	234777	-243879
2641	242390	-243879
2642	250004	-243879
2643	257618	-243879
2644	265231	-243879
2645	272845	-243879
2646	280459	-243879
2647	288072	-243879
2648	295686	-243879
2649	303300	-243879
2650	310913	-243879
2651	318527	-243879
2652	326140	-243879
2653	333754	-243879
2654	341368	-243879
2655	348981	-243879
2656	356595	-243879
2657	364209	-243879
2658	371822	-243879
2659	379436	-243879
2660	387050	-243879
2661	394663	-243879
2662	402277	-243879
2663	409890	-243879
2664	417504	-243879
2665	425118	-243879
2666	432731	-243879
2667	440345	-243879
2668	447959	-243879
2669	455572	-243879
2670	463186	-243879
2671	470800	-243879
2672	470800	-247975
2673	463186	-247975
2674	455572	-247975
2675	447959	-247975
2676	440345	-247975
2677	432731	-247975
2678	425118	-247975
2679	417504	-247975
2680	409890	-247975
2681	402277	-247975
2682	394663	-247975
2683	387050	-247975
2684	379436	-247975
2685	371822	-247975
2686	364209	-247975
2687	356595	-247975
2688	348981	-247975
2689	341368	-247975
2690	333754	-247975
2691	326140	-247975
2692	318527	-247975
2693	310913	-247975
2694	303300	-247975
2695	295686	-247975
2696	288072	-247975
2697	280459	-247975
2698	272845	-247975
2699	265231	-247975
2700	257618	-247975
2701	250004	-247975
2702	242390	-247975
2703	234777	-247975
2704	227163	-247975
2705	219549	-247975
2706	211936	-247975
2707	204322	-247975
2708	196709	-247975
2709	189095	-247975
2710	181481	-247975
2711	173868	-247975
2712	166254	-247975
2713	158640	-247975
2714	151027	-247975
2715	143413	-247975
2716	135799	-247975
2717	135799	-252072
2718	143413	-252072
2719	151027	-252072
2720	158640	-252072
2721	166254	-252072
2722	173868	-252072
2723	181481	-252072
2724	189095	-252072
2725	196709	-252072
2726	204322	-252072
2727	211936	-252072
2728	219549	-252072
2729	227163	-252072
2730	234777	-252072
2731	242390	-252072
2732	250004	-252072
2733	257618	-252072
2734	265231	-252072
2735	272845	-252072
2736	280459	-252072
2737	288072	-252072
2738	295686	-252072
2739	303300	-252072
2740	310913	-252072
2741	318527	-252072
2742	326140	-252072
2743	333754	-252072
2744	341368	-252072
2745	348981	-252072
2746	356595	-252072
2747	364209	-252072
2748	371822	-252072
2749	379436	-252072
2750	387050	-252072
2751	394663	-252072
2752	402277	-252072
2753	409890	-252072
2754	417504	-252072
2755	425118	-252072
2756	432731	-252072
2757	440345	-252072
2758	447959	-252072
2759	455572	-252072
2760	463186	-252072
2761	470800	-252072
2762	470800	-256168
2763	463186	-256168
2764	455572	-256168
2765	447959	-256168
2766	440345	-256168
2767	432731	-256168
2768	425118	-256168
2769	417504	-256168
2770	409890	-256168
2771	402277	-256168
2772	394663	-256168
2773	387050	-256168
2774	379436	-256168
2775	371822	-256168
2776	364209	-256168
2777	356595	-256168
2778	348981	-256168
2779	341368	-256168
2780	333754	-256168
2781	326140	-256168
2782	318527	-256168
2783	310913	-256168
2784	303300	-256168
2785	295686	-256168
2786	288072	-256168
2787	280459	-256168
2788	272845	-256168
2789	265231	-256168
2790	257618	-256168
2791	250004	-256168
2792	242390	-256168
2793	234777	-256168
2794	227163	-256168
2795	219549	-256168
2796	211936	-256168
2797	204322	-256168
2798	196709	-256168
2799	189095	-256168
2800	181481	-256168
2801	173868	-256168
2802	166254	-256168
2803	158640	-256168
2804	151027	-256168
2805	143413	-256168
2806	135799	-256168
2807	135799	-260265
2808	143413	-260265
2809	151027	-260265
2810	158640	-260265
2811	166254	-260265
2812	173868	-260265
2813	181481	-260265
2814	189095	-260265
2815	196709	-260265
2816	204322	-260265
2817	211936	-260265
2818	219549	-260265
2819	227163	-260265
2820	234777	-260265
2821	242390	-260265
2822	250004	-260265
2823	257618	-260265
2824	265231	-260265
2825	272845	-260265
2826	280459	-260265
2827	288072	-260265
2828	295686	-260265
2829	303300	-260265
2830	310913	-260265
2831	318527	-260265
2832	326140	-260265
2833	333754	-260265
2834	341368	-260265
2835	348981	-260265
2836	356595	-260265
2837	364209	-260265
2838	371822	-260265
2839	379436	-260265
2840	387050	-260265
2841	394663	-260265
2842	402277	-260265
2843	409890	-260265
2844	417504	-260265
2845	425118	-260265
2846	432731	-260265
2847	440345	-260265
2848	447959	-260265
2849	455572	-260265
2850	463186	-260265
2851	470800	-260265
2852	470800	-264361
2853	463186	-264361
2854	455572	-264361
2855	447959	-264361
2856	440345	-264361
2857	432731	-264361
2858	425118	-264361
2859	417504	-264361
2860	409890	-264361
2861	402277	-264361
2862	394663	-264361
2863	387050	-264361
2864	379436	-264361
2865	371822	-264361
2866	364209	-264361
2867	356595	-264361
2868	348981	-264361
2869	341368	-264361
2870	333754	-264361
2871	326140	-264361
2872	318527	-264361
2873	310913	-264361
2874	303300	-264361
2875	295686	-264361
2876	288072	-264361
2877	280459	-264361
2878	272845	-264361
2879	265231	-264361
2880	257618	-264361
2881	250004	-264361
2882	242390	-264361
2883	234777	-264361
2884	227163	-264361
2885	219549	-264361
2886	211936	-264361
2887	204322	-264361
2888	196709	-264361
2889	189095	-264361
2890	181481	-264361
2891	173868	-264361
2892	166254	-264361
2893	158640	-264361
2894	151027	-264361
2895	143413	-264361
2896	135799	-264361
2897	135799	-268457
2898	143413	-268457
2899	151027	-268457
2900	158640	-268457
2901	166254	-268457
2902	173868	-268457
2903	181481	-268457
2904	189095	-268457
2905	196709	-268457
2906	204322	-268457
2907	211936	-268457
2908	219549	-268457
2909	227163	-268457
2910	234777	-268457
2911	242390	-268457
2912	250004	-268457
2913	257618	-268457
2914	265231	-268457
2915	272845	-268457
2916	280459	-268457
2917	288072	-268457
2918	295686	-268457
2919	303300	-268457
2920	310913	-268457
2921	318527	-268457
2922	326140	-268457
2923	333754	-268457
2924	341368	-268457
2925	348981	-268457
2926	356595	-268457
2927	364209	-268457
2928	371822	-268457
2929	379436	-268457
2930	387050	-268457
2931	394663	-268457
2932	402277	-268457
2933	409890	-268457
2934	417504	-268457
2935	425118	-268457
2936	432731	-268457
2937	440345	-268457
2938	447959	-268457
2939	455572	-268457
2940	463186	-268457
2941	470800	-268457
2942	470800	-272554
2943	463186	-272554
2944	455572	-272554
2945	447959	-272554
2946	440345	-272554
2947	432731	-272554
2948	425118	-272554
2949	417504	-272554
2950	409890	-272554
2951	402277	-272554
2952	394663	-272554
2953	387050	-272554
2954	379436	-272554
2955	371822	-272554
2956	364209	-272554
2957	356595	-272554
2958	348981	-272554
2959	341368	-272554
2960	333754	-272554
2961	326140	-272554
2962	318527	-272554
2963	310913	-272554
2964	303300	-272554
2965	295686	-272554
2966	288072	-272554
2967	280459	-272554
2968	272845	-272554
2969	265231	-272554
2970	257618	-272554
2971	250004	-272554
2972	242390	-272554
2973	234777	-272554
2974	227163	-272554
2975	219549	-272554
2976	211936	-272554
2977	204322	-272554
2978	196709	-272554
2979	189095	-272554
2980	181481	-272554
2981	173868	-272554
2982	166254	-272554
2983	158640	-272554
2984	151027	-272554
2985	143413	-272554
2986	135799	-272554
2987	135799	-276650
2988	143413	-276650
2989	151027	-276650
2990	158640	-276650
2991	166254	-276650
2992	173868	-276650
2993	181481	-276650
2994	189095	-276650
2995	196709	-276650
2996	204322	-276650
2997	211936	-276650
2998	219549	-276650
2999	227163	-276650
3000	234777	-276650
3001	242390	-276650
3002	250004	-276650
3003	257618	-276650
3004	265231	-276650
3005	272845	-276650
3006	280459	-276650
3007	288072	-276650
3008	295686	-276650
3009	303300	-276650
3010	310913	-276650
3011	318527	-276650
3012	326140	-276650
3013	333754	-276650
3014	341368	-276650
3015	348981	-276650
3016	356595	-276650
3017	364209	-276650
3018	371822	-276650
3019	379436	-276650
3020	387050	-276650
3021	394663	-276650
3022	402277	-276650
3023	409890	-276650
3024	417504	-276650
3025	425118	-276650
3026	432731	-276650
3027	440345	-276650
3028	447959	-276650
3029	455572	-276650
3030	463186	-276650
3031	470800	-276650
3032	470800	-280746
3033	463186	-280746
3034	455572	-280746
3035	447959	-280746
3036	440345	-280746
3037	432731	-280746
3038	425118	-280746
3039	417504	-280746
3040	409890	-280746
3041	402277	-280746
3042	394663	-280746
3043	387050	-280746
3044	379436	-280746
3045	371822	-280746
3046	364209	-280746
3047	356595	-280746
3048	348981	-280746
3049	341368	-280746
3050	333754	-280746
3051	326140	-280746
3052	318527	-280746
3053	310913	-280746
3054	303300	-280746
3055	295686	-280746
3056	288072	-280746
3057	280459	-280746
3058	272845	-280746
3059	265231	-280746
3060	257618	-280746
3061	250004	-280746
3062	242390	-280746
3063	234777	-280746
3064	227163	-280746
3065	219549	-280746
3066	211936	-280746
3067	204322	-280746
3068	196709	-280746
3069	189095	-280746
3070	181481	-280746
3071	173868	-280746
3072	166254	-280746
3073	158640	-280746
3074	151027	-280746
3075	143413	-280746
3076	135799	-280746
3077	135799	-284843
3078	143413	-284843
3079	151027	-284843
3080	158640	-284843
3081	166254	-284843
3082	173868	-284843
3083	181481	-284843
3084	189095	-284843
3085	196709	-284843
3086	204322	-284843
3087	211936	-284843
3088	219549	-284843
3089	227163	-284843
3090	234777	-284843
3091	242390	-284843
3092	250004	-284843
3093	257618	-284843
3094	265231	-284843
3095	272845	-284843
3096	280459	-284843
3097	288072	-284843
3098	295686	-284843
3099	303300	-284843
3100	310913	-284843
3101	318527	-284843
3102	326140	-284843
3103	333754	-284843
3104	341368	-284843
3105	348981	-284843
3106	356595	-284843
3107	364209	-284843
3108	371822	-284843
3109	379436	-284843
3110	387050	-284843
3111	394663	-284843
3112	402277	-284843
3113	409890	-284843
3114	417504	-284843
3115	425118	-284843
3116	432731	-284843
3117	440345	-284843
3118	447959	-284843
3119	455572	-284843
3120	463186	-284843
3121	470800	-284843
3122	470800	-288939
3123	463186	-288939
3124	455572	-288939
3125	447959	-288939
3126	440345	-288939
3127	432731	-288939
3128	425118	-288939
3129	417504	-288939
3130	409890	-288939
3131	402277	-288939
3132	394663	-288939
3133	387050	-288939
3134	379436	-288939
3135	371822	-288939
3136	364209	-288939
3137	356595	-288939
3138	348981	-288939
3139	341368	-288939
3140	333754	-288939
3141	326140	-288939
3142	318527	-288939
3143	310913	-288939
3144	303300	-288939
3145	295686	-288939
3146	288072	-288939
3147	280459	-288939
3148	272845	-288939
3149	265231	-288939
3150	257618	-288939
3151	250004	-288939
3152	242390	-288939
3153	234777	-288939
3154	227163	-288939
3155	219549	-288939
3156	211936	-288939
3157	204322	-288939
3158	196709	-288939
3159	189095	-288939
3160	181481	-288939
3161	173868	-288939
3162	166254	-288939
3163	158640	-288939
3164	151027	-288939
3165	143413	-288939
3166	135799	-288939
3167	135799	-293036
3168	143413	-293036
3169	151027	-293036
3170	158640	-293036
3171	166254	-293036
3172	173868	-293036
3173	181481	-293036
3174	189095	-293036
3175	196709	-293036
3176	204322	-293036
3177	211936	-293036
3178	219549	-293036
3179	227163	-293036
3180	234777	-293036
3181	242390	-293036
3182	250004	-293036
3183	257618	-293036
3184	265231	-293036
3185	272845	-293036
3186	280459	-293036
3187	288072	-293036
3188	295686	-293036
3189	303300	-293036
3190	310913	-293036
3191	318527	-293036
3192	326140	-293036
3193	333754	-293036
3194	341368	-293036
3195	348981	-293036
3196	356595	-293036
3197	364209	-293036
3198	371822	-293036
3199	379436	-293036
3200	387050	-293036
3201	394663	-293036
3202	402277	-293036
3203	409890	-293036
3204	417504	-293036
3205	417504	-297132
3206	409890	-297132
3207	402277	-297132
3208	394663	-297132
3209	387050	-297132
3210	379436	-297132
3211	371822	-297132
3212	364209	-297132
3213	356595	-297132
3214	348981	-297132
3215	341368	-297132
3216	333754	-297132
3217	326140	-297132
3218	318527	-297132
3219	310913	-297132
3220	303300	-297132
3221	295686	-297132
3222	288072	-297132
3223	280459	-297132
3224	272845	-297132
3225	265231	-297132
3226	257618	-297132
3227	250004	-297132
3228	242390	-297132
3229	234777	-297132
3230	227163	-297132
3231	219549	-297132
3232	211936	-297132
3233	204322	-297132
3234	196709	-297132
3235	189095	-297132
3236	189095	-301228
3237	196709	-301228
3238	204322	-301228
3239	211936	-301228
3240	219549	-301228
3241	227163	-301228
3242	234777	-301228
3243	242390	-301228
3244	250004	-301228
3245	257618	-301228
3246	265231	-301228
3247	272845	-301228
3248	280459	-301228
3249	288072	-301228
3250	295686	-301228
3251	303300	-301228
3252	310913	-301228
3253	318527	-301228
3254	326140	-301228
3255	333754	-301228
3256	341368	-301228
3257	348981	-301228
3258	356595	-301228
3259	364209	-301228
3260	371822	-301228
3261	379436	-301228
3262	387050	-301228
3263	394663	-301228
3264	402277	-301228
3265	409890	-301228
3266	417504	-301228
3267	417504	-305325
3268	409890	-305325
3269	402277	-305325
3270	394663	-305325
3271	387050	-305325
3272	379436	-305325
3273	371822	-305325
3274	364209	-305325
3275	356595	-305325
3276	348981	-305325
3277	341368	-305325
3278	333754	-305325
3279	326140	-305325
3280	318527	-305325
3281	310913	-305325
3282	303300	-305325
3283	295686	-305325
3284	288072	-305325
3285	280459	-305325
3286	272845	-305325
3287	265231	-305325
3288	257618	-305325
3289	250004	-305325
3290	242390	-305325
3291	234777	-305325
3292	227163	-305325
3293	219549	-305325
3294	211936	-305325
3295	204322	-305325
3296	196709	-305325
3297	189095	-305325
3298	189095	-309421
3299	196709	-309421
3300	204322	-309421
3301	211936	-309421
3302	219549	-309421
3303	227163	-309421
3304	234777	-309421
3305	242390	-309421
3306	250004	-309421
3307	257618	-309421
3308	265231	-309421
3309	272845	-309421
3310	280459	-309421
3311	288072	-309421
3312	295686	-309421
3313	303300	-309421
3314	310913	-309421
3315	318527	-309421
3316	326140	-309421
3317	333754	-309421
3318	341368	-309421
3319	348981	-309421
3320	356595	-309421
3321	364209	-309421
3322	371822	-309421
3323	379436	-309421
3324	387050	-309421
3325	394663	-309421
3326	402277	-309421
3327	409890	-309421
3328	417504	-309421
3329	417504	-313518
3330	409890	-313518
3331	402277	-313518
3332	394663	-313518
3333	387050	-313518
3334	379436	-313518
3335	371822	-313518
3336	364209	-313518
3337	356595	-313518
3338	348981	-313518
3339	341368	-313518
3340	333754	-313518
3341	326140	-313518
3342	318527	-313518
3343	310913	-313518
3344	303300	-313518
3345	295686	-313518
3346	288072	-313518
3347	280459	-313518
3348	272845	-313518
3349	265231	-313518
3350	257618	-313518
3351	250004	-313518
3352	242390	-313518
3353	234777	-313518
3354	227163	-313518
3355	219549	-313518
3356	211936	-313518
3357	204322	-313518
3358	196709	-313518
3359	189095	-313518
3360	189095	-317614
3361	196709	-317614
3362	204322	-317614
3363	211936	-317614
3364	219549	-317614
3365	227163	-317614
3366	234777	-317614
3367	242390	-317614
3368	250004	-317614
3369	257618	-317614
3370	265231	-317614
3371	272845	-317614
3372	280459	-317614
3373	288072	-317614
3374	295686	-317614
3375	303300	-317614
3376	310913	-317614
3377	318527	-317614
3378	326140	-317614
3379	333754	-317614
3380	341368	-317614
3381	348981	-317614
3382	356595	-317614
3383	364209	-317614
3384	371822	-317614
3385	379436	-317614
3386	387050	-317614
3387	394663	-317614
3388	402277	-317614
3389	409890	-317614
3390	417504	-317614
3391	417504	-321710
3392	409890	-321710
3393	402277	-321710
3394	394663	-321710
3395	387050	-321710
3396	379436	-321710
3397	371822	-321710
3398	364209	-321710
3399	356595	-321710
3400	348981	-321710
3401	341368	-321710
3402	333754	-321710
3403	326140	-321710
3404	318527	-321710
3405	310913	-321710
3406	303300	-321710
3407	295686	-321710
3408	288072	-321710
3409	280459	-321710
3410	272845	-321710
3411	265231	-321710
3412	257618	-321710
3413	250004	-321710
3414	242390	-321710
3415	234777	-321710
3416	227163	-321710
3417	219549	-321710
3418	211936	-321710
3419	204322	-321710
3420	196709	-321710
3421	189095	-321710
3422	189095	-325807
3423	196709	-325807
3424	204322	-325807
3425	211936	-325807
3426	219549	-325807
3427	227163	-325807
3428	234777	-325807
3429	242390	-325807
3430	250004	-325807
3431	257618	-325807
3432	265231	-325807
3433	272845	-325807
3434	280459	-325807
3435	288072	-325807
3436	295686	-325807
3437	303300	-325807
3438	310913	-325807
3439	318527	-325807
3440	326140	-325807
3441	333754	-325807
3442	341368	-325807
3443	348981	-325807
3444	356595	-325807
3445	364209	-325807
3446	371822	-325807
3447	379436	-325807
3448	387050	-325807
3449	394663	-325807
3450	402277	-325807
3451	409890	-325807
3452	417504	-325807
3453	417504	-329903
3454	409890	-329903
3455	402277	-329903
3456	394663	-329903
3457	387050	-329903
3458	379436	-329903
3459	371822	-329903
3460	364209	-329903
3461	356595	-329903
3462	348981	-329903
3463	341368	-329903
3464	333754	-329903
3465	326140	-329903
3466	318527	-329903
3467	310913	-329903
3468	303300	-329903
3469	295686	-329903
3470	288072	-329903
3471	280459	-329903
3472	272845	-329903
3473	265231	-329903
3474	257618	-329903
3475	250004	-329903
3476	242390	-329903
3477	234777	-329903
3478	227163	-329903
3479	219549	-329903
3480	211936	-329903
3481	204322	-329903
3482	196709	-329903
3483	189095	-329903
3484	189095	-333999
3485	196709	-333999
3486	204322	-333999
3487	211936	-333999
3488	219549	-333999
3489	227163	-333999
3490	234777	-333999
3491	242390	-333999
3492	250004	-333999
3493	257618	-333999
3494	265231	-333999
3495	272845	-333999
3496	280459	-333999
3497	288072	-333999
3498	295686	-333999
3499	303300	-333999
3500	310913	-333999
3501	318527	-333999
3502	326140	-333999
3503	333754	-333999
3504	341368	-333999
3505	348981	-333999
3506	356595	-333999
3507	364209	-333999
3508	371822	-333999
3509	379436	-333999
3510	387050	-333999
3511	394663	-333999
3512	402277	-333999
3513	409890	-333999
3514	417504	-333999
