#
 0 101 -151.5 -147.5
 1 101 -151.5 -147.5
 2 101  -42.5  -22.5
 3 101  -36.5   -8.5
 4 101  -19.5    0.5
 5 101   -7.5   10.5
 6 101    2.5   14.5
 7 101    9.5   41.5
 8 101   24.5   40.5
 9 101 -151.5 -147.5
10 101 -151.5 -147.5
#
 0 102 -151.5 -147.5
 1 102 -151.5 -147.5
 2 102  -43.5  -23.5
 3 102  -38.5   -8.5
 4 102  -17.5    4.5
 5 102   -9.5    8.5
 6 102    3.5   17.5
 7 102   10.5   42.5
 8 102   23.5   41.5
 9 102 -151.5 -147.5
10 102 -151.5 -147.5
#
 0 103 -151.5 -147.5
 1 103 -151.5 -147.5
 2 103  -44.5  -24.5
 3 103  -39.5   -9.5
 4 103  -20.5    3.5
 5 103  -10.5    9.5
 6 103    2.5   16.5
 7 103   10.5   46.5
 8 103   26.5   42.5
 9 103 -151.5 -147.5
10 103 -151.5 -147.5
#
 0 104 -151.5 -147.5
 1 104 -151.5 -147.5
 2 104  -50.5  -26.5
 3 104  -43.5  -11.5
 4 104  -23.5    2.5
 5 104  -10.5   11.5
 6 104    2.5   18.5
 7 104   12.5   50.5
 8 104   28.5   46.5
 9 104 -151.5 -147.5
10 104 -151.5 -147.5
#
 0 105 -151.5 -147.5
 1 105 -151.5 -147.5
 2 105  -46.5  -24.5
 3 105  -42.5   -8.5
 4 105  -22.5    3.5
 5 105  -11.5   12.5
 6 105    2.5   20.5
 7 105    9.5   49.5
 8 105   28.5   48.5
 9 105 -151.5 -147.5
10 105 -151.5 -147.5
#
 0 106 -151.5 -147.5
 1 106 -151.5 -147.5
 2 106  -51.5  -27.5
 3 106  -46.5  -10.5
 4 106  -25.5    4.5
 5 106  -12.5   11.5
 6 106    1.5   21.5
 7 106   12.5   52.5
 8 106   30.5   50.5
 9 106 -151.5 -147.5
10 106 -151.5 -147.5
#
 0 107 -151.5 -147.5
 1 107 -151.5 -147.5
 2 107  -72.5  -36.5
 3 107  -66.5  -10.5
 4 107  -41.5    6.5
 5 107  -21.5   20.5
 6 107    2.5   36.5
 7 107   19.5   81.5
 8 107   50.5   78.5
 9 107 -151.5 -147.5
10 107 -151.5 -147.5
#
 0 108 -151.5 -147.5
 1 108 -151.5 -147.5
 2 108  -79.5  -43.5
 3 108  -71.5  -11.5
 4 108  -41.5    8.5
 5 108  -22.5   21.5
 6 108    2.5   36.5
 7 108   16.5   82.5
 8 108   49.5   79.5
 9 108 -151.5 -147.5
10 108 -151.5 -147.5
#
 0 109 -151.5 -147.5
 1 109 -151.5 -147.5
 2 109  -87.5  -49.5
 3 109  -79.5  -15.5
 4 109  -41.5   14.5
 5 109  -23.5   22.5
 6 109    2.5   38.5
 7 109   16.5   82.5
 8 109   49.5   81.5
 9 109 -151.5 -147.5
10 109 -151.5 -147.5
#
 0 110 -151.5 -147.5
 1 110 -151.5 -147.5
 2 110  -78.5  -40.5
 3 110  -77.5  -15.5
 4 110  -48.5    7.5
 5 110  -25.5   22.5
 6 110    2.5   38.5
 7 110   16.5   82.5
 8 110   52.5   84.5
 9 110 -151.5 -147.5
10 110 -151.5 -147.5
 0 111 -151.5 -147.5
 1 111 -151.5 -147.5
 2 111  -85.5  -47.5
 3 111  -82.5  -14.5
 4 111  -40.5   13.5
 5 111  -25.5   22.5
 6 111    2.5   38.5
 7 111   19.5   91.5
 8 111   54.5   86.5
 9 111 -151.5 -147.5
10 111 -151.5 -147.5
#
 0 112 -151.5 -147.5
 1 112 -151.5 -147.5
 2 112  -96.5  -52.5
 3 112  -84.5  -18.5
 4 112  -51.5    8.5
 5 112  -27.5   24.5
 6 112    0.5   42.5
 7 112   23.5   97.5
 8 112   58.5   92.5
 9 112 -151.5 -147.5
10 112 -151.5 -147.5
