#
 0 101  -24.5  -20.5
 1 101  -50.5  -46.5
 2 101  -44.5  -24.5
 3 101  -30.5   -2.5
 4 101  -19.5    0.5
 5 101   -7.5   10.5
 6 101    3.5   15.5
 7 101    9.5   41.5
 8 101   15.5   43.5
 9 101   46.5   52.5
10 101 -151.5 -147.5
#
 0 102   25.5   29.5
 1 102  -50.5  -44.5
 2 102  -43.5  -23.5
 3 102  -30.5   -0.5
 4 102  -17.5    4.5
 5 102   -9.5   10.5
 6 102    2.5   16.5
 7 102   10.5   42.5
 8 102   16.5   44.5
 9 102   41.5   45.5
10 102 -151.5 -147.5
#
 0 103  -26.5  -22.5
 1 103  -54.5  -50.5
 2 103  -45.5  -23.5
 3 103  -38.5   -6.5
 4 103  -20.5    3.5
 5 103  -10.5    9.5
 6 103    2.5   18.5
 7 103    9.5   45.5
 8 103   18.5   46.5
 9 103   -4.5   -0.5
10 103 -151.5 -147.5
#
 0 104  -28.5  -24.5
 1 104  -57.5  -51.5
 2 104  -50.5  -26.5
 3 104  -36.5   -2.5
 4 104  -23.5    2.5
 5 104  -10.5   11.5
 6 104    3.5   19.5
 7 104   12.5   50.5
 8 104   20.5   50.5
 9 104   52.5   60.5
10 104 -151.5 -147.5
#
 0 105  -28.5  -24.5
 1 105  -57.5  -51.5
 2 105  -48.5  -26.5
 3 105  -36.5   -0.5
 4 105  -21.5    6.5
 5 105   -9.5   14.5
 6 105    2.5   20.5
 7 105   12.5   50.5
 8 105   28.5   60.5
 9 105  -31.5  -27.5
10 105 -151.5 -147.5
#
 0 106  -30.5  -26.5
 1 106  -59.5  -55.5
 2 106  -54.5  -30.5
 3 106  -40.5   -4.5
 4 106  -23.5    4.5
 5 106  -12.5   13.5
 6 106    3.5   21.5
 7 106   10.5   52.5
 8 106   20.5   54.5
 9 106   -6.5   -2.5
10 106 -151.5 -147.5
#
 0 107  -44.5  -40.5
 1 107  -85.5  -81.5
 2 107  -77.5  -41.5
 3 107  -58.5    1.5
 4 107  -40.5    9.5
 5 107  -21.5   22.5
 6 107    4.5   36.5
 7 107   17.5   81.5
 8 107   31.5   85.5
 9 107   85.5   91.5
10 107 -151.5 -147.5
#
 0 108  -47.5  -43.5
 1 108  -92.5  -88.5
 2 108  -82.5  -44.5
 3 108  -65.5   -3.5
 4 108  -38.5   11.5
 5 108  -22.5   23.5
 6 108    5.5   37.5
 7 108   18.5   84.5
 8 108   32.5   88.5
 9 108   -9.5   -5.5
10 108 -151.5 -147.5
#
 0 109 -151.5 -147.5
 1 109  -97.5  -93.5
 2 109  -87.5  -49.5
 3 109  -71.5   -5.5
 4 109  -44.5   11.5
 5 109  -20.5   25.5
 6 109    2.5   38.5
 7 109   20.5   90.5
 8 109   34.5   92.5
 9 109  -10.5   -6.5
10 109 -151.5 -147.5
#
 0 110  -48.5  -44.5
 1 110  -95.5  -91.5
 2 110  -87.5  -47.5
 3 110  -72.5   -6.5
 4 110  -43.5   10.5
 5 110  -22.5   25.5
 6 110    4.5   38.5
 7 110   18.5   90.5
 8 110   34.5   92.5
 9 110   93.5  101.5
10 110 -151.5 -147.5
#
 0 111 -151.5 -147.5
 1 111 -151.5 -147.5
 2 111   26.5   30.5
 3 111   26.5   30.5
 4 111   26.5   30.5
 5 111   26.5   30.5
 6 111   17.5   21.5
 7 111   26.5   30.5
 8 111 -151.5 -147.5
 9 111 -151.5 -147.5
10 111 -151.5 -147.5
#
 0 112  -53.5  -49.5
 1 112 -105.5 -101.5
 2 112  -94.5  -50.5
 3 112  -70.5   -0.5
 4 112  -48.5   11.5
 5 112  -26.5   27.5
 6 112    4.5   42.5
 7 112   21.5   97.5
 8 112   38.5  100.5
 9 112  -58.5  -54.5
10 112 -151.5 -147.5
