# BH1seg BCin-Layer wpos-min wpos-max wpos-peak
#
# 0 101 -130.5 -128.5 -129.5
# 1 101  -71.5  -69.5  -70.5
 2 101  -36.5  -25.5  -28.5
 3 101  -26.5  -12.5  -15.5
 4 101  -12.5   -2.5   -5.5
 5 101   -4.5    4.5   -1.5
 6 101    5.5   12.5    9.5
 7 101   12.5   28.5   15.5
 8 101   26.5   36.5   28.5
# 9 101   45.5   50.5   47.5
#10 101 -130.5 -128.5 -129.5
#
# 0 102 -130.5 -128.5 -129.5
# 1 102   -6.5   -4.5   -5.5
 2 102  -37.5  -26.5  -29.5
 3 102  -27.5  -12.5  -16.5
 4 102  -12.5   -2.5   -6.5
 5 102   -5.5    4.5   -1.5
 6 102    5.5   13.5    9.5
 7 102   12.5   29.5   18.5
 8 102   27.5   38.5   29.5
# 9 102   45.5   50.5   47.5
#10 102 -130.5 -128.5 -129.5
#
# 0 103 -130.5 -128.5 -129.5
# 1 103  -17.5  -15.5  -16.5
 2 103  -40.5  -27.5  -30.5
 3 103  -29.5  -13.5  -18.5
 4 103  -14.5   -2.5   -8.5
 5 103   -5.5    4.5   -0.5
 6 103    5.5   13.5   10.5
 7 103   13.5   30.5   19.5
 8 103   28.5   39.5   31.5
# 9 103   47.5   49.5   48.5
#10 103 -130.5 -128.5 -129.5
#
# 0 104 -130.5 -128.5 -129.5
# 1 104   -6.5   -4.5   -5.5
 2 104  -42.5  -30.5  -33.5
 3 104  -31.5  -15.5  -19.5
 4 104  -15.5   -2.5   -7.5
 5 104   -6.5    5.5   -1.5
 6 104    6.5   15.5   11.5
 7 104   14.5   33.5   18.5
 8 104   31.5   42.5   34.5
# 9 104   51.5   55.5   52.5
#10 104 -130.5 -128.5 -129.5
#
# 0 105 -130.5 -128.5 -129.5
# 1 105   -6.5   -4.5   -5.5
 2 105  -43.5  -30.5  -34.5
 3 105  -32.5  -15.5  -19.5
 4 105  -15.5   -2.5   -8.5
 5 105   -6.5    5.5   -2.5
 6 105    7.5   15.5   10.5
 7 105   14.5   34.5   18.5
 8 105   32.5   42.5   35.5
# 9 105   52.5   56.5   54.5
#10 105 -130.5 -128.5 -129.5
#
# 0 106 -130.5 -128.5 -129.5
# 1 106  -21.5  -19.5  -20.5
 2 106  -46.5  -32.5  -35.5
 3 106  -34.5  -15.5  -21.5
 4 106  -16.5   -2.5  -12.5
 5 106   -7.5    5.5   -1.5
 6 106    6.5   16.5   12.5
 7 106   15.5   36.5   20.5
 8 106   33.5   45.5   38.5
# 9 106   -9.5   -7.5   -8.5
#10 106 -130.5 -128.5 -129.5
#
# 0 107 -130.5 -128.5 -129.5
# 1 107  -10.5   -8.5   -9.5
 2 107  -68.5  -48.5  -55.5
 3 107  -52.5  -23.5  -34.5
 4 107  -26.5   -3.5  -14.5
 5 107  -11.5   10.5   -2.5
 6 107   11.5   27.5   19.5
 7 107   24.5   56.5   33.5
 8 107   52.5   69.5   57.5
# 9 107   84.5   86.5   85.5
#10 107 -130.5 -128.5 -129.5
#
# 0 108 -130.5 -128.5 -129.5
# 1 108  -10.5   -8.5   -9.5
 2 108  -71.5  -50.5  -55.5
 3 108  -54.5  -24.5  -33.5
 4 108  -28.5   -3.5  -13.5
 5 108  -12.5   10.5   -2.5
 6 108   10.5   27.5   20.5
 7 108   24.5   58.5   35.5
 8 108   53.5   71.5   59.5
# 9 108  -21.5  -19.5  -20.5
#10 108 -130.5 -128.5 -129.5
#
# 0 109 -130.5 -128.5 -129.5
# 1 109  -11.5   -9.5  -10.5
 2 109  -76.5  -54.5  -61.5
 3 109  -57.5  -26.5  -36.5
 4 109  -29.5   -3.5  -18.5
 5 109  -12.5   10.5   -2.5
 6 109   12.5   29.5   21.5
 7 109   26.5   62.5   37.5
 8 109   56.5   75.5   63.5
# 9 109  -22.5  -20.5  -21.5
#10 109 -130.5 -128.5 -129.5
#
# 0 110 -130.5 -128.5 -129.5
# 1 110  -11.5   -9.5  -10.5
 2 110  -75.5  -52.5  -61.5
 3 110  -57.5  -25.5  -36.5
 4 110  -29.5   -3.5  -19.5
 5 110  -12.5   11.5   -2.5
 6 110   11.5   29.5   21.5
 7 110   27.5   61.5   36.5
 8 110   56.5   75.5   64.5
# 9 110   89.5   91.5   90.5
#10 110 -130.5 -128.5 -129.5
#
# 0 111 -130.5 -128.5 -129.5
# 1 111 -130.5 -128.5 -129.5
 2 111  -77.5  -54.5  -60.5
 3 111  -58.5  -26.5  -37.5
 4 111  -31.5   -3.5  -16.5
 5 111  -13.5   10.5    0.5
 6 111   11.5   29.5   21.5
 7 111   26.5   63.5   38.5
 8 111   58.5   77.5   66.5
# 9 111  -24.5  -22.5  -23.5
#10 111 -130.5 -128.5 -129.5
#
# 0 112 -130.5 -128.5 -129.5
# 1 112  -12.5  -10.5  -11.5
 2 112  -82.5  -57.5  -64.5
 3 112  -62.5  -28.5  -40.5
 4 112  -32.5   -4.5  -18.5
 5 112  -14.5   11.5   -2.5
 6 112   12.5   31.5   23.5
 7 112   29.5   67.5   36.5
 8 112   62.5   81.5   69.5
# 9 112   96.5   98.5   97.5
#10 112 -130.5 -128.5 -129.5
