# BH1seg BCin-Layer wpos-min wpos-max wpos-peak
#
# 0 101 -131.5 -127.5 -129.5
# 1 101  -72.5  -68.5  -70.5
 2 101  -44.5  -22.5  -28.5
 3 101  -37.5   -9.5  -15.5
 4 101  -19.5    0.5   -5.5
 5 101   -7.5   10.5   -1.5
 6 101    1.5   15.5    9.5
 7 101    9.5   41.5   15.5
 8 101   24.5   44.5   28.5
# 9 101   43.5   53.5   47.5
#10 101 -131.5 -127.5 -129.5
#
# 0 102 -131.5 -127.5 -129.5
# 1 102   -7.5   -3.5   -5.5
 2 102  -45.5  -23.5  -29.5
 3 102  -38.5   -8.5  -16.5
 4 102  -18.5    1.5   -6.5
 5 102   -9.5   10.5   -1.5
 6 102    1.5   17.5    9.5
 7 102    6.5   40.5   18.5
 8 102   25.5   47.5   29.5
# 9 102   43.5   53.5   47.5
#10 102 -131.5 -127.5 -129.5
#
# 0 103 -131.5 -127.5 -129.5
# 1 103  -18.5  -14.5  -16.5
 2 103  -50.5  -24.5  -30.5
 3 103  -40.5   -8.5  -18.5
 4 103  -20.5    3.5   -8.5
 5 103  -10.5    9.5   -0.5
 6 103    0.5   16.5   10.5
 7 103    7.5   41.5   19.5
 8 103   25.5   47.5   31.5
# 9 103   46.5   50.5   48.5
#10 103 -131.5 -127.5 -129.5
#
# 0 104 -131.5 -127.5 -129.5
# 1 104   -7.5   -3.5   -5.5
 2 104  -51.5  -27.5  -33.5
 3 104  -43.5  -11.5  -19.5
 4 104  -23.5    2.5   -7.5
 5 104  -11.5   12.5   -1.5
 6 104    1.5   19.5   11.5
 7 104   10.5   48.5   18.5
 8 104   28.5   50.5   34.5
# 9 104   50.5   58.5   52.5
#10 104 -131.5 -127.5 -129.5
#
# 0 105 -131.5 -127.5 -129.5
# 1 105   -7.5   -3.5   -5.5
 2 105  -52.5  -26.5  -34.5
 3 105  -45.5  -11.5  -19.5
 4 105  -22.5    3.5   -8.5
 5 105  -10.5   13.5   -2.5
 6 105    4.5   20.5   10.5
 7 105   10.5   50.5   18.5
 8 105   29.5   49.5   35.5
# 9 105   50.5   58.5   54.5
#10 105 -131.5 -127.5 -129.5
#
# 0 106 -131.5 -127.5 -129.5
# 1 106  -22.5  -18.5  -20.5
 2 106  -57.5  -29.5  -35.5
 3 106  -47.5   -9.5  -21.5
 4 106  -20.5    7.5  -12.5
 5 106  -13.5   12.5   -1.5
 6 106    0.5   20.5   12.5
 7 106   10.5   52.5   20.5
 8 106   28.5   52.5   38.5
# 9 106  -10.5   -6.5   -8.5
#10 106 -131.5 -127.5 -129.5
#
# 0 107 -131.5 -127.5 -129.5
# 1 107  -11.5   -7.5   -9.5
 2 107  -81.5  -41.5  -55.5
 3 107  -70.5  -12.5  -34.5
 4 107  -38.5    7.5  -14.5
 5 107  -20.5   23.5   -2.5
 6 107    3.5   35.5   19.5
 7 107   15.5   79.5   33.5
 8 107   47.5   81.5   57.5
# 9 107   83.5   87.5   85.5
#10 107 -131.5 -127.5 -129.5
#
# 0 108 -131.5 -127.5 -129.5
# 1 108  -11.5   -7.5   -9.5
 2 108  -87.5  -45.5  -55.5
 3 108  -75.5  -15.5  -33.5
 4 108  -43.5    6.5  -13.5
 5 108  -22.5   23.5   -2.5
 6 108    0.5   34.5   20.5
 7 108   13.5   81.5   35.5
 8 108   47.5   83.5   59.5
# 9 108  -22.5  -18.5  -20.5
#10 108 -131.5 -127.5 -129.5
#
# 0 109 -131.5 -127.5 -129.5
# 1 109  -12.5   -8.5  -10.5
 2 109  -91.5  -47.5  -61.5
 3 109  -78.5  -16.5  -36.5
 4 109  -40.5   11.5  -18.5
 5 109  -22.5   23.5   -2.5
 6 109    3.5   37.5   21.5
 7 109   15.5   87.5   37.5
 8 109   49.5   87.5   63.5
# 9 109  -23.5  -19.5  -21.5
#10 109 -131.5 -127.5 -129.5
#
# 0 110 -131.5 -127.5 -129.5
# 1 110  -12.5   -8.5  -10.5
 2 110  -89.5  -43.5  -61.5
 3 110  -78.5  -14.5  -36.5
 4 110  -39.5   12.5  -19.5
 5 110  -22.5   25.5   -2.5
 6 110    1.5   37.5   21.5
 7 110   18.5   86.5   36.5
 8 110   48.5   86.5   64.5
# 9 110   88.5   92.5   90.5
#10 110 -131.5 -127.5 -129.5
#
# 0 111 -131.5 -127.5 -129.5
# 1 111 -131.5 -127.5 -129.5
 2 111  -94.5  -48.5  -60.5
 3 111  -79.5  -15.5  -37.5
 4 111  -46.5    9.5  -16.5
 5 111  -27.5   20.5    0.5
 6 111    1.5   37.5   21.5
 7 111   14.5   88.5   38.5
 8 111   50.5   88.5   66.5
# 9 111  -25.5  -21.5  -23.5
#10 111 -131.5 -127.5 -129.5
#
# 0 112 -131.5 -127.5 -129.5
# 1 112  -13.5   -9.5  -11.5
 2 112 -100.5  -50.5  -64.5
 3 112  -84.5  -16.5  -40.5
 4 112  -46.5    9.5  -18.5
 5 112  -26.5   25.5   -2.5
 6 112    1.5   39.5   23.5
 7 112   22.5   98.5   36.5
 8 112   55.5   93.5   69.5
# 9 112   95.5   99.5   97.5
#10 112 -131.5 -127.5 -129.5
