# 
 0 101 -151.5 -147.5
 1 101  -85.5  -81.5
 2 101  -42.5  -24.5
 3 101  -32.5   -4.5
 4 101  -19.5    0.5
 5 101   -9.5    8.5
 6 101    2.5   16.5
 7 101    9.5   41.5
 8 101   16.5   42.5
 9 101   45.5   51.5
10 101   20.5   24.5
#
 0 102 -151.5 -147.5
 1 102  -94.5  -90.5
 2 102  -44.5  -24.5
 3 102  -36.5   -6.5
 4 102  -18.5    3.5
 5 102   -9.5   10.5
 6 102    2.5   16.5
 7 102    8.5   40.5
 8 102   16.5   44.5
 9 102   46.5   52.5
10 102   21.5   25.5
#
 0 103 -151.5 -147.5
 1 103 -112.5 -108.5
 2 103  -47.5  -25.5
 3 103  -38.5   -6.5
 4 103  -20.5    3.5
 5 103  -11.5    8.5
 6 103    2.5   18.5
 7 103    7.5   43.5
 8 103   18.5   46.5
 9 103   48.5   56.5
10 103   66.5   70.5
#
 0 104 -151.5 -147.5
 1 104 -127.5 -123.5
 2 104  -50.5  -26.5
 3 104  -36.5   -0.5
 4 104  -22.5    3.5
 5 104  -10.5   11.5
 6 104    4.5   20.5
 7 104   12.5   50.5
 8 104   20.5   50.5
 9 104   52.5   58.5
10 104   24.5   28.5
#
 0 105 -151.5 -147.5
 1 105 -129.5 -125.5
 2 105  -48.5  -26.5
 3 105  -36.5   -0.5
 4 105  -22.5    5.5
 5 105  -11.5   12.5
 6 105    2.5   20.5
 7 105   12.5   52.5
 8 105   25.5   57.5
 9 105   52.5   60.5
10 105   24.5   28.5
#
 0 106 -151.5 -147.5
 1 106  -17.5  -13.5
 2 106  -54.5  -30.5
 3 106  -41.5   -5.5
 4 106  -25.5    4.5
 5 106  -13.5   10.5
 6 106    2.5   20.5
 7 106   10.5   52.5
 8 106   22.5   54.5
 9 106   46.5   50.5
10 106   25.5   29.5
#
 0 107 -151.5 -147.5
 1 107  -31.5  -27.5
 2 107  -77.5  -41.5
 3 107  -58.5    1.5
 4 107  -36.5   11.5
 5 107  -22.5   21.5
 6 107    2.5   34.5
 7 107   16.5   80.5
 8 107   31.5   85.5
 9 107   55.5   59.5
10 107   42.5   46.5
#
 0 108 -151.5 -147.5
 1 108  -28.5  -24.5
 2 108  -82.5  -46.5
 3 108  -68.5   -6.5
 4 108  -44.5    7.5
 5 108  -21.5   24.5
 6 108    2.5   36.5
 7 108   16.5   84.5
 8 108   43.5   97.5
 9 108   57.5   61.5
10 108   43.5   47.5
#
 0 109 -151.5 -147.5
 1 109  -32.5  -28.5
 2 109  -87.5  -49.5
 3 109  -68.5   -2.5
 4 109  -42.5   13.5
 5 109  -22.5   25.5
 6 109    5.5   39.5
 7 109    9.5   81.5
 8 109   35.5   91.5
 9 109   59.5   63.5
10 109   47.5   51.5
#
 0 110 -151.5 -147.5
 1 110  -34.5  -30.5
 2 110  -85.5  -47.5
 3 110  -73.5   -7.5
 4 110  -45.5    8.5
 5 110  -25.5   22.5
 6 110    3.5   39.5
 7 110   20.5   90.5
 8 110   34.5   92.5
 9 110   57.5   61.5
10 110   53.5   57.5
#
 0 111 -151.5 -147.5
 1 111 -151.5 -147.5
 2 111   18.5   22.5
 3 111   26.5   30.5
 4 111   26.5   30.5
 5 111   18.5   22.5
 6 111   26.5   30.5
 7 111   26.5   30.5
 8 111   26.5   30.5
 9 111 -151.5 -147.5
10 111 -151.5 -147.5
#
 0 112 -151.5 -147.5
 1 112 -151.5 -147.5
 2 112  -94.5  -52.5
 3 112  -80.5  -10.5
 4 112  -46.5   13.5
 5 112  -26.5   23.5
 6 112    2.5   42.5
 7 112   18.5   94.5
 8 112   38.5   98.5
 9 112   62.5   66.5
10 112   51.5   55.5
