#
 0 101   -4.5   -0.5
 1 101  -57.5  -51.5
 2 101  -42.5  -24.5
 3 101  -30.5   -2.5
 4 101  -19.5    0.5
 5 101   -8.5    9.5
 6 101    3.5   17.5
 7 101    9.5   41.5
 8 101   17.5   43.5
 9 101   45.5   49.5
10 101   63.5   67.5
#
 0 102   -3.5    0.5
 1 102  -58.5  -52.5
 2 102  -44.5  -24.5
 3 102  -36.5   -6.5
 4 102  -16.5    5.5
 5 102   -9.5   10.5
 6 102    2.5   16.5
 7 102   10.5   42.5
 8 102   16.5   44.5
 9 102   46.5   52.5
10 102   62.5   66.5
#
 0 103   -4.5   -0.5
 1 103  -59.5  -55.5
 2 103  -47.5  -25.5
 3 103  -37.5   -5.5
 4 103  -22.5    1.5
 5 103  -10.5    9.5
 6 103    2.5   18.5
 7 103   10.5   46.5
 8 103   18.5   46.5
 9 103   52.5   56.5
10 103   66.5   70.5
#
 0 104   -9.5   -5.5
 1 104  -64.5  -60.5
 2 104  -50.5  -26.5
 3 104  -38.5   -2.5
 4 104  -22.5    3.5
 5 104  -10.5   11.5
 6 104    4.5   20.5
 7 104   12.5   50.5
 8 104   20.5   50.5
 9 104   56.5   60.5
10 104   70.5   74.5
#
 0 105   -4.5   -0.5
 1 105  -65.5  -61.5
 2 105  -48.5  -26.5
 3 105  -43.5   -7.5
 4 105  -22.5    5.5
 5 105   -9.5   14.5
 6 105    2.5   20.5
 7 105   12.5   52.5
 8 105   29.5   61.5
 9 105   54.5   60.5
10 105 -151.5 -147.5
#
 0 106   -4.5   -0.5
 1 106  -67.5  -61.5
 2 106  -54.5  -30.5
 3 106  -40.5   -2.5
 4 106  -21.5    6.5
 5 106  -13.5   10.5
 6 106    2.5   20.5
 7 106   10.5   52.5
 8 106   22.5   56.5
 9 106   55.5   61.5
10 106   73.5   77.5
#
 0 107   -4.5   -0.5
 1 107  -96.5  -92.5
 2 107  -78.5  -42.5
 3 107  -63.5   -1.5
 4 107  -35.5   12.5
 5 107  -22.5   21.5
 6 107    4.5   36.5
 7 107   18.5   80.5
 8 107   33.5   85.5
 9 107   83.5   89.5
10 107   96.5  100.5
#
 0 108   -4.5   -0.5
 1 108  -96.5  -92.5
 2 108  -82.5  -46.5
 3 108  -65.5   -3.5
 4 108  -38.5   13.5
 5 108  -23.5   22.5
 6 108    4.5   36.5
 7 108   17.5   83.5
 8 108   31.5   87.5
 9 108   88.5   94.5
10 108  101.5  105.5
#
 0 109   -4.5   -0.5
 1 109 -106.5 -102.5
 2 109  -87.5  -49.5
 3 109  -70.5   -2.5
 4 109  -40.5   13.5
 5 109  -22.5   25.5
 6 109    3.5   37.5
 7 109   13.5   83.5
 8 109   33.5   91.5
 9 109   94.5  100.5
10 109  105.5  109.5
#
 0 110   -4.5   -0.5
 1 110 -103.5  -99.5
 2 110  -85.5  -47.5
 3 110  -74.5   -8.5
 4 110  -40.5   13.5
 5 110  -25.5   22.5
 6 110    4.5   38.5
 7 110   18.5   90.5
 8 110   34.5   92.5
 9 110   91.5   97.5
10 110  102.5  106.5
#
 0 111 -151.5 -147.5
 1 111 -151.5 -147.5
 2 111   18.5   22.5
 3 111   26.5   30.5
 4 111   26.5   30.5
 5 111   26.5   30.5
 6 111   26.5   30.5
 7 111   26.5   30.5
 8 111   26.5   30.5
 9 111 -151.5 -147.5
10 111 -151.5 -147.5
#
 0 112   -5.5   -1.5
 1 112 -111.5 -107.5
 2 112  -94.5  -52.5
 3 112  -82.5   -8.5
 4 112  -46.5   13.5
 5 112  -25.5   26.5
 6 112    5.5   43.5
 7 112   18.5   94.5
 8 112   38.5  100.5
 9 112  102.5  106.5
10 112  111.5  115.5
